event_id,network,station,location,channel,p_polarity,takeoff,takeoff_uncertainty,azimuth,azimuth_uncertainty,sr_dist_km
nc71113514,NC,MDH1,1.0,DP1,1,124.0,,262.7,,4.756918959948
nc71113514,NC,MDR,2.0,EHZ,-1,118.0,,161.9,,5.514156410094
nc71113514,NC,MCB,,HHZ,1,117.0,,218.9,,5.822166356776
nc71113514,CI,MLAC,,HHZ,1,114.0,,164.5,,6.335886917668001
nc71113514,NC,MGPB,,EHZ,1,107.0,,212.5,,7.786980709798
nc71113514,NC,MLC,,EHZ,1,101.0,,213.0,,9.682854208328
nc71113514,NC,MCO,,EHZ,1,109.0,,185.2,,7.376671430643999
nc71113514,NC,MCV,,EHZ,1,98.0,,167.7,,10.811482713318
nc71113514,NC,MMX1,,HN3,1,95.0,,230.6,,11.92009613152
nc71116674,NC,MGPB,,EHZ,-1,164.0,,254.6,,1.713513818906
nc71116674,NC,MCB,,HHZ,-1,162.0,,324.8,,1.93479172284
nc71116674,NC,MCO,,EHZ,-1,160.0,,123.6,,2.24613751732
nc71116674,NC,MLC,,EHZ,-1,151.0,,233.8,,3.400340855428
nc71116674,NC,MDR,2.0,EHZ,1,144.0,,78.5,,4.349945528592
nc71116674,NC,MCV,,EHZ,-1,130.0,,132.6,,6.594971096646001
nc71116674,NC,MMP,,EHZ,1,106.0,,259.9,,12.96532844156
nc71116674,NC,MINS,,HHZ,1,103.0,,279.6,,15.82303805518
nc71116774,NC,MCO,,EHZ,-1,149.0,,134.3,,3.02450200352
nc71116774,NC,MLC,,EHZ,-1,142.0,,220.4,,3.7784036058680006
nc71116774,NC,MDR,2.0,EHZ,1,136.0,,90.0,,4.556768092068
nc71116774,NC,MLH,,EHZ,1,118.0,,54.7,,7.825898934108
nc71116774,NC,MMP,,EHZ,1,99.0,,255.8,,12.85413351496
nc71116774,NC,MINS,,HHZ,1,98.0,,276.6,,15.41161682676
nc71116774,NC,MDC,2.0,EHZ,1,98.0,,300.5,,15.77856008454
nc71116774,NC,MMT,,EHZ,1,79.0,,221.6,,38.89598532468
nc71116974,NC,MCO,,EHZ,-1,159.0,,158.8,,2.442952537402
nc71116974,NC,MGPB,,EHZ,-1,155.0,,240.5,,3.03006174985
nc71116974,NC,MDR,2.0,EHZ,-1,153.0,,93.0,,3.281362283966
nc71116974,CI,MLAC,,HHZ,-1,152.0,,107.6,,3.421467891482
nc71116974,NC,MLC,,EHZ,-1,142.0,,230.7,,4.81474032178
nc71116974,NC,MCV,,EHZ,-1,131.0,,144.9,,6.72173331297
nc71118679,NC,MCO,,EHZ,-1,160.0,,120.3,,2.54080407281
nc71118679,NC,MCS,,EHZ,-1,155.0,,329.8,,3.134584980854
nc71118679,NC,MLC,,EHZ,-1,155.0,,229.8,,3.1690554081
nc71118679,CI,MLAC,,HHZ,-1,146.0,,90.4,,4.571223432526001
nc71118679,NC,MMX1,,HN3,1,135.0,,256.8,,6.52158244509
nc71118679,NC,MCV,,EHZ,-1,133.0,,131.0,,6.86072697122
nc71118679,NC,MLH,,EHZ,1,126.0,,50.2,,8.355186784724
nc71118679,NC,MINS,,HHZ,1,108.0,,279.7,,15.50057276804
nc71118679,NC,MDC,2.0,EHZ,1,107.0,,303.1,,16.18998131296
nc71119289,NC,MCB,,HHZ,1,166.0,,288.8,,0.8855563954424001
nc71119289,NC,MLC,,EHZ,-1,128.0,,216.7,,4.11977203053
nc71119289,NC,MLH,,EHZ,1,107.0,,57.3,,7.575710349257999
nc71120694,NC,MLC,,EHZ,1,149.0,,258.8,,2.230570227596
nc71120694,NC,MCO,,EHZ,1,147.0,,82.2,,2.455183979328
nc71120694,NC,MCB,,HHZ,1,140.0,,350.0,,3.201301936814
nc71122324,NC,MMP,,EHZ,1,147.0,,161.5,,2.298399132822
nc71122324,NC,MQ1P,,EHZ,1,147.0,,143.1,,2.300623031354
nc71122324,NC,MINS,,HHZ,-1,135.0,,322.2,,3.438147130472
nc71122324,NC,MDPB,,HHZ,1,131.0,,275.0,,3.752828772750001
nc71122324,NC,MDC,2.0,EHZ,1,103.0,,357.3,,8.930064555246
nc71122324,NC,MMT,,EHZ,-1,77.0,,204.1,,30.81211416086
nc71122559,NC,MMP,,EHZ,-1,136.0,,151.1,,2.300623031354
nc71122559,NC,MQ1P,,EHZ,1,135.0,,133.5,,2.432944994008
nc71122559,NC,MINS,,HHZ,1,123.0,,329.1,,3.359198732586
nc71122559,NC,MDPB,,HHZ,-1,123.0,,278.4,,3.392557210566
nc71122559,NC,MDC,2.0,EHZ,1,94.0,,359.7,,9.086849401752
nc71122564,NC,MMP,,EHZ,-1,115.0,,147.9,,2.61864052143
nc71122564,NC,MQ1P,,EHZ,-1,113.0,,132.6,,2.775425367936
nc71122564,NC,MINS,,HHZ,1,111.0,,331.6,,3.043405141042
nc71122564,NC,MDPB,,HHZ,1,110.0,,275.4,,3.090107010214
nc71123009,NC,MCV,,EHZ,1,150.0,,203.3,,2.91886682325
nc71123009,NC,MDR,2.0,EHZ,-1,147.0,,326.5,,3.171279306632
nc71123009,NC,MCO,,EHZ,-1,139.0,,277.4,,4.179817290894
nc71123009,NC,MLC,,EHZ,1,114.0,,268.5,,8.769943860942
nc71123139,NC,MCV,,EHZ,-1,136.0,,359.0,,4.59235046858
nc71123139,NC,MCO,,EHZ,-1,115.0,,338.6,,8.38965721197
nc71123139,CI,MLAC,,HHZ,-1,113.0,,355.6,,9.075729909092
nc71123139,NC,MDR,2.0,EHZ,-1,110.0,,356.1,,9.93526669171
nc71123139,NC,MLC,,EHZ,-1,109.0,,312.6,,10.432308013612
nc71123139,NC,MGPB,,EHZ,1,107.0,,322.6,,10.834833647904
nc71123139,NC,MCB,,HHZ,1,100.0,,330.4,,12.231441926
nc71123139,NC,MCS,,EHZ,1,99.0,,330.0,,13.63249800116
nc71123139,NC,MMX1,,HN3,-1,99.0,,303.3,,13.88824633234
nc71123139,NC,MLH,,EHZ,1,99.0,,4.6,,14.46645995066
nc71123139,NC,MEM,,EHZ,-1,98.0,,323.0,,16.334534717540002
nc71123139,NC,MMP,,EHZ,1,96.0,,291.1,,18.96985447796
nc71123139,NC,MDY,,HHZ,1,95.0,,306.9,,20.28195461184
nc71123139,NC,MINS,,HHZ,-1,86.0,,299.8,,23.64004139516
nc71123139,NC,MDPB,,HHZ,-1,85.0,,292.9,,24.05146262358
nc71123139,NC,MDC,2.0,EHZ,-1,84.0,,313.6,,25.98625434642
nc71123139,NC,MMT,,EHZ,1,79.0,,238.4,,36.5275333881
nc71123184,NC,MCO,,EHZ,-1,112.0,,341.5,,16.979465291820002
nc71123184,NC,MLC,,EHZ,1,111.0,,327.0,,18.31380441102
nc71123184,NC,MDR,2.0,EHZ,-1,110.0,,350.7,,18.44723832294
nc71123184,NC,MCB,,HHZ,1,107.0,,336.2,,20.69337584026
nc71123184,NC,MMX1,,HN3,-1,106.0,,318.9,,21.149275039320003
nc71123184,NC,MCS,,EHZ,1,105.0,,335.5,,22.0721929301
nc71123184,NC,MLH,,EHZ,-1,104.0,,357.1,,22.7393624897
nc71123184,NC,MQ1P,,EHZ,1,103.0,,308.6,,24.77422964648
nc71123184,NC,MDPB,,HHZ,1,99.0,,305.8,,30.16718358658
nc71123184,NC,MDC,2.0,EHZ,1,97.0,,321.2,,33.66982377448
nc71123184,NC,MMT,,EHZ,1,96.0,,252.0,,35.17095528358001
nc71123319,NP,1576,10.0,HNZ,1,129.0,,7.7,,7.905959281259999
nc71123319,NC,MCV,,EHZ,-1,116.0,,330.8,,11.58651135172
nc71123319,CI,MLAC,,HHZ,-1,108.0,,336.7,,15.86751602582
nc71123319,NC,MCO,,EHZ,-1,108.0,,327.1,,15.88975501114
nc71123319,NC,MDR,2.0,EHZ,-1,107.0,,338.0,,16.65700000468
nc71123319,NC,MLC,,EHZ,-1,106.0,,313.5,,18.2915654257
nc71123319,NC,MGPB,,EHZ,-1,105.0,,319.3,,18.64738919082
nc71123319,NC,MCB,,HHZ,-1,104.0,,324.3,,19.91501135406
nc71123319,NC,MLH,,EHZ,-1,103.0,,347.5,,20.41538852376
nc71123319,NC,MCS,,EHZ,-1,102.0,,324.4,,21.31606742922
nc71123319,NC,MMX1,,HN3,-1,101.0,,307.5,,21.64965220902
nc71123319,NC,MEM,,EHZ,-1,99.0,,320.4,,24.14041856486
nc71123324,NC,MCB,,HNZ,-1,165.0,,9.9,,1.6979465291820002
nc71123324,NC,MCO,,EHZ,1,151.0,,109.3,,3.4804012025800004
nc71123324,NC,MDH1,,DP1,-1,137.0,,352.3,,5.64870227128
nc71123324,NC,MMP,,EHZ,1,113.0,,259.1,,11.55315287374
nc71123324,NC,MDPB,,HHZ,1,105.0,,271.2,,15.82303805518
nc71123324,NC,MMT,,EHZ,1,91.0,,221.3,,37.42821229356
nc71123339,NC,MLC,,EHZ,-1,106.0,,321.8,,13.15435981678
nc71123339,NC,MMX1,,HN3,1,104.0,,312.1,,16.26781776158
nc71123369,NC,MTU,2.0,EHZ,1,137.0,,216.0,,6.8263
nc71123369,NC,MFB,,EHZ,1,130.0,,69.4,,8.403
nc71123369,NC,MCD,,EHZ,-1,110.0,,22.1,,17.4131
nc71123369,NP,1589,10.0,HNZ,1,110.0,,105.6,,17.402
nc71123369,NC,MCV,,EHZ,1,95.0,,307.3,,34.4927
nc71123369,NC,MLC,,EHZ,1,93.0,,303.7,,42.1318
nc71123369,NC,MDPB,,HHZ,1,90.0,,297.4,,55.7976
nc71123369,NC,MMT,,EHZ,1,90.0,,267.3,,58.6887
nc71123369,BK,TOLH,0.0,HHZ,1,87.0,,238.7,,96.2392
nc71123444,NC,MMP,,EHZ,-1,175.0,,245.0,,0.6039
nc71123444,NC,MDPB,,HHZ,1,144.0,,294.2,,5.5008
nc71123444,NC,MMX1,,HN3,1,143.0,,84.1,,5.5698
nc71123444,NC,MINS,,HHZ,-1,142.0,,323.9,,5.7454
nc71123444,NC,MLC,,EHZ,1,126.0,,89.9,,9.4682
nc71123444,NC,MGPB,,EHZ,1,122.0,,81.5,,10.6769
nc71123444,NC,MCB,,HHZ,1,119.0,,71.9,,11.6643
nc71123444,NC,MCO,,EHZ,1,113.0,,86.8,,14.1106
nc71123444,CI,MLAC,,HHZ,-1,111.0,,82.9,,16.5903
nc71123444,NC,MDR,2.0,EHZ,1,110.0,,80.0,,16.7237
nc71123444,NC,MCV,,EHZ,1,110.0,,98.1,,17.2575
nc71123444,NC,MMT,,EHZ,-1,97.0,,207.9,,29.6446
nc71123444,NC,MPR,,EHZ,-1,88.0,,284.1,,90.0123
nc71123579,NC,MCV,,EHZ,-1,114.0,,242.4,,4.559
nc71123579,NC,MDR,2.0,EHZ,1,106.0,,304.8,,5.6443
nc71123579,NC,MLC,,EHZ,-1,90.0,,271.7,,11.6532
nc71123894,BK,TOLH,0.0,HHZ,1,86.0,,243.8,,103.9895
nc71123894,NC,MFB,,EHZ,-1,132.0,,335.8,,7.7136
nc71123894,NC,MTU,2.0,EHZ,1,111.0,,264.6,,15.1559
nc71123894,NC,MCD,,EHZ,1,105.0,,347.6,,20.6934
nc71123894,NC,MRC,,EHZ,-1,94.0,,343.7,,35.6157
nc71123894,NC,MCV,,EHZ,1,92.0,,303.0,,45.9013
nc71123894,NC,MDR,2.0,EHZ,1,91.0,,307.9,,49.4484
nc71123894,NC,MLH,,EHZ,1,91.0,,313.2,,50.9495
nc71123894,NC,MGPB,,EHZ,-1,90.0,,302.9,,53.5404
nc71123894,NC,MLC,,EHZ,1,90.0,,300.9,,53.6627
nc71123894,NC,MEM,,EHZ,1,90.0,,304.8,,58.7109
nc71123894,NC,MDPB,,HHZ,1,89.0,,296.3,,67.5064
nc71123894,NC,MMT,,EHZ,1,89.0,,271.2,,69.697
nc71123894,BK,MMI,0.0,HHZ,-1,85.0,,273.3,,119.7569
nc71123894,NC,MMI,,EHZ,1,85.0,,273.3,,119.7569
nc71123894,NP,1589,10.0,HNZ,1,142.0,,96.0,,5.7388
nc71123894,NC,MCS,,EHZ,-1,90.0,,305.5,,55.5307
nc71123894,NC,MPR,,EHZ,1,83.0,,289.3,,151.2251
nc71123914,NC,MMX1,,HN3,1,161.0,,52.6,,2.3407
nc71123914,NC,MQ1P,,EHZ,1,151.0,,284.8,,3.695
nc71123914,NC,MMP,,EHZ,1,148.0,,278.1,,4.2688
nc71123914,NC,MLC,,EHZ,1,138.0,,81.5,,5.8522
nc71123914,NC,MGPB,,EHZ,1,131.0,,70.6,,7.2944
nc71123914,NC,MCS,,EHZ,1,125.0,,49.6,,8.6832
nc71123914,NC,MINS,,HHZ,1,124.0,,308.0,,8.9512
nc71123914,NC,MDPB,,HHZ,1,123.0,,289.7,,9.2347
nc71123914,NC,MCO,,EHZ,1,119.0,,81.0,,10.5357
nc71123914,NC,MDC,2.0,EHZ,-1,110.0,,335.4,,12.8764
nc71123914,CI,MLAC,,HHZ,1,110.0,,77.3,,13.0988
nc71123914,NC,MDR,2.0,EHZ,1,110.0,,73.6,,13.3323
nc71123914,NC,MCV,,EHZ,1,110.0,,96.7,,13.4991
nc71123914,NC,MBS1,,EP1,-1,106.0,,10.4,,17.68
nc71123914,NC,MMT,,EHZ,-1,94.0,,214.7,,30.8455
nc71123919,NC,MCV,,EHZ,-1,144.0,,358.1,,8.443
nc71123919,NC,MCO,,EHZ,-1,130.0,,344.4,,12.098
nc71123919,NC,MLC,,EHZ,-1,128.0,,324.2,,13.4435
nc71123919,NC,MGPB,,EHZ,-1,127.0,,331.5,,14.1774
nc71123919,NC,MMX1,,HN3,-1,124.0,,314.2,,16.4568
nc71123919,NC,MCB,,HHZ,-1,125.0,,336.7,,15.7674
nc71123919,NC,MDPB,,HHZ,-1,111.0,,300.6,,25.9529
nc71123919,NC,MMT,,EHZ,1,104.0,,243.9,,34.8374
nc71123919,NC,MEM,,EHZ,-1,119.0,,329.4,,19.637
nc71123919,NC,MMLB,,HHZ,1,117.0,,320.2,,21.027
nc71123919,NC,MDC,2.0,EHZ,-1,108.0,,318.9,,28.8996
nc71123919,NC,MMI,,EHZ,1,91.0,,262.9,,81.8728
nc71123919,BK,TOLH,0.0,HHZ,-1,91.0,,221.2,,83.1182
nc71124174,NC,MCO,,EHZ,-1,162.0,,181.9,,2.0371
nc71124174,NC,MDR,2.0,EHZ,1,160.0,,88.3,,2.3218
nc71124174,NC,MCB,,HHZ,-1,153.0,,284.4,,3.159
nc71124174,NC,MLC,,EHZ,-1,138.0,,239.1,,5.4619
nc71124174,NC,MLH,,EHZ,1,134.0,,42.2,,6.188
nc71124174,NC,MMP,,EHZ,1,105.0,,258.2,,15.0224
nc71124174,NC,MDC,2.0,EHZ,-1,103.0,,297.0,,17.7689
nc71124434,NC,MCV,,EHZ,-1,112.0,,57.7,,4.9793
nc71124434,NC,MCO,,EHZ,-1,106.0,,11.8,,5.9901
nc71124434,NC,MLC,,EHZ,-1,106.0,,326.5,,6.1268
nc71124434,NC,MGPB,,EHZ,1,101.0,,341.0,,7.0375
nc71124434,NC,MDR,2.0,EHZ,-1,97.0,,24.3,,8.751
nc71124434,NC,MLH,,EHZ,1,89.0,,23.5,,13.6214
nc71124589,NC,MCV,,EHZ,-1,164.0,,184.9,,0.6284
nc71124879,NC,MCV,,EHZ,-1,137.0,,3.2,,4.0608
nc71124879,NC,MCO,,EHZ,-1,115.0,,339.3,,7.777
nc71124879,NC,MDR,2.0,EHZ,-1,109.0,,357.7,,9.3826
nc71124879,NC,MLC,,EHZ,-1,107.0,,311.5,,9.843
nc71124879,NC,MGPB,,EHZ,1,106.0,,322.2,,10.221
nc71125114,NC,MLC,,EHZ,1,164.0,,62.9,,1.6568
nc71125114,NC,MGPB,,EHZ,1,148.0,,48.0,,3.4515
nc71125114,NC,MCB,,HHZ,1,135.0,,35.5,,5.3329
nc71125114,NC,MEM,,EHZ,1,126.0,,354.2,,6.774
nc71125114,NC,MCV,,EHZ,-1,116.0,,100.6,,9.2447
nc71125114,NC,MDR,2.0,EHZ,1,116.0,,66.8,,9.227
nc71125114,NC,MINS,,HHZ,-1,103.0,,295.4,,12.5873
nc71125114,NC,MDPB,,HHZ,-1,102.0,,283.0,,13.3545
nc71125114,NC,MCS,,EHZ,1,131.0,,22.7,,5.9667
nc71125114,NC,MMT,,EHZ,1,93.0,,220.7,,33.5809
nc71125294,NC,MRC,,EHZ,1,109.0,,10.7,,28.2769
nc71125294,NC,MCV,,EHZ,1,107.0,,308.7,,29.6668
nc71125294,NC,MCO,,EHZ,1,105.0,,309.8,,34.0145
nc71125294,NC,MLC,,EHZ,1,103.0,,304.4,,37.2614
nc71125294,NC,MMT,,EHZ,-1,96.0,,264.6,,54.53
nc71125294,BK,MMI,0.0,HHZ,-1,88.0,,270.1,,104.2119
nc71125294,NC,MMI,,EHZ,1,88.0,,270.1,,104.2119
nc71125294,NC,MPR,,EHZ,1,86.0,,288.8,,134.6571
nc71125464,NC,MCS,,EHZ,-1,157.0,,98.2,,2.1761
nc71125464,NC,MDH1,,DP1,1,148.0,,37.4,,3.0912
nc71125464,NC,MGPB,,EHZ,-1,139.0,,145.6,,4.2532
nc71125464,NC,MLC,,EHZ,1,132.0,,165.5,,5.225
nc71125464,NC,MCO,,EHZ,-1,120.0,,126.0,,7.3233
nc71125464,NC,MDR,2.0,EHZ,-1,115.0,,104.8,,8.6054
nc71125464,NC,MMP,,EHZ,-1,109.0,,238.5,,10.1988
nc71125464,NC,MINS,,HHZ,1,105.0,,267.9,,11.5532
nc71125959,NC,MCV,,EHZ,-1,160.0,,87.2,,1.5823
nc71125959,NC,MLC,,EHZ,-1,117.0,,292.9,,6.5394
nc71125974,NC,MCV,,EHZ,1,99.0,,9.7,,12.2426
nc71125974,NC,MLC,,EHZ,1,98.0,,339.2,,15.5339
nc71125974,NC,MDR,2.0,EHZ,1,97.0,,4.9,,17.4465
nc71125974,NC,MLH,,EHZ,1,86.0,,8.6,,22.1389
nc71125974,NC,MMT,,EHZ,1,80.0,,248.0,,31.2124
nc71125974,NP,1576,10.0,HNZ,-1,99.0,,41.9,,13.1877
nc71125974,NC,MCO,,EHZ,1,98.0,,356.6,,15.3115
nc71125974,NC,MDPB,,HHZ,1,83.0,,310.1,,26.1197
nc71125984,NC,MCO,,EHZ,1,125.0,,318.6,,10.9683
nc71125984,NC,MDR,2.0,EHZ,-1,124.0,,334.8,,11.4086
nc71125984,NC,MLC,,EHZ,-1,117.0,,302.2,,14.0328
nc71125984,NC,MGPB,,EHZ,1,117.0,,310.0,,14.055
nc71125984,NC,MLH,,EHZ,-1,116.0,,348.5,,15.1336
nc71125984,NC,MCS,,EHZ,-1,114.0,,318.0,,16.4568
nc71125984,NC,MMLB,,HHZ,-1,107.0,,306.0,,21.6163
nc71125984,NC,MDPB,,HHZ,-1,101.0,,290.3,,28.1101
nc71125984,NC,MTU,2.0,EHZ,-1,101.0,,138.0,,28.6994
nc71125984,NC,MDC,2.0,EHZ,-1,100.0,,308.6,,29.4222
nc71125984,NC,MMT,,EHZ,1,95.0,,242.0,,39.9746
nc71125984,BK,MMI,0.0,HHZ,1,89.0,,261.0,,86.3206
nc71125984,NC,MEM,,EHZ,1,110.0,,313.9,,19.4369
nc71125984,BK,TOLH,0.0,HHZ,-1,88.0,,221.7,,88.3555
nc71126004,NC,MCV,,EHZ,1,140.0,,320.1,,6.8162
nc71126004,CI,MLAC,,HHZ,-1,125.0,,332.8,,10.8915
nc71126004,NC,MLC,,EHZ,1,116.0,,302.8,,14.2441
nc71126004,NC,MMP,,EHZ,-1,104.0,,288.7,,23.2286
nc71126004,NC,MINS,,HHZ,1,101.0,,296.5,,27.732
nc71126004,NC,MDPB,,HHZ,1,101.0,,290.7,,28.2769
nc71126004,NC,MDC,2.0,EHZ,1,99.0,,308.8,,29.6446
nc71126004,BK,MMI,0.0,HHZ,1,89.0,,261.1,,86.3873
nc71126004,NC,MDR,2.0,EHZ,-1,122.0,,334.8,,11.6532
nc71126004,NC,MRC,,EHZ,1,101.0,,58.7,,28.099
nc71126004,NC,MTU,2.0,EHZ,-1,100.0,,137.8,,28.4659
nc71126004,NC,MMT,,EHZ,1,95.0,,242.4,,39.9635
nc71126114,NC,MCV,,EHZ,1,92.0,,16.9,,12.8986
nc71126114,NC,MGPB,,EHZ,1,94.0,,350.5,,16.5792
nc71126114,NC,MDR,2.0,EHZ,1,85.0,,10.1,,17.9469
nc71126114,NC,MQ1P,,EHZ,-1,84.0,,318.5,,19.9039
nc71126114,NC,MMP,,EHZ,-1,84.0,,316.5,,20.0929
nc71126114,NC,MDY,,HHZ,1,83.0,,328.2,,23.451
nc71126114,NC,MDPB,,HHZ,-1,82.0,,313.0,,25.0411
nc71126114,NC,MINS,,HHZ,-1,81.0,,319.4,,25.6304
nc71126114,NC,MMT,,EHZ,1,79.0,,247.3,,29.5556
nc71126114,NC,MDC,2.0,EHZ,-1,78.0,,329.8,,29.7113
nc71126114,NC,MTU,2.0,EHZ,-1,78.0,,117.1,,30.6564
nc71126244,NC,MCO,,EHZ,-1,162.0,,343.6,,1.8514
nc71126244,NC,MDR,2.0,EHZ,1,142.0,,25.6,,4.3055
nc71126244,NC,MLC,,EHZ,-1,136.0,,281.2,,5.2451
nc71126249,NC,MCS,,EHZ,1,163.0,,161.2,,1.2465
nc71126249,NC,MDH,,HNZ,1,159.0,,4.8,,1.5879
nc71126249,NC,MDH1,1.0,DP1,1,159.0,,4.8,,1.5879
nc71126249,NC,MEM,,EHZ,-1,147.0,,271.3,,2.5986
nc71126249,NC,MGPB,,EHZ,1,129.0,,171.5,,4.4244
nc71126249,NC,MLC,,EHZ,1,119.0,,184.2,,5.9423
nc71126249,NC,MMLB,,HHZ,-1,118.0,,263.3,,6.1068
nc71126249,NC,MCO,,EHZ,-1,115.0,,141.1,,6.6439
nc71126249,NC,MDR,2.0,EHZ,-1,112.0,,115.0,,7.2477
nc71126249,CI,MLAC,,HHZ,-1,110.0,,121.0,,7.6391
nc71126249,NC,MCV,,EHZ,-1,100.0,,139.5,,11.0272
nc71126249,NC,MDC,2.0,EHZ,-1,92.0,,293.0,,12.5984
nc71126249,NC,MDPB,,HHZ,-1,93.0,,256.1,,15.3671
nc71126249,NC,MDY,,HHZ,-1,106.0,,264.7,,9.0235
nc71126249,NC,MCY,,EHZ,-1,100.0,,256.5,,10.7803
nc71126249,NC,MQ1P,,EHZ,1,98.0,,239.1,,11.4086
nc71126249,NC,MMP,,EHZ,1,92.0,,239.3,,12.1425
nc71126249,NC,MINS,,HHZ,-1,92.0,,264.4,,13.3545
nc71126464,NC,MCV,,EHZ,-1,106.0,,8.5,,11.0795
nc71126464,NC,MCO,,EHZ,-1,98.0,,354.6,,14.233
nc71126464,CI,MLAC,,HHZ,1,98.0,,3.8,,15.445
nc71126464,NC,MGPB,,EHZ,1,98.0,,342.1,,15.723
nc71126464,NC,MDR,2.0,EHZ,-1,97.0,,3.7,,16.3123
nc71126464,NC,MCS,,EHZ,1,96.0,,344.3,,18.8587
nc71126464,NC,MLH,,EHZ,-1,94.0,,7.9,,20.9825
nc71126464,NC,MMLB,,HHZ,1,86.0,,328.2,,21.9388
nc71126464,NC,MDPB,,HHZ,1,84.0,,307.6,,25.7527
nc71126464,NC,MMT,,EHZ,1,80.0,,246.5,,32.0353
nc71126464,BK,MMI,0.0,HHZ,-1,78.0,,264.5,,79.6823
nc71126544,NC,MCO,,EHZ,-1,161.0,,117.9,,2.3829
nc71126544,NC,MDR,2.0,EHZ,1,147.0,,77.5,,4.6068
nc71126544,NC,MLC,,EHZ,1,156.0,,233.2,,3.1346
nc71126544,NC,MCV,,EHZ,1,135.0,,130.4,,6.6862
nc71126544,NC,MLH,,EHZ,1,128.0,,48.9,,8.3952
nc71126544,NC,MINS,,HHZ,1,109.0,,280.2,,15.6118
nc71126544,NC,MDC,2.0,EHZ,1,108.0,,303.4,,16.3457
nc71126544,NC,MDPB,,HHZ,1,108.0,,271.3,,17.0017
nc71126649,NC,MLC,,EHZ,1,150.0,,114.9,,3.7651
nc71126649,NC,MEM,,EHZ,1,145.0,,15.8,,4.5835
nc71126649,NC,MCS,,EHZ,1,140.0,,53.2,,5.3073
nc71126649,NC,MCO,,EHZ,1,127.0,,95.8,,8.0794
nc71126649,NC,MDC,2.0,EHZ,1,110.0,,320.2,,12.0758
nc71126649,NC,MDH1,,DP1,-1,131.0,,33.8,,7.1454
nc71126749,NC,MCV,,EHZ,-1,107.0,,15.2,,8.5754
nc71126749,NC,MCO,,EHZ,-1,98.0,,356.4,,11.5087
nc71126749,NC,MLC,,EHZ,-1,96.0,,333.6,,11.9868
nc71126749,NC,MDR,2.0,EHZ,-1,92.0,,6.9,,13.6992
nc71126749,NC,MDH,,HNZ,-1,85.0,,345.4,,18.8475
nc71126944,NC,MCV,,EHZ,1,144.0,,182.0,,4.7914
nc71126944,NC,MLC,,EHZ,1,127.0,,253.2,,8.1239
nc71126944,NC,MDC,2.0,EHZ,-1,101.0,,294.3,,20.7601
nc71126999,NC,MCV,,EHZ,-1,121.0,,4.5,,7.2966
nc71126999,NC,MCO,,EHZ,-1,109.0,,347.1,,10.7626
nc71126999,NC,MLC,,EHZ,-1,101.0,,324.3,,11.9979
nc71126999,NC,MDR,2.0,EHZ,-1,101.0,,359.9,,12.5984
nc71126999,NC,MLH,,EHZ,1,98.0,,6.1,,17.2019
nc73473241,NC,MCV,,EHZ,-1,63.0,,1.9,,8.202849735282001
nc73473241,CI,MLAC,,HHZ,1,63.0,,358.5,,12.66510213974
nc73473241,NC,MLC,,EHZ,-1,63.0,,325.5,,12.93196996358
nc73473241,NC,MDR,2.0,EHZ,-1,63.0,,358.6,,13.52130307456
nc73473241,NC,MGPB,,EHZ,1,62.0,,333.0,,13.71033444978
nc73473241,NC,MQ1P,,EHZ,1,61.0,,302.9,,19.859413890760003
nc73473261,NC,MCV,,EHZ,-1,152.0,,266.0,,2.9021875842600005
nc73473261,NC,MDR,2.0,EHZ,1,128.0,,325.8,,6.196893259418
nc73473261,NC,MCO,,EHZ,-1,126.0,,297.2,,6.61053838637
nc73473261,NC,MCB,,HHZ,-1,110.0,,303.5,,10.620227439566
nc73473261,NC,MLC,,EHZ,1,110.0,,282.2,,10.743653808092
nc73473316,CI,MLAC,,HHZ,1,134.0,,348.9,,1.925896128712
nc73473316,NC,MCV,,EHZ,-1,122.0,,174.7,,2.57972229712
nc73473316,NC,MCO,,EHZ,1,118.0,,283.3,,2.823239186374
nc73473316,NC,MLC,,EHZ,1,80.0,,269.1,,7.369999735048001
nc73473316,NC,MLH,,EHZ,-1,80.0,,11.5,,7.408917959358
nc73473316,NC,MCS,,EHZ,1,80.0,,305.5,,8.001586918135999
nc73473316,NC,MDH1,1.0,DP1,1,79.0,,317.5,,10.039789922714
nc73473316,NC,MEM,,EHZ,1,79.0,,301.8,,11.18620961596
nc73473331,CI,MLAC,,HHZ,-1,134.0,,308.8,,5.717643125772
nc73473331,NC,MCO,,EHZ,1,126.0,,288.9,,7.225446330467999
nc73473331,NC,MLH,,EHZ,-1,117.0,,343.9,,9.311463153484
nc73473331,NC,MCB,,HHZ,-1,111.0,,297.8,,11.09725367468
nc73473331,NC,MLC,,EHZ,1,110.0,,277.9,,11.5642723664
nc73473331,NC,MQ1P,,EHZ,1,95.0,,274.6,,20.89352670814
nc73473331,NC,MMP,,EHZ,1,94.0,,273.6,,21.5162182971
nc73473331,NC,MBS1,,EP1,-1,90.0,,322.4,,22.89503538694
nc73473331,NC,MINS,,HHZ,1,90.0,,284.4,,25.09669493362
nc73473331,NC,MDC,2.0,EHZ,1,90.0,,298.9,,25.7972229712
nc73473331,NC,MRC,,EHZ,1,90.0,,71.0,,25.97513485376
nc73473331,NC,MDPB,,HHZ,1,90.0,,278.5,,26.21976369228
nc73473331,NC,MTU,2.0,EHZ,1,90.0,,144.2,,33.54750935522
nc73473331,NC,MMT,,EHZ,1,88.0,,234.8,,42.68773232174
nc73473331,NC,MCV,,EHZ,1,145.0,,257.0,,3.951867691364
nc73473376,NC,MCS,,EHZ,1,152.0,,57.0,,2.4952141529040004
nc73473376,NC,MEM,,EHZ,1,150.0,,340.8,,2.748738585552
nc73473376,NC,MCB,,HHZ,1,148.0,,86.2,,2.889956142334
nc73473376,NC,MGPB,,EHZ,-1,147.0,,128.2,,2.984471829944
nc73473376,NC,MDH1,1.0,DP1,-1,135.0,,23.8,,4.5033945273
nc73473376,NC,MCO,,EHZ,1,122.0,,114.2,,6.4359623516080005
nc73473381,NC,MGPB,,EHZ,1,153.0,,121.9,,2.936658011506
nc73473381,NC,MEM,,EHZ,1,152.0,,345.3,,2.9889196270080003
nc73473381,NC,MDH,,HNZ,1,139.0,,24.0,,4.833643459302
nc73473381,NC,MDH1,1.0,DP1,1,139.0,,24.0,,4.833643459302
nc73473381,NC,MCO,,EHZ,1,129.0,,111.2,,6.458201336928
nc73473381,NC,MDY,,HHZ,-1,124.0,,285.7,,7.423373299816
nc73473381,CI,MLAC,,HHZ,1,119.0,,97.4,,8.466381711324
nc73473381,NC,MCY,,EHZ,-1,119.0,,272.2,,8.654301137277999
nc73473381,NC,MMP,,EHZ,1,116.0,,248.6,,9.244746197524
nc73473381,NC,MCV,,EHZ,-1,112.0,,121.7,,10.582421164522
nc73473381,NC,MINS,,HHZ,-1,109.0,,277.7,,11.55315287374
nc73473381,NC,MDC,2.0,EHZ,-1,103.0,,308.5,,12.4538317792
nc73473381,NC,MDPB,,HHZ,-1,103.0,,266.3,,13.10988184614
nc73473381,NC,MBS1,,EP1,1,103.0,,355.0,,13.48794459658
nc73473381,NC,MCB,,HHZ,1,152.0,,80.8,,3.06897997416
nc73473381,NC,MCS,,EHZ,1,154.0,,53.5,,2.784320962064
nc73473386,NC,MCS,,EHZ,-1,147.0,,60.4,,3.1323610823220003
nc73473386,NC,MMX1,,HN3,-1,145.0,,217.4,,3.344743392128
nc73473386,NC,MGPB,,EHZ,-1,144.0,,119.1,,3.411460348088
nc73473386,NC,MCB,,HHZ,-1,143.0,,83.8,,3.53599866588
nc73473386,NC,MDH1,1.0,DP1,1,132.0,,29.6,,4.95373398003
nc73473386,NC,MQ1P,,EHZ,-1,115.0,,247.2,,8.102774301342
nc73473386,NC,MDC,2.0,EHZ,1,99.0,,309.6,,12.0090520728
nc73473391,NC,MCO,,EHZ,-1,53.0,,346.7,,16.60140254138
nc73473391,NC,MMX1,,HN3,-1,53.0,,322.3,,20.19299867056
nc73473391,NC,MCS,,EHZ,-1,53.0,,339.4,,21.52733778976
nc73473391,NC,MQ1P,,EHZ,-1,52.0,,311.1,,23.60668291718
nc73473391,NC,MMP,,EHZ,-1,52.0,,309.5,,23.88467023368
nc73473391,NC,MEM,,EHZ,-1,52.0,,333.7,,23.87355074102
nc73473391,NC,MDH,,HNZ,1,52.0,,341.1,,24.21825501348
nc73473391,NC,MTU,2.0,EHZ,-1,52.0,,120.5,,26.33095861888
nc73473391,NC,MCY,,EHZ,-1,52.0,,315.6,,26.39767557484
nc73473391,NC,MINS,,HHZ,-1,51.0,,313.4,,29.244265695800003
nc73473391,NC,MDC,2.0,EHZ,-1,51.0,,323.3,,32.75802537636
nc73473391,NC,MMT,,EHZ,1,50.0,,251.3,,33.66982377448
nc73473391,NC,MBS1,,EP1,-1,50.0,,341.0,,33.76989920842
nc73473391,NC,MFB,,EHZ,1,50.0,,98.0,,34.9152069524
nc73473391,NC,MRC,,EHZ,1,50.0,,50.9,,35.43782310742
nc73473391,CI,MLAC,,HHZ,-1,53.0,,355.2,,17.4576034762
nc73473391,NC,MCV,,EHZ,-1,54.0,,356.3,,12.96532844156
nc73473391,NC,MDPB,,HHZ,-1,51.0,,307.7,,28.94403939398
nc73473391,NC,MDY,,HHZ,-1,52.0,,320.5,,26.6311849207
nc73473391,NC,MGPB,,EHZ,-1,53.0,,336.6,,18.46947730826
nc73473391,NC,MLC,,EHZ,-1,53.0,,331.3,,17.55767891014
nc73473391,NC,MMLB,,HHZ,-1,52.0,,325.8,,24.963261021700003
nc73473466,NC,MCV,,EHZ,1,122.0,,14.1,,8.703226904982001
nc73473466,NC,MCO,,EHZ,1,112.0,,355.8,,11.68658678566
nc73473466,NC,MLC,,EHZ,-1,108.0,,333.4,,12.19808344802
nc73473466,NC,MGPB,,EHZ,-1,107.0,,340.6,,13.19883778742
nc73473466,NC,MDR,2.0,EHZ,1,106.0,,6.3,,13.8437683617
nc73473466,NC,MCS,,EHZ,1,104.0,,343.5,,16.31229573222
nc73473466,NC,MLH,,EHZ,1,102.0,,10.4,,18.569552742200003
nc73473466,NC,MMT,,EHZ,1,92.0,,242.1,,32.70242791306
nc73473561,NC,MLC,,EHZ,1,52.0,,308.3,,7.318850068812001
nc73473561,NC,MDR,2.0,EHZ,-1,52.0,,9.6,,7.502321697702
nc73473561,NC,MGPB,,EHZ,1,51.0,,322.7,,7.655770696409999
nc73473561,NC,MQ1P,,EHZ,1,49.0,,287.0,,15.80079906986
nc73473561,NC,MINS,,HHZ,1,49.0,,296.3,,20.7378538109
nc73473561,NC,MDPB,,HHZ,1,49.0,,288.6,,21.33830641454
nc73473561,NC,MBS1,,EP1,1,49.0,,338.5,,22.63928705576
nc73473561,CI,MLAC,,HHZ,-1,54.0,,10.8,,6.6505685599460005
nc73473561,NC,MCO,,EHZ,-1,66.0,,348.0,,5.40963317909
nc73473561,NC,MCV,,EHZ,-1,112.0,,41.7,,2.786544860596
nc73473656,NC,MCO,,EHZ,-1,125.0,,324.2,,5.59310480798
nc73473656,NC,MLC,,EHZ,1,110.0,,295.6,,8.753264621952
nc73473656,NC,MDPB,,HHZ,1,85.0,,285.2,,23.1841421961
nc73473716,NC,MCO,,EHZ,1,155.0,,130.0,,1.6167742327640002
nc73473716,NC,MGPB,,EHZ,1,145.0,,263.7,,2.298399132822
nc73473716,NC,MCB,,HHZ,-1,143.0,,315.6,,2.498550000702
nc73473716,NC,MDR,2.0,EHZ,1,128.0,,73.5,,3.783963352198
nc73473716,NC,MLC,,EHZ,1,127.0,,241.9,,3.829553272104
nc73473716,NC,MCV,,EHZ,-1,112.0,,135.3,,5.996742391538
nc73473721,NC,MCO,,EHZ,1,149.0,,184.6,,2.67423798473
nc73473721,NC,MCB,,HHZ,-1,144.0,,272.8,,3.211309480208
nc73473721,NC,MGPB,,EHZ,-1,135.0,,243.3,,4.186488986490001
nc73473721,NC,MCS,,EHZ,1,135.0,,288.3,,4.206504073278
nc73473721,NC,MLH,,EHZ,1,125.0,,45.4,,5.63202303229
nc73473721,NC,MDH1,1.0,DP1,1,123.0,,313.9,,5.901114754662
nc73473721,NC,MCV,,EHZ,-1,120.0,,154.8,,6.500455409036
nc73473956,NC,MFB,,EHZ,1,120.0,,80.7,,8.317380509680001
nc73473956,NP,1589,10.0,HNZ,1,98.0,,110.2,,18.22484846974
nc73473956,NC,MRC,,EHZ,-1,90.0,,2.6,,28.48814019492
nc73473956,BK,OVRO,0.0,HHZ,1,90.0,,134.5,,29.61120895358
nc73473956,NP,1587,10.0,HNZ,1,90.0,,53.6,,31.22353538928
nc73473956,NC,MCV,,EHZ,-1,92.0,,305.4,,33.269522038720005
nc73473956,NC,MLH,,EHZ,-1,85.0,,318.4,,38.89598532468
nc73473956,NC,MGPB,,EHZ,-1,85.0,,304.7,,40.897494003480006
nc73473956,NC,MLC,,EHZ,1,85.0,,302.1,,40.9753304521
nc73473956,NC,MMX1,,HN3,-1,85.0,,300.0,,44.63364353724
nc73473956,NC,MEM,,EHZ,-1,85.0,,307.0,,46.12365555368
nc73473956,NC,MMP,,EHZ,-1,85.0,,295.7,,49.65965421956
nc73473956,NC,MDY,,HHZ,-1,85.0,,301.9,,50.9272763828
nc73473956,NC,MCY,,EHZ,-1,85.0,,299.4,,51.3720560892
nc73473956,NC,MBS1,,EP1,1,85.0,,315.9,,53.39580375332
nc73473956,NC,MINS,,HHZ,1,85.0,,299.1,,54.41879707804
nc73473956,GS,MCA04,0.0,HHZ,-1,83.0,,44.0,,102.44388587658
nc73473956,WR,FRI,,EHZ,1,83.0,,246.1,,115.4203338108
nc73473956,BK,KARE,0.0,HHZ,-1,83.0,,224.0,,126.206241691
nc73473956,BK,LEGD,0.0,HHZ,1,82.0,,261.6,,145.9989386258
nc73473956,BK,WINE,0.0,HHZ,-1,82.0,,236.4,,148.55642193760002
nc73473956,CI,CGO,,HHZ,1,83.0,,146.3,,115.5315287374
nc73473956,CI,CWC,,HHZ,-1,83.0,,160.0,,115.4203338108
nc73473956,CI,POR,,HHZ,1,81.0,,196.5,,152.0034646622
nc73473956,CI,WAS2,,HHZ,1,80.0,,181.0,,186.4738919082
nc73473956,NC,BMS,,EHZ,-1,48.0,,248.1,,218.7204206222
nc73473956,NC,MCB,,HHZ,-1,85.0,,307.5,,41.65361950436
nc73473956,NC,MCO,,EHZ,-1,85.0,,306.8,,37.57276569814
nc73473956,NC,MCS,,EHZ,-1,85.0,,308.1,,42.98795862356
nc73473956,NC,MDPB,,HHZ,1,85.0,,296.1,,54.77462084316
nc73473956,NC,MMT,,EHZ,1,85.0,,265.7,,58.44405342096
nc73473956,NC,MTU,2.0,EHZ,-1,121.0,,207.3,,8.019378106392
nc73474001,NP,1589,10.0,HNZ,1,109.0,,106.5,,17.69111282206
nc73474001,NC,MMX1,,HN3,1,92.0,,301.3,,45.40088853078
nc73474001,NC,MQ1P,,EHZ,1,91.0,,297.7,,49.915402550740005
nc73474001,NC,MMP,,EHZ,1,91.0,,297.0,,50.33794327182
nc73474001,NC,MLI,,HHZ,-1,91.0,,300.5,,50.9272763828
nc73474001,NC,MCY,,EHZ,1,91.0,,300.6,,52.12818159008
nc73474001,NC,MBS1,,EP1,1,90.0,,316.7,,54.40767758538
nc73474001,NC,MDC,2.0,EHZ,1,90.0,,306.5,,57.12083379442001
nc73474001,BK,BUCR,0.0,HHZ,1,83.0,,282.2,,146.9996929652
nc73474001,BK,KARE,0.0,HHZ,-1,85.0,,224.5,,125.3166822782
nc73474001,BK,LEGD,0.0,HHZ,1,83.0,,262.1,,145.9989386258
nc73474001,BK,OVRO,0.0,HHZ,-1,98.0,,132.8,,28.6326935995
nc73474001,BK,VAK,0.0,HHZ,1,49.0,,280.2,,333.2511950202
nc73474001,BK,WELL,0.0,HHZ,-1,49.0,,301.4,,225.169726365
nc73474001,BK,WINE,0.0,HHZ,1,83.0,,236.8,,148.0004473046
nc73474001,CI,ISA,,HHZ,-1,81.0,,178.8,,193.479172284
nc73474001,CI,LCP,,HHZ,1,49.0,,208.6,,336.0310681852
nc73474001,CI,MLAC,,HHZ,-1,93.0,,311.9,,37.4170928009
nc73474001,CI,POR,,HHZ,1,83.0,,196.7,,150.7803204696
nc73474001,CI,SPG2,,HHZ,-1,84.0,,189.4,,135.5466155254
nc73474001,CI,SRT,,HHZ,-1,77.0,,159.9,,202.2635714854
nc73474001,CI,TEJ,,EHZ,1,49.0,,183.6,,241.848965355
nc73474001,CI,TIN,,HHZ,-1,92.0,,146.6,,46.7574666353
nc73474001,CI,WAS2,,HHZ,1,81.0,,181.0,,185.139552789
nc73474001,CI,WMF,,HHZ,1,83.0,,157.3,,154.7833378272
nc73474001,CI,WNM,,EHZ,-1,81.0,,162.3,,182.0260948442
nc73474001,CI,WOR,,HHZ,1,81.0,,172.5,,191.3664686786
nc73474001,NC,BMS,,EHZ,1,49.0,,248.4,,218.3868358424
nc73474001,NC,CDG,1.0,EHZ,1,49.0,,270.3,,244.7400334466
nc73474001,NC,HLB,1.0,EHZ,-1,49.0,,258.5,,218.9428104754
nc73474001,NC,HSL,2.0,EHZ,1,49.0,,260.1,,231.7302270344
nc73474001,NC,MCB,,HHZ,-1,92.0,,308.7,,42.54317891716
nc73474001,NC,MCD,,EHZ,-1,109.0,,23.2,,17.190735652359997
nc73474001,NC,MCO,,EHZ,-1,93.0,,308.2,,38.45120561828
nc73474001,NC,MCS,,EHZ,-1,92.0,,309.3,,43.88863752902
nc73474001,NC,MCV,,EHZ,-1,95.0,,307.0,,34.12572297354
nc73474001,NC,MDPB,,HHZ,1,90.0,,297.2,,55.46402938808
nc73474001,NC,MDR,2.0,EHZ,-1,93.0,,312.9,,37.98418692656
nc73474001,NC,MDY,,HHZ,1,91.0,,303.0,,51.71676036166
nc73474001,NC,MEM,,EHZ,-1,92.0,,308.2,,47.01321496648
nc73474001,NC,MFB,,EHZ,1,129.0,,72.0,,8.488620696644
nc73474001,NC,MGPB,,EHZ,-1,92.0,,306.1,,41.74257544564
nc73474001,NC,MGS,1.0,EHZ,-1,84.0,,244.3,,138.437683617
nc73474001,NC,MINS,,HHZ,1,90.0,,300.2,,55.16380308626
nc73474001,NC,MLC,,EHZ,-1,92.0,,303.5,,41.77593392362
nc73474001,NC,MLH,,EHZ,-1,93.0,,319.5,,39.941217634720005
nc73474001,NC,MMT,,EHZ,1,90.0,,266.9,,58.49965088426
nc73474001,NC,MRC,,EHZ,-1,97.0,,2.2,,29.75576235816
nc73474001,NC,MTU,2.0,EHZ,-1,135.0,,213.0,,6.981929441214
nc73474001,NC,PSM,,EHZ,-1,49.0,,231.8,,237.5123632176
nc73474001,NN,LHV,,HHZ,-1,87.0,,0.8,,93.85963754306
nc73474011,NC,MTU,2.0,EHZ,-1,120.0,,204.2,,7.654658747144
nc73474011,NC,MFB,,EHZ,1,115.0,,80.3,,8.865571497818
nc73474011,NC,MCV,,EHZ,-1,81.0,,306.1,,32.92481776626
nc73474011,NC,MDR,2.0,EHZ,-1,80.0,,312.3,,36.73880374864
nc73474011,NC,MCO,,EHZ,-1,80.0,,307.5,,37.23918091834
nc73474011,NC,MLC,,EHZ,1,80.0,,302.6,,40.59726770166
nc73474011,NC,MCB,,HHZ,1,80.0,,308.1,,41.32003472456
nc73474011,NC,MDPB,,HHZ,1,80.0,,296.5,,54.363199614740005
nc73474011,NC,MMT,,EHZ,1,80.0,,265.8,,57.910317773280006
nc73474111,NC,MCV,,EHZ,-1,107.0,,340.4,,12.6206241691
nc73474111,NC,MCO,,EHZ,1,103.0,,334.5,,16.745955945960002
nc73474111,CI,MLAC,,HHZ,-1,103.0,,343.5,,17.04618224778
nc73474111,NC,MDR,2.0,EHZ,-1,102.0,,344.3,,17.869024704620003
nc73474111,NC,MLC,,EHZ,-1,101.0,,320.5,,18.60291122018
nc73474111,NC,MGPB,,EHZ,-1,100.0,,326.0,,19.19224433116
nc73474111,NC,MCB,,HHZ,-1,98.0,,330.4,,20.63777837696
nc73474111,NC,MMX1,,HN3,-1,96.0,,313.5,,21.70524967232
nc73474111,NC,MLH,,EHZ,-1,96.0,,352.2,,21.91652003286
nc73474111,NC,MCS,,EHZ,-1,96.0,,330.1,,22.03883445212
nc73474111,NC,MTU,2.0,EHZ,-1,94.0,,126.8,,24.0737016089
nc73474111,NC,MQ1P,,EHZ,-1,93.0,,304.3,,25.663789059280003
nc73474111,NC,MMP,,EHZ,-1,93.0,,302.9,,26.019612824400003
nc73474111,NC,MDPB,,HHZ,-1,91.0,,302.3,,31.134579448000004
nc73474111,NC,MINS,,HHZ,-1,91.0,,307.7,,31.15681843332
nc73474111,NC,MMT,,EHZ,1,91.0,,251.5,,37.22806142568
nc73474151,NC,MTU,2.0,EHZ,-1,134.0,,214.6,,7.137602338454
nc73474151,NC,MFB,,EHZ,1,129.0,,71.6,,8.243991858124
nc73474151,NC,MDR,2.0,EHZ,1,93.0,,312.7,,38.16209880912
nc73474151,NC,MCO,,EHZ,1,93.0,,307.9,,38.6402369935
nc73474151,NC,MINS,,HHZ,1,90.0,,300.1,,55.36395395414
nc73474151,NC,MDPB,,HHZ,1,90.0,,297.1,,55.675299748620006
nc73474151,NC,MDC,2.0,EHZ,-1,90.0,,306.3,,57.30986516964
nc73474151,NC,MMT,,EHZ,1,89.0,,266.9,,58.74427972278
nc73474256,NC,MCV,,EHZ,1,158.0,,268.8,,2.482982710978
nc73474256,NC,MCO,,EHZ,1,132.0,,300.2,,6.319207678678
nc73474256,NC,MCB,,HHZ,1,115.0,,305.4,,10.36336715912
nc73474256,NC,MLC,,EHZ,1,115.0,,283.5,,10.37448665178
nc73474256,NC,MCS,,EHZ,-1,111.0,,307.8,,11.68658678566
nc73474256,NC,MMP,,EHZ,1,99.0,,276.1,,20.22635714854
nc73474256,NC,MINS,,HHZ,1,94.0,,287.2,,23.99586516028
nc73474256,NC,MDPB,,HHZ,1,93.0,,280.8,,25.018858485000003
nc73474256,NC,MTU,2.0,EHZ,1,91.0,,141.4,,33.714301745120004
nc73474266,CI,MLAC,,HHZ,-1,136.0,,308.2,,5.706523633112
nc73474266,NC,MDR,2.0,EHZ,-1,133.0,,314.5,,6.263610215378
nc73474266,NC,MCB,,HHZ,1,113.0,,297.5,,11.098365623946
nc73474266,NC,MLC,,EHZ,1,112.0,,277.6,,11.58651135172
nc73474266,NC,MCS,,EHZ,-1,107.0,,300.6,,12.35375634526
nc73474266,NC,MDH1,1.0,DP1,-1,105.0,,309.7,,14.15511415618
nc73474266,NC,MEM,,EHZ,-1,104.0,,298.9,,15.567289724000002
nc73474266,NC,MQ1P,,EHZ,1,98.0,,274.4,,20.91576569346
nc73474266,NC,MMP,,EHZ,1,97.0,,273.4,,21.53845728242
nc73474266,NC,MBS1,,EP1,-1,95.0,,322.2,,22.87279640162
nc73474266,NC,MINS,,HHZ,1,94.0,,284.3,,25.10781442628
nc73474266,NC,MDC,2.0,EHZ,1,93.0,,298.8,,25.7972229712
nc73474266,NC,MRC,,EHZ,1,93.0,,71.1,,25.93065688312
nc73474266,NC,MDPB,,HHZ,1,93.0,,278.3,,26.2420026776
nc73474266,NC,MTU,2.0,EHZ,-1,91.0,,144.3,,33.56974834054
nc73474266,NC,MMT,,EHZ,1,91.0,,234.7,,42.74332978504
nc73474266,NC,MCO,,EHZ,1,128.0,,288.4,,7.235453873862
nc73474266,NC,MCV,,EHZ,1,147.0,,256.3,,3.993009814206
nc73474266,NC,MLH,,EHZ,1,119.0,,343.6,,9.266985182844
nc73474576,NC,MCB,,HHZ,-1,161.0,,312.9,,1.644572964414
nc73474576,NC,MGPB,,EHZ,-1,157.0,,242.1,,1.967038251554
nc73474576,NC,MCO,,EHZ,-1,152.0,,133.8,,2.466303471988
nc73474576,NC,MCS,,EHZ,-1,147.0,,318.9,,3.0289498005840003
nc73474576,NC,MLC,,EHZ,-1,139.0,,228.9,,3.75838851908
nc73474576,NC,MDR,2.0,EHZ,-1,136.0,,84.5,,4.194272631352
nc73474576,NC,MEM,,EHZ,-1,123.0,,305.3,,6.111273165936001
nc73474596,NC,MCV,,EHZ,-1,103.0,,25.8,,9.176917292298
nc73474596,NC,MLC,,EHZ,-1,97.0,,341.5,,11.29740454256
nc73474596,NC,MCO,,EHZ,-1,97.0,,5.1,,11.51979439576
nc73474596,NC,MGPB,,EHZ,1,90.0,,348.5,,12.5094292425
nc73474596,NC,MDR,2.0,EHZ,1,91.0,,14.0,,13.99944125894
nc73474596,NC,MQ1P,,EHZ,1,86.0,,309.9,,16.86827036522
nc73474596,NC,MDPB,,HHZ,-1,83.0,,305.7,,22.25010481266
nc73474596,NC,MINS,,HHZ,-1,83.0,,313.1,,22.49473365118
nc73474611,NC,MCB,,HHZ,1,164.0,,293.4,,1.650132710744
nc73474611,NC,MGPB,,EHZ,-1,156.0,,236.0,,2.470751269052
nc73474611,NC,MCO,,EHZ,-1,155.0,,145.8,,2.620864419962
nc73474611,NC,MDR,2.0,EHZ,-1,145.0,,90.9,,3.866247597882
nc73474611,NC,MLC,,EHZ,1,142.0,,226.9,,4.297683913089999
nc73474696,NC,MCD,,EHZ,-1,96.0,,25.0,,16.334534717540002
nc73474696,NP,1589,10.0,HNZ,1,95.0,,109.4,,18.14701202112
nc73474696,NC,MRC,,EHZ,-1,81.0,,2.6,,28.76612751142
nc73474696,BK,OVRO,0.0,BHZ,1,80.0,,134.0,,29.43329707102
nc73474696,NP,1587,10.0,HNZ,-1,79.0,,53.2,,31.40144727184
nc73474696,NC,MCV,,EHZ,1,78.0,,305.8,,33.4140754433
nc73474696,NC,MGPB,,EHZ,1,77.0,,305.1,,41.04204740806
nc73474696,NC,MLC,,EHZ,1,77.0,,302.4,,41.10876436402
nc73474696,NC,MBS1,,EP1,1,77.0,,316.1,,53.58483512854
nc73474696,NC,MMT,,EHZ,1,77.0,,266.0,,58.41069494298
nc73474696,NC,MCB,,HHZ,1,77.0,,307.8,,41.8092924016
nc73474696,NC,MCO,,EHZ,-1,77.0,,307.1,,37.72843859538
nc73474696,NC,MDPB,,HHZ,1,77.0,,296.4,,54.88581576976
nc73474696,NC,MDR,2.0,EHZ,1,77.0,,312.0,,37.20582244036
nc73474701,NC,MQ1P,,EHZ,1,147.0,,335.5,,2.048210547972
nc73474701,NC,MMP,,EHZ,1,145.0,,315.4,,2.139390387784
nc73474701,NC,MCY,,EHZ,1,113.0,,343.6,,5.432984113676
nc73474701,NC,MDPB,,HHZ,1,104.0,,304.1,,7.206543192946
nc73475186,NC,MMX1,,HN3,-1,150.0,,235.5,,3.96965887962
nc73475186,NC,MDH,,HNZ,1,144.0,,14.5,,4.86477803875
nc73475186,NC,MDH1,1.0,DP1,-1,144.0,,14.5,,4.86477803875
nc73475186,NC,MMLB,,HHZ,-1,140.0,,296.0,,5.533059547616
nc73475186,CI,MLAC,,HHZ,-1,130.0,,95.9,,7.686905275858
nc73475186,NC,MDY,,HHZ,-1,127.0,,286.3,,8.226200669868001
nc73475186,NC,MQ1P,,EHZ,1,124.0,,252.6,,9.125767626062
nc73475186,NC,MCV,,EHZ,-1,121.0,,122.5,,9.788489388598
nc73475186,NC,MMP,,EHZ,1,121.0,,251.8,,9.85187049676
nc73475186,NC,MINS,,HHZ,1,111.0,,278.6,,12.3426368526
nc73475186,NC,MMT,,EHZ,1,92.0,,218.0,,36.83887918258
nc73475186,NC,MMI,,EHZ,1,87.0,,251.8,,76.51322899346
nc73475186,NC,MHD,,EHZ,-1,86.0,,236.3,,103.6892690545
nc73475186,NC,MCB,,HHZ,1,161.0,,70.9,,2.4107060086880003
nc73475186,NC,MCO,,EHZ,-1,140.0,,111.2,,5.650926169812
nc73475186,NC,MCS,,EHZ,1,160.0,,37.3,,2.452960080796
nc73475186,NC,MDC,2.0,EHZ,-1,110.0,,307.5,,13.2321962654
nc73475186,NC,MDPB,,HHZ,1,110.0,,267.7,,13.8437683617
nc73475186,NC,MDR,2.0,EHZ,1,130.0,,89.5,,7.661330442740001
nc73475186,NC,MEM,,EHZ,1,153.0,,334.7,,3.5259911224860003
nc73475186,NC,MLC,,EHZ,-1,158.0,,166.9,,2.87438885261
nc73475186,NC,MLH,,EHZ,1,119.0,,64.2,,10.549062686542
nc73475276,NC,MCV,,EHZ,1,119.0,,30.9,,6.437074300874
nc73475276,NC,MCO,,EHZ,1,109.0,,2.1,,8.737697332228
nc73475276,NC,MLC,,EHZ,-1,108.0,,331.8,,9.05126702524
nc73475276,NC,MDR,2.0,EHZ,1,101.0,,14.0,,11.1750901233
nc73475276,NC,MCB,,HHZ,1,99.0,,347.1,,11.85337917556
nc73475276,NC,MCS,,EHZ,-1,95.0,,344.9,,13.1765988021
nc73475276,NC,MLH,,EHZ,1,95.0,,16.5,,16.0120694304
nc73475316,NC,MCV,,EHZ,-1,143.0,,3.6,,8.807750135986
nc73475316,NC,MCO,,EHZ,-1,130.0,,348.6,,12.253680911320002
nc73475316,NC,MLC,,EHZ,-1,129.0,,328.0,,13.276674236040002
nc73475316,NC,MDR,2.0,EHZ,-1,127.0,,359.8,,14.110636185540002
nc73475336,NC,MCV,,EHZ,-1,121.0,,342.7,,13.4545861186
nc73475336,NC,MCO,,EHZ,-1,116.0,,336.5,,17.52432043216
nc73475336,NC,MLC,,EHZ,-1,114.0,,322.9,,19.22560280914
nc73475336,NC,MMT,,EHZ,1,99.0,,252.8,,36.72768425598
nc73475351,NC,MCO,,EHZ,1,106.0,,350.8,,14.37750400938
nc73475351,NC,MLC,,EHZ,1,106.0,,332.8,,15.11139052494
nc73475351,NC,MDR,2.0,EHZ,1,105.0,,0.3,,16.2900567469
nc73475351,NC,MMX1,,HN3,-1,103.0,,322.3,,17.70223231472
nc73475351,NC,MQ1P,,EHZ,-1,99.0,,309.8,,21.17151402464
nc73475351,NC,MDPB,,HHZ,1,95.0,,306.4,,26.54222897942
nc73475351,NC,MINS,,HHZ,-1,94.0,,312.5,,26.78685781794
nc73475351,NC,MMT,,EHZ,1,92.0,,247.2,,32.92481776626
nc73475351,NC,MCD,,EHZ,1,92.0,,79.6,,35.359986658800004
nc73475351,NC,MRC,,EHZ,1,92.0,,55.0,,35.48230107806
nc73475351,NC,MMI,,EHZ,1,87.0,,264.6,,80.64968026298
nc73475351,NC,MHD,,EHZ,-1,85.0,,246.4,,102.59955877382
nc73475351,NC,MPR,,EHZ,1,85.0,,288.9,,109.57148067164
nc73475351,BK,BUCR,0.0,HHZ,-1,84.0,,280.3,,117.7554272694
nc73475351,NC,MCV,,EHZ,1,115.0,,3.5,,10.994954342208
nc73475736,NC,MCV,,EHZ,-1,103.0,,15.5,,4.017472698058
nc73475736,NC,MCO,,EHZ,-1,45.0,,345.0,,7.337753206333999
nc73475736,NC,MLC,,EHZ,1,43.0,,314.2,,9.09018524955
nc73475736,NC,MDR,2.0,EHZ,-1,43.0,,3.0,,9.202492125416
nc73475736,NC,MGPB,,EHZ,-1,43.0,,325.5,,9.566099535398
nc73475736,NC,MINS,,HHZ,-1,42.0,,299.6,,22.27234379798
nc73475761,NC,MGPB,,EHZ,-1,164.0,,116.4,,1.981493592012
nc73475761,NC,MLC,,EHZ,-1,160.0,,164.4,,2.523012884554
nc73475761,NC,MMX1,,HN3,1,151.0,,239.9,,3.74726902642
nc73475761,NC,MDH,,HNZ,1,141.0,,13.8,,5.230609347264
nc73475761,NC,MDH1,1.0,DP1,-1,141.0,,13.8,,5.230609347264
nc73475761,CI,MLAC,,HHZ,1,129.0,,93.1,,7.688017225124
nc73475761,NC,MDR,2.0,EHZ,1,129.0,,86.7,,7.703584514847999
nc73475761,NC,MCV,,EHZ,-1,121.0,,120.6,,9.620585049432
nc73475761,NC,MMP,,EHZ,-1,121.0,,253.9,,9.713988787776
nc73475761,NC,MMT,,EHZ,-1,92.0,,218.4,,36.53865288076
nc73475761,NC,MMI,,EHZ,1,87.0,,252.0,,76.36867558888
nc73475761,NC,MPR,,EHZ,-1,86.0,,281.5,,98.05168627588
nc73475761,NC,MHD,,EHZ,1,86.0,,236.5,,103.4668792013
nc73475761,NC,MCB,,HHZ,1,159.0,,63.4,,2.581946195652
nc73475761,NC,MCO,,EHZ,-1,140.0,,107.5,,5.556410482202
nc73475761,NC,MCS,,EHZ,1,158.0,,33.2,,2.772089520138
nc73475761,NC,MDC,2.0,EHZ,-1,110.0,,308.9,,13.44346662594
nc73475761,NC,MDPB,,HHZ,1,109.0,,269.2,,13.79929039106
nc73475761,NC,MEM,,EHZ,1,150.0,,337.5,,3.85290420669
nc73475761,NC,MINS,,HHZ,-1,110.0,,280.3,,12.37599533058
nc73475761,NC,MLH,,EHZ,1,118.0,,62.5,,10.740317960294
nc73475881,NC,MCO,,EHZ,-1,161.0,,132.7,,1.585639653316
nc73475881,NC,MDR,2.0,EHZ,1,139.0,,73.8,,3.703903005046
nc73475881,NC,MLC,,EHZ,1,137.0,,241.9,,3.911837517788
nc73475881,NC,MCV,,EHZ,1,123.0,,136.0,,5.972279507686
nc73475881,NC,MLH,,EHZ,1,114.0,,44.1,,7.735831043562001
nc73475881,NC,MBS1,,EP1,1,95.0,,337.8,,15.87863551848
nc73476021,NC,MQ1P,,EHZ,1,96.0,,183.4,,4.435565622074001
nc73476021,NC,MMP,,EHZ,1,92.0,,190.8,,4.855882444622
nc73476021,NC,MDC,2.0,EHZ,1,81.0,,341.9,,6.661688052606
nc73476021,NC,MEM,,EHZ,1,80.0,,77.8,,7.089788520016
nc73476021,NC,MCS,,EHZ,1,79.0,,88.5,,9.937490590242
nc73476021,NC,MLM,,EHZ,1,79.0,,36.8,,10.472338187188
nc73476021,NC,MBS1,,EP1,1,79.0,,28.3,,13.6769759718
nc73476021,NC,MDR,2.0,EHZ,1,77.0,,95.8,,16.18998131296
nc73476021,NC,MCY,,EHZ,1,146.0,,221.3,,1.441086248736
nc73476021,NC,MDPB,,HHZ,1,93.0,,247.1,,5.84329339283
nc73476021,NC,MDY,,HHZ,-1,159.0,,42.3,,0.8080535316022001
nc73476021,NC,MINS,,HHZ,1,100.0,,271.9,,3.761724366878
nc73476021,NC,MLI,,HHZ,1,139.0,,178.8,,1.765775434408
nc73476021,NC,MMLB,,HHZ,1,106.0,,78.3,,3.538222564412
nc73476031,NC,MCY,,EHZ,-1,161.0,,42.3,,0.4402207144093999
nc73476031,NC,MLI,,HHZ,-1,143.0,,105.7,,1.337674966998
nc73476031,NC,MDY,,HHZ,1,113.0,,41.8,,2.689805274454
nc73476031,NC,MINS,,HHZ,1,110.0,,301.5,,2.937769960772
nc73476031,NC,MQ1P,,EHZ,1,108.0,,162.0,,3.179062951494
nc73476031,NC,MMP,,EHZ,1,104.0,,174.3,,3.379213819374
nc73476031,NC,MDPB,,HHZ,-1,76.0,,258.2,,4.224295261534
nc73476086,NC,MLI,,HHZ,-1,166.0,,170.8,,0.3268018892774
nc73476086,NC,MCY,,EHZ,-1,152.0,,291.2,,1.00631408573
nc73476086,NC,MDY,,HHZ,1,126.0,,15.3,,2.114927503932
nc73476086,NC,MQ1P,,EHZ,1,113.0,,184.7,,2.994479373338
nc73476086,NC,MINS,,HHZ,1,79.0,,292.8,,4.0586148209
nc73476086,NC,MDPB,,HHZ,1,72.0,,261.3,,5.434096062941999
nc73476086,NC,MDC,2.0,EHZ,1,63.0,,345.2,,8.041617091712
nc73476086,NC,MBS1,,EP1,-1,62.0,,25.7,,14.96683712036
nc73476186,NC,MCV,,EHZ,-1,109.0,,18.7,,11.43083845448
nc73476186,NC,MLC,,EHZ,-1,102.0,,343.5,,13.85488785436
nc73476186,NC,MCO,,EHZ,-1,102.0,,2.8,,14.05503872224
nc73476186,NC,MDR,2.0,EHZ,-1,100.0,,10.7,,16.434610151479998
nc73476186,NC,MMT,,EHZ,1,90.0,,244.7,,30.245020035200003
nc73476236,NC,MDY,,HHZ,-1,152.0,,93.6,,1.10638951967
nc73476236,NC,MCY,,EHZ,1,138.0,,192.7,,1.791350267526
nc73476236,NC,MLI,,HHZ,-1,122.0,,166.3,,2.504109747032
nc73476236,NC,MINS,,HHZ,1,112.0,,260.3,,3.245779907454
nc73476236,NC,MDPB,,HHZ,1,94.0,,238.6,,5.646478372748
nc73476321,NC,MLC,,EHZ,1,152.0,,13.9,,1.671259746798
nc73476321,NC,MMX1,,HN3,-1,122.0,,301.8,,4.143122965116
nc73476321,NC,MCS,,EHZ,1,107.0,,11.0,,6.48822396711
nc73476321,NC,MEM,,EHZ,-1,102.0,,347.0,,7.809219695118
nc73476321,NC,MCV,,EHZ,-1,101.0,,95.9,,8.05607243217
nc73476321,CI,MLAC,,HHZ,-1,100.0,,63.8,,8.240656010326
nc73476321,NC,MMLB,,HHZ,-1,99.0,,322.7,,8.607599268106
nc73476321,NC,MDR,2.0,EHZ,1,99.0,,58.7,,8.667644528470001
nc73476321,NC,MQ1P,,EHZ,1,98.0,,280.8,,9.120207879732
nc73476321,NC,MDH,,HNZ,1,98.0,,6.0,,9.181365089362
nc73476321,NC,MMP,,EHZ,1,96.0,,278.1,,9.709540990712
nc73476321,NC,MLH,,EHZ,1,90.0,,45.7,,12.90973097826
nc73476321,NC,MDC,2.0,EHZ,-1,86.0,,319.3,,16.46796862946
nc73476321,NC,MCB,,HHZ,1,112.0,,21.2,,5.58754506165
nc73476321,NC,MCO,,EHZ,1,112.0,,64.5,,5.560858279266
nc73476321,NC,MDPB,,HHZ,-1,89.0,,285.4,,14.59989386258
nc73476321,NC,MDY,,HHZ,-1,95.0,,309.7,,10.563518027
nc73476321,NC,MGPB,,EHZ,1,128.0,,25.2,,3.5081999342300003
nc73476331,NC,MCV,,EHZ,1,141.0,,28.2,,8.555337652603999
nc73476331,NC,MLC,,EHZ,-1,134.0,,340.5,,10.599100403512
nc73476331,NC,MCO,,EHZ,1,134.0,,5.6,,10.800363220658
nc73476331,NC,MDR,2.0,EHZ,1,125.0,,15.0,,13.31003271402
nc73476331,NC,MMP,,EHZ,1,121.0,,305.7,,16.70147797532
nc73476331,NC,MMT,,EHZ,1,104.0,,239.0,,31.45704473514
nc73476331,NC,MMI,,EHZ,-1,90.0,,261.8,,77.70301470808
nc73476331,NC,MHD,,EHZ,1,88.0,,243.8,,100.97611284546
nc73476331,NC,MPR,,EHZ,-1,88.0,,287.7,,105.27935650488
nc73476431,NC,MCV,,EHZ,-1,100.0,,17.5,,11.37524099118
nc73476431,NC,MLC,,EHZ,-1,94.0,,342.6,,13.93272430298
nc73476431,NC,MCO,,EHZ,-1,94.0,,1.8,,14.0661582149
nc73476431,NC,MMT,,EHZ,1,78.0,,244.9,,30.45629039574
nc73476456,NC,MCV,,EHZ,1,113.0,,31.4,,7.839242325299999
nc73476456,NC,MLC,,EHZ,-1,106.0,,339.0,,9.786265490066
nc73476456,NC,MCO,,EHZ,-1,106.0,,6.4,,9.958617626296
nc73476456,NC,MMX1,,HN3,1,96.0,,322.6,,12.22032243334
nc73476456,NC,MDR,2.0,EHZ,-1,95.0,,16.2,,12.49830974984
nc73476456,NC,MCB,,HHZ,1,95.0,,351.6,,12.85413351496
nc73476456,NC,MCS,,EHZ,-1,95.0,,349.2,,14.132875170859998
nc73476456,NC,MDH,,HNZ,-1,95.0,,350.0,,16.9016288432
nc73476456,NC,MDPB,,HHZ,1,85.0,,302.4,,21.2938284439
nc73476456,NC,MBS1,,EP1,1,82.0,,346.7,,26.37543658952
nc73476456,NC,MMT,,EHZ,1,78.0,,237.6,,31.86846596356
nc73476631,NC,MTU,2.0,EHZ,1,153.0,,154.3,,5.57086582266
nc73476631,NC,MFB,,EHZ,1,125.0,,76.4,,14.7333277745
nc73476631,NC,MDPB,,HHZ,1,97.0,,301.3,,50.41577972044001
nc73476631,NC,MMT,,EHZ,1,96.0,,267.5,,52.21713753136
nc73476631,NC,MDC,2.0,EHZ,-1,96.0,,311.2,,52.7619926717
nc73476851,NC,MLC,,EHZ,-1,147.0,,110.3,,1.839164085964
nc73476851,NC,MGPB,,EHZ,1,130.0,,71.9,,2.965568692422
nc73476851,NC,MCS,,EHZ,1,111.0,,31.9,,4.846986850494
nc73476851,NC,MEM,,EHZ,1,107.0,,355.4,,5.3696030055140005
nc73476851,NC,MQ1P,,EHZ,-1,98.0,,265.8,,7.656882645676001
nc73476856,NC,MCY,,EHZ,-1,162.0,,25.5,,0.4834755408568
nc73476856,NC,MLI,,HHZ,-1,147.0,,101.7,,1.225368091132
nc73476856,NC,MDY,,HHZ,1,115.0,,38.8,,2.716492056838
nc73476856,NC,MQ1P,,EHZ,1,111.0,,162.9,,3.045629039574
nc73476856,NC,MINS,,HHZ,1,110.0,,302.4,,3.071203872692
nc73476856,NC,MMP,,EHZ,1,108.0,,175.7,,3.261347197178
nc73476856,NC,MDPB,,HHZ,1,77.0,,259.9,,4.289900268228
nc73476856,NC,MDC,2.0,EHZ,1,58.0,,353.4,,7.90039953493
nc73476861,NC,MCS,,EHZ,1,170.0,,334.8,,0.6392596330233999
nc73476861,NC,MCB,,HHZ,1,168.0,,138.8,,0.779476435466
nc73476861,NC,MGPB,,EHZ,-1,144.0,,180.4,,2.61864052143
nc73476861,NC,MDH,,HNZ,1,136.0,,350.8,,3.383661616438
nc73476861,NC,MDH1,1.0,DP1,1,136.0,,350.8,,3.383661616438
nc73476861,NC,MEM,,EHZ,-1,132.0,,299.1,,3.745045127888
nc73476861,NC,MCO,,EHZ,-1,123.0,,134.3,,4.88701702407
nc73476861,NC,MDR,2.0,EHZ,-1,115.0,,102.5,,6.036772565114
nc73476861,NC,MCV,,EHZ,-1,102.0,,135.6,,9.27365687844
nc73476861,NC,MDY,,HHZ,-1,101.0,,275.6,,9.70731709218
nc73476861,NC,MQ1P,,EHZ,-1,97.0,,248.6,,11.24180707926
nc73476861,NC,MINS,,HHZ,-1,90.0,,271.9,,13.97720227362
nc73476861,NC,MDPB,,HHZ,1,92.0,,263.0,,15.711843128580002
nc73476866,NC,MCS,,EHZ,1,172.0,,351.1,,0.5288430709096
nc73476866,NC,MDH,,HNZ,1,140.0,,353.9,,3.3024893200200003
nc73476866,NC,MDH1,1.0,DP1,1,140.0,,353.9,,3.3024893200200003
nc73476866,NC,MEM,,EHZ,1,138.0,,299.9,,3.5515659556040005
nc73476866,NC,MLC,,EHZ,-1,131.0,,192.3,,4.324370695474
nc73476866,NC,MMX1,,HN3,1,119.0,,232.8,,6.080138586488
nc73476866,NC,MDR,2.0,EHZ,-1,118.0,,102.6,,6.235811483728
nc73476866,NC,MCV,,EHZ,-1,105.0,,135.1,,9.448232913202
nc73476866,NC,MMP,,EHZ,1,98.0,,247.6,,11.82002069758
nc73476866,NC,MDPB,,HHZ,1,94.0,,262.7,,15.53393124602
nc73476866,NC,MCB,,HHZ,1,167.0,,132.3,,0.9533853006684
nc73476866,NC,MCO,,EHZ,-1,125.0,,133.2,,5.063816957364
nc73476866,NC,MGPB,,EHZ,-1,147.0,,176.3,,2.678685781794
nc73476951,NC,MCV,,EHZ,-1,136.0,,13.3,,3.539334513678
nc73476951,NC,MCO,,EHZ,-1,112.0,,342.0,,7.0052803758
nc73476951,NC,MDR,2.0,EHZ,1,105.0,,1.4,,8.76771996241
nc73476951,NC,MLC,,EHZ,-1,105.0,,311.1,,8.997893460472001
nc73476951,NC,MMP,,EHZ,-1,85.0,,288.6,,17.735590792700002
nc73477001,NC,MCB,,HHZ,1,168.0,,339.1,,1.394384379564
nc73477001,NC,MCS,,EHZ,-1,157.0,,332.5,,2.780985114266
nc73477001,NC,MCO,,EHZ,-1,156.0,,121.5,,2.916642924718
nc73477001,NC,MLC,,EHZ,-1,154.0,,222.9,,3.121241589662
nc73477001,NC,MDR,2.0,EHZ,1,142.0,,83.1,,4.915927704986
nc73477001,NC,MDH1,1.0,DP1,1,139.0,,343.5,,5.45411114973
nc73477001,NC,MEM,,EHZ,-1,138.0,,310.9,,5.668717358068
nc73477001,NC,MMX1,,HN3,-1,134.0,,254.0,,6.296968693358
nc73477001,NC,MCV,,EHZ,-1,130.0,,130.9,,7.241013620192
nc73477001,NC,MMLB,,HHZ,1,125.0,,290.8,,8.294029575094001
nc73477001,NC,MLH,,EHZ,1,124.0,,52.7,,8.436359081142001
nc73477001,NC,MMP,,EHZ,1,109.0,,258.1,,12.40935380856
nc73477001,NC,MDPB,,HHZ,1,105.0,,269.9,,16.61252203404
nc73477106,NC,MGPB,,EHZ,-1,146.0,,197.8,,5.706523633112
nc73477106,NC,MLC,,EHZ,1,138.0,,202.1,,7.540127972745999
nc73477106,NC,MDPB,,HHZ,-1,112.0,,254.7,,17.969100138559998
nc73477181,NC,MCV,,EHZ,-1,130.0,,4.3,,5.495253272572
nc73477181,NC,MCO,,EHZ,-1,113.0,,343.6,,9.066834314964
nc73477181,CI,MLAC,,HHZ,-1,110.0,,358.9,,9.938602539508
nc73477181,NC,MLC,,EHZ,1,108.0,,317.9,,10.70807143158
nc73477181,NC,MDR,2.0,EHZ,-1,108.0,,359.0,,10.801475169924
nc73477181,NC,MGPB,,EHZ,1,106.0,,327.4,,11.27516555724
nc73477186,NC,MQ1P,,EHZ,1,142.0,,310.0,,3.255787450848
nc73477186,NC,MMX1,,HN3,1,136.0,,48.7,,3.899606075862
nc73477186,NC,MCY,,EHZ,1,119.0,,329.7,,6.29919259189
nc73477186,NC,MLC,,EHZ,-1,115.0,,73.6,,7.1520576789120005
nc73477186,NC,MGPB,,EHZ,1,109.0,,65.8,,8.71768224544
nc73477186,NC,MDPB,,HHZ,1,109.0,,299.2,,8.7288017381
nc73477186,NC,MEM,,EHZ,1,107.0,,30.3,,9.274768827706
nc73477186,NC,MCB,,HHZ,-1,104.0,,56.5,,10.167664088304
nc73477186,CI,MLAC,,HHZ,1,95.0,,73.7,,14.43310147268
nc73477186,NC,MCV,,EHZ,1,95.0,,91.7,,14.477579443320002
nc73477186,NC,MDR,2.0,EHZ,1,95.0,,70.5,,14.71108878918
nc73477186,NC,MMI,,EHZ,-1,74.0,,253.9,,69.15212485254
nc73477186,NC,MPR,,EHZ,1,74.0,,284.9,,93.03679508622
nc73477186,NC,MHD,,EHZ,1,74.0,,236.6,,95.86114622186
nc73477186,NC,MCO,,EHZ,1,99.0,,76.3,,11.82002069758
nc73477186,NC,MDC,2.0,EHZ,1,95.0,,341.5,,13.54354205988
nc73477186,NC,MDY,,HHZ,1,114.0,,346.7,,7.306618626886
nc73477186,NC,MINS,,HHZ,1,108.0,,318.0,,8.943407946438
nc73477186,NC,MLI,,HHZ,1,125.0,,335.2,,5.23172129653
nc73477186,NC,MMLB,,HHZ,1,114.0,,9.6,,7.328857612206
nc73477186,NC,MMP,,EHZ,1,138.0,,299.1,,3.60271562184
nc73477236,NC,MCV,,EHZ,-1,90.0,,313.5,,27.39842991424
nc73477236,NC,MRC,,EHZ,1,90.0,,16.8,,29.33322163708
nc73477236,NC,MDR,2.0,EHZ,-1,90.0,,319.7,,31.66831509568
nc73477236,NC,MLH,,EHZ,-1,90.0,,327.0,,34.17020094418
nc73477236,NC,MLC,,EHZ,-1,90.0,,307.8,,34.792892533140005
nc73477236,NC,MGPB,,EHZ,-1,90.0,,310.9,,34.92632644506
nc73477236,NC,MCB,,HHZ,-1,91.0,,314.0,,35.89372230648
nc73477236,NC,MMX1,,HN3,-1,88.0,,304.9,,38.29553272104
nc73477236,NC,MEM,,EHZ,-1,88.0,,312.7,,40.29704139984
nc73477236,NC,MMLB,,HHZ,-1,88.0,,308.8,,42.44310348322
nc73477236,NC,MQ1P,,EHZ,1,88.0,,300.2,,42.643254351100005
nc73477236,NC,MMP,,EHZ,1,88.0,,299.4,,43.04355608686
nc73477236,NC,MDY,,HHZ,-1,88.0,,306.3,,44.7003604932
nc73477236,NC,MINS,,HHZ,-1,88.0,,302.8,,47.99173032056
nc73477236,NC,MDPB,,HHZ,-1,88.0,,299.4,,48.16964220312
nc73477236,NC,MBS1,,EP1,1,88.0,,321.6,,48.30307611504
nc73477236,NC,MDC,2.0,EHZ,-1,88.0,,309.9,,50.28234580852
nc73477236,CI,MLAC,,HHZ,-1,90.0,,318.7,,31.023384521400004
nc73477236,NC,MCO,,EHZ,-1,90.0,,314.0,,31.77951002228
nc73477291,NC,MCV,,EHZ,1,115.0,,43.3,,6.88296595654
nc73477291,NC,MLC,,EHZ,-1,110.0,,338.9,,7.987131577678
nc73477291,NC,MCO,,EHZ,1,109.0,,11.9,,8.396328907566
nc73477291,NC,MGPB,,EHZ,-1,106.0,,348.8,,9.175805343032
nc73477291,NC,MMX1,,HN3,-1,102.0,,319.8,,10.510144462232
nc73477291,NC,MQ1P,,EHZ,1,94.0,,301.7,,14.37750400938
nc73477291,NC,MMP,,EHZ,-1,94.0,,299.3,,14.76668625248
nc73477291,NC,MLH,,EHZ,1,94.0,,21.9,,15.98983044508
nc73477291,NC,MINS,,HHZ,1,85.0,,307.7,,19.83717490544
nc73477291,NC,MDPB,,HHZ,1,85.0,,299.3,,19.89277236874
nc73477291,NC,MMT,,EHZ,1,77.0,,234.5,,32.27988719198
nc73477386,NC,MCV,,EHZ,1,129.0,,339.6,,13.63249800116
nc73477386,NC,MGPB,,EHZ,-1,119.0,,326.2,,20.22635714854
nc73477386,NC,MTU,2.0,EHZ,-1,115.0,,125.9,,23.11742524014
nc73477386,NC,MDPB,,HHZ,1,107.0,,303.2,,32.06861683144
nc73477386,NC,MINS,,HHZ,1,107.0,,308.4,,32.12421429474
nc73477386,NC,MDC,2.0,EHZ,-1,105.0,,318.1,,35.126477312940004
nc73477386,NC,MMT,,EHZ,1,103.0,,253.0,,37.46157077154
nc73477426,NC,MRC,,EHZ,-1,94.0,,3.0,,28.49925968758
nc73477426,NC,MCV,,EHZ,-1,83.0,,305.6,,33.0804906635
nc73477426,NC,MDR,2.0,EHZ,-1,82.0,,311.8,,36.8611181679
nc73477426,NC,MCO,,EHZ,-1,82.0,,307.0,,37.39485381558
nc73477426,NC,MLH,,EHZ,-1,82.0,,318.7,,38.74031242744
nc73477426,NC,MGPB,,EHZ,1,82.0,,304.9,,40.71958212092
nc73477426,NC,MLC,,EHZ,-1,82.0,,302.2,,40.786299076880006
nc73477426,NC,MCB,,HHZ,-1,82.0,,307.6,,41.4757076218
nc73477426,NC,MEM,,EHZ,-1,82.0,,307.2,,45.95686316378
nc73477426,NC,MQ1P,,EHZ,-1,82.0,,296.5,,49.01472364528001
nc73477426,NC,MBS1,,EP1,-1,82.0,,316.0,,53.24013085608
nc73477426,NC,MINS,,HHZ,1,82.0,,299.2,,54.21864621016
nc73477426,NC,MDPB,,HHZ,1,82.0,,296.2,,54.57446997528
nc73477426,NC,MDC,2.0,EHZ,1,82.0,,305.6,,56.08672097704
nc73477446,NC,MQ1P,,EHZ,1,158.0,,239.0,,1.919224433116
nc73477446,NC,MMP,,EHZ,1,150.0,,239.9,,2.654222897942
nc73477446,NC,MCY,,EHZ,1,144.0,,315.4,,3.321392457542
nc73477446,NC,MMX1,,HN3,1,139.0,,97.6,,3.822881576508
nc73477446,NC,MDY,,HHZ,1,137.0,,348.3,,4.123107878328001
nc73477446,NC,MINS,,HHZ,1,123.0,,304.8,,6.256938519782
nc73477446,NC,MDPB,,HHZ,-1,119.0,,279.9,,6.87184646388
nc73477446,NC,MDC,2.0,EHZ,1,106.0,,340.6,,10.364479108386
nc73477451,NC,MQ1P,,EHZ,1,159.0,,258.2,,2.027083511918
nc73477451,NC,MLI,,HHZ,1,152.0,,323.3,,2.8098957951820003
nc73477451,NC,MMX1,,HN3,1,146.0,,88.8,,3.451490521664
nc73477451,NC,MCY,,EHZ,1,142.0,,317.8,,3.970770828886
nc73477451,NC,MINS,,HHZ,1,123.0,,307.2,,6.867398666816
nc73477451,NC,MEM,,EHZ,1,120.0,,43.3,,7.57793424779
nc73477451,NC,MGPB,,EHZ,-1,116.0,,82.8,,8.537546464348
nc73477451,NC,MDC,2.0,EHZ,1,108.0,,339.9,,11.01941722606
nc73477451,NC,MDR,2.0,EHZ,-1,99.0,,80.5,,14.57765487726
nc73477451,NC,MBS1,,EP1,1,98.0,,16.5,,16.745955945960002
nc73477451,NC,MDPB,,HHZ,-1,121.0,,283.9,,7.321073967344
nc73477451,NC,MDY,,HHZ,1,136.0,,345.8,,4.758030909214
nc73477451,NC,MMLB,,HHZ,1,134.0,,20.2,,5.039354073512
nc73477451,NC,MMP,,EHZ,1,152.0,,254.0,,2.743178839222
nc73477456,NC,MQ1P,,EHZ,1,160.0,,262.4,,2.0026206280660004
nc73477456,NC,MLI,,HHZ,1,152.0,,325.0,,2.928874366644
nc73477456,NC,MMX1,,HN3,1,147.0,,86.4,,3.457050267994
nc73477456,NC,MCY,,EHZ,1,142.0,,319.2,,4.08085380622
nc73477456,NC,MDPB,,HHZ,-1,123.0,,285.0,,7.357768293122
nc73477456,NC,MEM,,EHZ,1,121.0,,42.6,,7.685793326592
nc73477456,NC,MGPB,,EHZ,-1,117.0,,81.8,,8.557561551136
nc73477456,NC,MDC,2.0,EHZ,1,109.0,,340.2,,11.15285113798
nc73477456,NC,MCO,,EHZ,-1,102.0,,87.9,,12.0090520728
nc73477456,NC,MDR,2.0,EHZ,-1,101.0,,79.9,,14.61101335524
nc73477456,NC,MCV,,EHZ,-1,100.0,,100.5,,15.24482443686
nc73477456,NC,MDY,,HHZ,1,137.0,,346.2,,4.902584313794
nc73477456,NC,MINS,,HHZ,1,124.0,,308.2,,6.957466557362
nc73477456,NC,MMLB,,HHZ,1,134.0,,19.6,,5.178347731762
nc73477456,NC,MMP,,EHZ,1,154.0,,257.0,,2.7064845134440003
nc73477461,NC,MQ1P,,EHZ,1,163.0,,271.0,,1.73464085496
nc73477461,NC,MMX1,,HN3,1,146.0,,82.1,,3.73614953376
nc73477461,NC,MDPB,,HHZ,-1,125.0,,287.8,,7.200983446616
nc73477461,NC,MLC,,EHZ,-1,123.0,,90.3,,7.627971964759999
nc73477461,NC,MCS,,EHZ,1,115.0,,60.8,,9.68507810686
nc73477461,NC,MDH,,HNZ,-1,110.0,,47.5,,11.085022232754
nc73477461,NC,MDH1,1.0,DP1,-1,110.0,,47.5,,11.085022232754
nc73477461,NC,MDC,2.0,EHZ,1,110.0,,341.9,,11.35300200586
nc73477461,CI,MLAC,,HHZ,-1,102.0,,82.3,,14.755566759820002
nc73477461,NC,MCV,,EHZ,-1,101.0,,99.3,,15.44497530474
nc73477461,NC,MBS1,,EP1,-1,99.0,,16.9,,17.235213623
nc73477461,NC,MLH,,EHZ,-1,98.0,,65.9,,18.03581709452
nc73477461,NC,MMT,,EHZ,-1,90.0,,210.9,,30.60084380032
nc73477461,NC,MRC,,EHZ,-1,87.0,,81.0,,44.17774433818
nc73477461,NC,MMI,,EHZ,-1,86.0,,252.1,,69.01869094062
nc73477461,NC,MPR,,EHZ,-1,85.0,,283.8,,91.7914119083
nc73477461,NC,MHD,,EHZ,-1,84.0,,235.4,,96.37264288422
nc73477461,BK,BUCR,0.0,HHZ,1,84.0,,274.2,,101.55432646378
nc73477461,BK,LEGD,0.0,HHZ,-1,84.0,,246.7,,110.79462486424
nc73477461,NC,MCB,,HHZ,-1,114.0,,69.0,,9.908579909326
nc73477461,NC,MCO,,EHZ,-1,104.0,,86.6,,12.26480040398
nc73477461,NC,MCY,,EHZ,1,143.0,,324.4,,4.158690254840001
nc73477461,NC,MDR,2.0,EHZ,-1,102.0,,79.0,,14.91123965706
nc73477461,NC,MDY,,HHZ,1,137.0,,349.7,,5.139429507452
nc73477461,NC,MEM,,EHZ,1,121.0,,42.5,,8.07275167116
nc73477461,NC,MGPB,,EHZ,-1,118.0,,80.1,,8.85111615736
nc73477461,NC,MINS,,HHZ,1,126.0,,311.3,,6.954130709564
nc73477461,NC,MLI,,HHZ,1,152.0,,332.1,,3.051188785904
nc73477461,NC,MMLB,,HHZ,1,134.0,,21.0,,5.54306709101
nc73477461,NC,MMP,,EHZ,1,157.0,,262.6,,2.40737016089
nc73477471,NC,MQ1P,,EHZ,1,164.0,,273.1,,1.59008745038
nc73477471,NC,MMX1,,HN3,1,144.0,,81.6,,3.889598532468
nc73477471,NC,MCY,,EHZ,1,143.0,,326.6,,4.11977203053
nc73477471,NC,MDPB,,HHZ,-1,125.0,,288.6,,7.078669027356
nc73477471,NC,MEM,,EHZ,1,119.0,,42.9,,8.213969227942
nc73477471,NC,MGPB,,EHZ,-1,117.0,,79.9,,9.005677105334001
nc73477471,NC,MCB,,HHZ,-1,113.0,,69.0,,10.066476705098
nc73477471,NC,MDH,,HNZ,-1,109.0,,47.8,,11.2306875866
nc73477471,NC,MDC,2.0,EHZ,1,109.0,,342.7,,11.36412149852
nc73477471,CI,MLAC,,HHZ,-1,101.0,,82.1,,14.91123965706
nc73477471,NC,MDR,2.0,EHZ,-1,101.0,,78.9,,15.066912554300002
nc73477471,NC,MCV,,EHZ,-1,100.0,,99.0,,15.57840921666
nc73477471,NC,MMT,,EHZ,-1,93.0,,210.7,,30.478529381060003
nc73477471,NC,MMI,,EHZ,-1,83.0,,252.1,,68.86301804338
nc73477471,NC,MHD,,EHZ,-1,82.0,,235.3,,96.21696998698
nc73477471,NC,MDY,,HHZ,1,135.0,,351.4,,5.169452137634
nc73477471,NC,MINS,,HHZ,1,126.0,,312.5,,6.880742058008
nc73477471,NC,MLI,,HHZ,1,151.0,,335.0,,3.034509546914
nc73477471,NC,MMLB,,HHZ,1,133.0,,22.2,,5.649814220546
nc73477471,NC,MMP,,EHZ,1,158.0,,263.5,,2.255033111448
nc73477486,NC,MMX1,,HN3,-1,106.0,,317.6,,22.80607944566
nc73477486,NC,MCS,,EHZ,-1,105.0,,333.2,,23.53996596122
nc73477486,NC,MDH,,HNZ,-1,103.0,,335.4,,26.14192724366
nc73477486,NC,MQ1P,,EHZ,-1,103.0,,308.2,,26.48663151612
nc73477486,NC,MMP,,EHZ,-1,103.0,,306.8,,26.7979773106
nc73477486,NC,MCY,,EHZ,-1,101.0,,312.6,,29.17754873984
nc73477486,NC,MDY,,HHZ,-1,101.0,,317.0,,29.27762417378
nc73477486,NC,MINS,,HHZ,-1,99.0,,310.8,,32.0797363241
nc73477486,NC,MRC,,EHZ,1,98.0,,46.6,,33.70318225246
nc73477486,NC,MDC,2.0,EHZ,-1,97.0,,320.2,,35.31550868816
nc73477486,NC,MBS1,,EP1,-1,97.0,,336.9,,35.66021296062
nc73477486,NC,MMT,,EHZ,1,97.0,,254.1,,36.31626302756
nc73477486,NC,MMI,,EHZ,1,89.0,,266.8,,84.99740189303999
nc73477486,NC,MHD,,EHZ,-1,87.0,,248.8,,105.75749468926
nc73477486,NC,MPR,,EHZ,-1,86.0,,289.6,,114.7531642512
nc73477486,BK,LEGD,0.0,HHZ,1,85.0,,257.4,,124.09353808560002
nc73477486,CI,MLAC,,HHZ,-1,112.0,,346.2,,18.7919425954
nc73477486,NC,MCB,,HHZ,-1,106.0,,333.7,,22.13890988606
nc73477486,NC,MCO,,EHZ,-1,112.0,,338.1,,18.33604339634
nc73477486,NC,MCV,,EHZ,-1,117.0,,344.3,,14.32190654608
nc73477486,NC,MDPB,,HHZ,-1,99.0,,305.6,,31.89070494888
nc73477486,NC,MDR,2.0,EHZ,-1,110.0,,346.9,,19.6259045449
nc73477486,NC,MEM,,EHZ,1,103.0,,328.6,,26.08632978036
nc73477486,NC,MGPB,,EHZ,-1,109.0,,329.8,,20.60441989898
nc73477486,NC,MLC,,EHZ,-1,110.0,,324.8,,19.89277236874
nc73477486,NC,MLH,,EHZ,-1,105.0,,353.7,,23.76235581442
nc73477486,NC,MMLB,,HHZ,-1,102.0,,321.6,,27.45402737754
nc73477491,NC,MCV,,EHZ,-1,97.0,,354.3,,13.55466155254
nc73477491,NC,MCO,,EHZ,1,96.0,,345.5,,17.25745260832
nc73477491,NC,MLC,,EHZ,-1,95.0,,330.8,,18.2915654257
nc73477491,NC,MDR,2.0,EHZ,-1,95.0,,354.1,,18.91425701466
nc73477491,NC,MGPB,,EHZ,-1,95.0,,335.9,,19.1811248385
nc73477491,NC,MDPB,,HHZ,-1,80.0,,308.0,,29.677925909540004
nc73477491,NC,MINS,,HHZ,-1,80.0,,313.5,,29.98927170402
nc73477491,NC,MDC,2.0,EHZ,1,78.0,,323.2,,33.503031384580005
nc73477491,NC,MMT,,EHZ,1,78.0,,252.5,,33.9700500763
nc73477581,NC,MDH,,HNZ,-1,122.0,,295.0,,4.8136283725140006
nc73477581,NC,MDH1,1.0,DP1,1,122.0,,295.0,,4.8136283725140006
nc73477581,NC,MCV,,EHZ,-1,104.0,,161.5,,8.370754074448
nc73477581,NC,MMX1,,HN3,1,99.0,,240.9,,10.142089255186
nc73477581,NC,MMLB,,HHZ,-1,98.0,,268.6,,10.56907777333
nc73477581,NC,MBS1,,EP1,1,90.0,,325.9,,13.36563017732
nc73477581,NC,MQ1P,,EHZ,1,92.0,,249.3,,15.2893024075
nc73477581,NC,MMP,,EHZ,1,86.0,,248.9,,16.02318892306
nc73477581,NC,MINS,,HHZ,1,85.0,,267.3,,17.813427241320003
nc73477581,NC,MDPB,,HHZ,1,84.0,,260.5,,19.69262150086
nc73477581,NC,MTU,2.0,EHZ,-1,71.0,,142.6,,43.0880340575
nc73477581,NC,MMI,,EHZ,1,71.0,,251.2,,82.66230843443999
nc73477581,NC,MHD,,EHZ,1,71.0,,236.8,,109.83834849548
nc73477581,CI,MLAC,,HHZ,-1,128.0,,149.5,,4.037487784846
nc73477581,NC,MCB,,HHZ,1,130.0,,240.1,,3.816209880912
nc73477581,NC,MCD,,EHZ,-1,72.0,,108.9,,38.84038786138
nc73477581,NC,MCO,,EHZ,1,123.0,,183.9,,4.729120228298
nc73477581,NC,MCS,,EHZ,1,127.0,,259.8,,4.163138051904
nc73477581,NC,MDC,2.0,EHZ,-1,86.0,,288.5,,16.96834579916
nc73477581,NC,MDR,2.0,EHZ,-1,135.0,,141.7,,3.333623899468
nc73477581,NC,MEM,,EHZ,-1,108.0,,274.1,,7.1164753024000005
nc73477581,NC,MGPB,,EHZ,1,117.0,,224.2,,5.49858912037
nc73477581,NC,MLC,,EHZ,1,108.0,,221.9,,7.378895329176
nc73477581,NC,MLH,,EHZ,1,126.0,,64.1,,4.348833579326
nc73477586,NC,MCB,,HHZ,1,103.0,,238.2,,3.578252737988
nc73477586,NC,MCS,,EHZ,-1,99.0,,259.4,,3.899606075862
nc73477586,NC,MDH1,1.0,DP1,1,101.0,,296.6,,4.583454874452
nc73477586,NC,MLH,,EHZ,1,101.0,,65.3,,4.595686316378
nc73477586,NC,MGPB,,EHZ,1,76.0,,222.3,,5.302886049554001
nc73477586,NC,MEM,,EHZ,-1,68.0,,274.4,,6.854055275624
nc73477586,NC,MLC,,EHZ,1,68.0,,220.4,,7.189863953955999
nc73477586,NC,MCV,,EHZ,1,68.0,,159.7,,8.440806878206
nc73477586,NC,MBS1,,EP1,-1,68.0,,326.9,,13.2321962654
nc73477586,NC,MDC,2.0,EHZ,-1,67.0,,288.9,,16.72371696064
nc73477586,BK,OVRO,0.0,HHZ,1,58.0,,132.9,,70.09728172864
nc73477586,NC,MCO,,EHZ,1,101.0,,180.7,,4.700209547382
nc73477586,NC,MDR,2.0,EHZ,-1,106.0,,138.1,,3.4904087459740003
nc73477666,CI,MLAC,,HHZ,-1,137.0,,150.0,,3.7806275044
nc73477666,NC,MCS,,EHZ,1,133.0,,262.9,,4.292124166760001
nc73477666,NC,MLH,,EHZ,1,133.0,,60.7,,4.298795862356
nc73477666,NC,MDH,,HNZ,-1,127.0,,296.3,,5.0471377183740005
nc73477666,NC,MDH1,1.0,DP1,1,127.0,,296.3,,5.0471377183740005
nc73477666,NC,MEM,,EHZ,-1,115.0,,275.6,,7.294387184960001
nc73477666,NC,MCV,,EHZ,-1,111.0,,162.1,,8.126125235928
nc73477666,NC,MMX1,,HN3,1,105.0,,242.3,,10.187679175092
nc73477666,NC,MDC,2.0,EHZ,-1,95.0,,289.0,,17.190735652359997
nc73477666,NC,MDPB,,HHZ,1,85.0,,261.2,,19.81493592012
nc73477666,NC,MMT,,EHZ,1,75.0,,222.1,,42.45422297588
nc73477666,NC,MCB,,HHZ,1,136.0,,243.9,,3.862911750084
nc73477666,NC,MCO,,EHZ,1,131.0,,186.1,,4.540088853078
nc73477666,NC,MDR,2.0,EHZ,-1,144.0,,141.7,,3.0734277712240003
nc73477666,NC,MLC,,EHZ,1,115.0,,223.9,,7.341089054131999
nc73477801,NC,MCV,,EHZ,-1,84.0,,353.5,,17.679993329400002
nc73477801,CI,MLAC,,HHZ,1,81.0,,353.2,,22.17226836404
nc73477801,NC,MLC,,EHZ,-1,81.0,,334.4,,22.20562684202
nc73477801,NC,MDR,2.0,EHZ,-1,81.0,,353.5,,23.028469298860003
nc73477801,NC,MCB,,HHZ,-1,79.0,,341.4,,24.91878305106
nc73477801,NC,MMT,,EHZ,1,73.0,,259.5,,33.62534580384
nc73477801,NC,MMX1,,HN3,1,79.0,,326.8,,24.64079573456
nc73477801,NC,MQ1P,,EHZ,1,77.0,,316.8,,27.65417824542
nc73477801,NC,MEM,,EHZ,-1,77.0,,335.7,,28.54373765822
nc73477801,NC,MMLB,,HHZ,-1,76.0,,329.0,,29.48889453432
nc73477801,NC,MDY,,HHZ,1,75.0,,324.3,,31.00114553608
nc73477801,NC,MDPB,,HHZ,-1,74.0,,312.9,,32.82474233232
nc73477801,NC,MINS,,HHZ,-1,74.0,,317.8,,33.36959747266
nc73477801,NC,MMI,,EHZ,-1,69.0,,269.3,,82.99589321424
nc73477931,NC,MCV,,EHZ,1,139.0,,15.0,,3.03006174985
nc73477931,NC,MCO,,EHZ,-1,112.0,,340.3,,6.5249182928880005
nc73477931,NC,MLC,,EHZ,-1,103.0,,308.4,,8.689883513789999
nc73477931,NC,MCB,,HHZ,-1,99.0,,330.0,,10.35780741279
nc73477931,NC,MCS,,EHZ,-1,95.0,,329.5,,11.76442323428
nc73477931,NC,MLH,,EHZ,-1,90.0,,9.0,,12.90973097826
nc73477931,NC,MMT,,EHZ,1,73.0,,235.4,,36.70544527066
nc73477996,NC,MTU,2.0,EHZ,1,84.0,,110.8,,19.0699299119
nc73477996,NC,MCO,,EHZ,-1,81.0,,339.2,,24.34056943274
nc73477996,CI,MLAC,,HHZ,-1,80.0,,345.3,,24.7964686318
nc73477996,NC,MDR,2.0,EHZ,-1,80.0,,345.8,,25.6304305813
nc73477996,NC,MLC,,EHZ,1,80.0,,328.9,,25.69714753726
nc73477996,NC,MGPB,,EHZ,-1,79.0,,332.7,,26.50887050144
nc73477996,NC,MQ1P,,EHZ,-1,76.0,,314.4,,31.646076110360003
nc73477996,NC,MDPB,,HHZ,1,73.0,,311.2,,36.89447664588
nc73477996,NC,MMT,,EHZ,1,73.0,,263.5,,37.00567157248
nc73477996,NC,MBS1,,EP1,-1,71.0,,337.7,,41.65361950436
nc73478006,NC,MCS,,EHZ,-1,118.0,,262.9,,4.158690254840001
nc73478006,NC,MGPB,,EHZ,-1,108.0,,226.1,,5.364043259184
nc73478006,NC,MCV,,EHZ,-1,97.0,,161.2,,8.15058811978
nc73478006,NC,MMX1,,HN3,1,93.0,,242.1,,10.062028908034
nc73478006,NC,MINS,,HHZ,1,84.0,,268.0,,17.835666226639997
nc73478006,NC,MDPB,,HHZ,1,82.0,,261.2,,19.6815020082
nc73478006,NC,MRC,,EHZ,1,74.0,,87.0,,31.09010147736
nc73478006,NC,MMT,,EHZ,1,69.0,,222.0,,42.35414754194
nc73478006,CI,MLAC,,HHZ,-1,120.0,,148.2,,3.832889119902
nc73478006,NC,MCB,,HHZ,-1,121.0,,243.3,,3.73614953376
nc73478006,NC,MCO,,EHZ,-1,115.0,,184.4,,4.510066222896
nc73478006,NC,MDR,2.0,EHZ,-1,129.0,,139.6,,3.143480574982
nc73478006,NC,MEM,,EHZ,1,100.0,,275.9,,7.164289120838
nc73478006,NC,MLH,,EHZ,1,116.0,,61.3,,4.423334180148
nc73478111,NC,MCB,,HHZ,-1,125.0,,236.2,,3.820657677976
nc73478111,NC,MCS,,EHZ,-1,123.0,,256.4,,4.078629907688
nc73478111,NC,MLH,,EHZ,-1,121.0,,67.5,,4.378856209508
nc73478111,NC,MDH1,1.0,DP1,1,119.0,,293.2,,4.602358011974
nc73478111,NC,MCO,,EHZ,-1,116.0,,182.2,,4.943726436636
nc73478111,NC,MGPB,,EHZ,-1,112.0,,221.7,,5.57086582266
nc73478111,NC,MCV,,EHZ,1,100.0,,161.1,,8.62316655783
nc73478221,NC,MMX1,,HN3,-1,151.0,,239.7,,3.721694193302
nc73478221,NC,MDH,,HNZ,1,141.0,,14.1,,5.23728104286
nc73478221,NC,MDH1,1.0,DP1,-1,141.0,,14.1,,5.23728104286
nc73478221,NC,MMLB,,HHZ,1,139.0,,299.6,,5.653150068344001
nc73478221,CI,MLAC,,HHZ,1,129.0,,93.1,,7.71692790604
nc73478221,NC,MDY,,HHZ,-1,127.0,,288.9,,8.281798133168001
nc73478221,NC,MQ1P,,EHZ,-1,124.0,,254.7,,8.965646931758
nc73478221,NC,MCV,,EHZ,-1,121.0,,120.5,,9.64615988255
nc73478221,NC,MINS,,HHZ,-1,111.0,,280.3,,12.3426368526
nc73478221,NC,MDC,2.0,EHZ,1,110.0,,308.9,,13.41010814796
nc73478221,NC,MBS1,,EP1,-1,109.0,,352.5,,14.221831112140002
nc73478221,NC,MMT,,EHZ,1,92.0,,218.3,,36.51641389544
nc73478221,NC,MMI,,EHZ,1,87.0,,252.0,,76.33531711090001
nc73478221,NC,MPR,,EHZ,1,86.0,,281.5,,98.0183277979
nc73478221,NC,MHD,,EHZ,-1,86.0,,236.5,,103.44464021598
nc73478221,NC,MCB,,HHZ,1,159.0,,63.6,,2.608632978036
nc73478221,NC,MCO,,EHZ,-1,139.0,,107.4,,5.585321163118
nc73478221,NC,MCS,,EHZ,1,158.0,,33.7,,2.787656809862
nc73478221,NC,MDPB,,HHZ,-1,109.0,,269.2,,13.77705140574
nc73478221,NC,MDR,2.0,EHZ,1,129.0,,86.7,,7.732495195764001
nc73478221,NC,MEM,,EHZ,1,150.0,,337.9,,3.84178471403
nc73478221,NC,MGPB,,EHZ,-1,163.0,,116.1,,2.008180374396
nc73478221,NC,MLC,,EHZ,-1,160.0,,163.8,,2.531908478682
nc73478221,NC,MLH,,EHZ,1,118.0,,62.5,,10.767004742678
nc73478221,NC,MMP,,EHZ,-1,121.0,,253.8,,9.686190056126
nc73478226,NC,MCV,,EHZ,-1,127.0,,359.7,,5.441879707804
nc73478226,NC,MCO,,EHZ,1,110.0,,340.9,,9.166909748904
nc73478226,NC,MDR,2.0,EHZ,-1,105.0,,356.7,,10.78034813387
nc73478226,NC,MLC,,EHZ,1,104.0,,316.1,,10.983834849548002
nc73478226,NC,MGPB,,EHZ,1,103.0,,325.4,,11.48643591778
nc73478226,NC,MMX1,,HN3,1,97.0,,306.3,,14.32190654608
nc73478226,NC,MQ1P,,EHZ,1,95.0,,295.3,,18.78082310274
nc73478226,NC,MMP,,EHZ,1,95.0,,293.5,,19.2367223018
nc73478226,NC,MDPB,,HHZ,1,84.0,,294.8,,24.34056943274
nc73478226,NC,MBS1,,EP1,1,82.0,,337.4,,26.47551202346
nc73478226,NC,MDC,2.0,EHZ,1,82.0,,315.1,,26.54222897942
nc73478306,NC,MMP,,EHZ,1,156.0,,330.9,,1.997060881736
nc73478306,NC,MCY,,EHZ,-1,125.0,,349.5,,5.525275902754
nc73478306,NC,MMX1,,HN3,-1,124.0,,63.2,,5.722090922836
nc73478306,NC,MDPB,,HHZ,1,117.0,,308.1,,6.907428840392
nc73478306,NC,MINS,,HHZ,1,114.0,,330.2,,7.655770696409999
nc73478306,NC,MGPB,,EHZ,1,103.0,,70.5,,10.743653808092
nc73478306,NC,MDC,2.0,EHZ,1,95.0,,350.6,,13.02092590486
nc73478306,NC,MCO,,EHZ,-1,95.0,,78.4,,13.94384379564
nc73478311,NC,MCD,,EHZ,1,128.0,,32.9,,16.857150872560002
nc73478311,NP,1589,10.0,HNZ,1,122.0,,109.0,,20.49322497238
nc73478311,NC,MRC,,EHZ,-1,113.0,,7.2,,28.2991088197
nc73478311,NC,MCV,,EHZ,1,110.0,,307.2,,31.20129640396
nc73478311,BK,OVRO,0.0,BHZ,1,110.0,,132.1,,31.534881183760003
nc73478311,NC,MDR,2.0,EHZ,1,107.0,,313.6,,35.09311883496
nc73478311,NC,MLH,,EHZ,1,106.0,,320.6,,37.11686649908
nc73478311,NC,MCS,,EHZ,1,104.0,,309.6,,40.9753304521
nc73478311,NC,MMX1,,HN3,1,103.0,,301.1,,42.4764619612
nc73478311,NC,MMLB,,HHZ,1,102.0,,305.0,,46.4238818555
nc73478311,NC,MMP,,EHZ,1,101.0,,296.5,,47.446875180220005
nc73478311,NC,MBS1,,EP1,-1,100.0,,317.3,,51.549967971760005
nc73478311,NC,MINS,,HHZ,1,99.0,,299.9,,52.23937651668
nc73478311,NC,MDC,2.0,EHZ,-1,99.0,,306.5,,54.19640722484
nc73478311,NC,MMT,,EHZ,1,98.0,,265.1,,56.2090353963
nc73478311,NC,MMI,,EHZ,1,90.0,,270.3,,105.92428707916
nc73478311,NC,MHD,,EHZ,1,88.0,,254.6,,124.2047330122
nc73478311,NC,MPR,,EHZ,1,87.0,,288.7,,136.3249800116
nc73478311,NC,MCB,,HHZ,1,105.0,,309.0,,39.62987184024
nc73478311,NC,MCO,,EHZ,1,107.0,,308.5,,35.5267790487
nc73478311,NC,MDPB,,HHZ,1,99.0,,296.8,,52.56184180382
nc73478311,NC,MEM,,EHZ,1,102.0,,308.4,,44.0887883969
nc73478311,NC,MFB,,EHZ,1,142.0,,84.8,,10.52459980269
nc73478311,NC,MLC,,EHZ,1,105.0,,303.4,,38.85150735404
nc73478311,NC,MTU,2.0,EHZ,-1,150.0,,190.6,,7.642427305218
nc73478401,NC,MCV,,EHZ,-1,62.0,,351.1,,17.91350267526
nc73478401,NC,MLC,,EHZ,-1,61.0,,332.8,,22.67264553374
nc73478401,NC,MDR,2.0,EHZ,-1,61.0,,351.7,,23.26197864472
nc73478401,NC,MMX1,,HN3,1,61.0,,325.4,,25.1856508749
nc73478401,NC,MDPB,,HHZ,1,58.0,,312.1,,33.491911891920005
nc73478401,NC,MMT,,EHZ,1,58.0,,259.9,,34.37035181206
nc73478486,NC,MLC,,EHZ,1,163.0,,300.3,,1.203129105812
nc73478486,NC,MGPB,,EHZ,1,150.0,,1.4,,2.1560696267740003
nc73478486,NC,MINS,,HHZ,1,92.0,,290.7,,14.8445227011
nc73478486,NC,MDPB,,HHZ,1,93.0,,280.5,,15.7896795772
nc73478581,NC,MCO,,EHZ,-1,155.0,,29.2,,1.483340320844
nc73478581,NC,MGPB,,EHZ,-1,128.0,,306.7,,3.489296796708
nc73478581,NC,MLC,,EHZ,1,123.0,,277.8,,3.931852604576001
nc73478581,NC,MDPB,,HHZ,1,84.0,,278.7,,18.59179172752
nc73478636,NC,MQ1P,,EHZ,-1,168.0,,170.5,,0.8123901337396
nc73478636,NC,MMP,,EHZ,-1,162.0,,204.3,,1.254278772048
nc73478636,NC,MCY,,EHZ,1,145.0,,347.7,,2.605297130238
nc73478636,NC,MDPB,,HHZ,-1,121.0,,285.3,,5.172787985432
nc73478636,NC,MMX1,,HN3,1,118.0,,93.3,,5.578649467522
nc73478636,NC,MMLB,,HHZ,-1,117.0,,41.5,,5.80993491485
nc73478636,NC,MEM,,EHZ,1,104.0,,55.0,,8.936736250842
nc73478636,NC,MLC,,EHZ,1,102.0,,95.3,,9.537188854482
nc73478636,NC,MCS,,EHZ,1,98.0,,69.3,,11.03609646505
nc73478636,NC,MCB,,HHZ,1,97.0,,76.2,,11.4530774398
nc73478636,NC,MCO,,EHZ,1,91.0,,90.4,,14.1217556782
nc73478636,NC,MDR,2.0,EHZ,1,86.0,,83.0,,16.6236415267
nc73478636,NC,MCV,,EHZ,1,85.0,,101.0,,17.42424499822
nc73478636,NC,MLH,,EHZ,1,84.0,,70.4,,19.459112155
nc73478636,NC,MGPB,,EHZ,1,99.0,,86.3,,10.611331845438
nc73478636,NC,MINS,,HHZ,1,122.0,,318.2,,5.036018225714
nc73478641,NC,MQ1P,,EHZ,-1,160.0,,169.9,,1.510027103228
nc73478641,NC,MMP,,EHZ,-1,155.0,,191.9,,1.866962817614
nc73478641,NC,MINS,,HHZ,1,130.0,,313.6,,4.452244861064
nc73478641,NC,MDPB,,HHZ,1,126.0,,278.0,,4.904808212326
nc73478641,NC,MMX1,,HN3,1,120.0,,100.0,,5.789919828062
nc73478641,NC,MEM,,EHZ,1,107.0,,59.2,,8.677652071864
nc73478641,NC,MLC,,EHZ,1,103.0,,99.2,,9.754018961352
nc73478641,NC,MGPB,,EHZ,1,101.0,,90.0,,10.722526772038
nc73478646,NC,MGPB,,EHZ,-1,153.0,,196.4,,1.939239519904
nc73478646,NC,MLC,,EHZ,-1,132.0,,205.6,,3.78618725073
nc73478646,NC,MCO,,EHZ,-1,131.0,,131.8,,3.983002270812
nc73478646,NC,MDH1,1.0,DP1,-1,129.0,,345.4,,4.23652670346
nc73478646,NC,MDR,2.0,EHZ,1,120.0,,95.8,,5.3929539401
nc73478646,NC,MMX1,,HN3,-1,115.0,,242.8,,6.259162418314
nc73478646,NC,MLH,,EHZ,1,106.0,,61.1,,8.2284245684
nc73478646,NC,MCV,,EHZ,-1,106.0,,134.6,,8.362970429586
nc73478646,NC,MCB,,HHZ,1,176.0,,355.1,,0.1739088652024
nc73478646,NC,MCS,,EHZ,1,158.0,,329.1,,1.558952870932
nc73478991,NC,MCV,,EHZ,-1,120.0,,344.4,,13.276674236040002
nc73478991,CI,MLAC,,HHZ,1,115.0,,346.4,,17.74671028536
nc73478991,NC,MDR,2.0,EHZ,-1,114.0,,347.0,,18.58067223486
nc73478991,NC,MLC,,EHZ,-1,113.0,,323.8,,18.91425701466
nc73478991,NC,MCB,,HHZ,1,110.0,,333.2,,21.11591656134
nc73478991,NC,MMX1,,HN3,1,109.0,,316.4,,21.87204206222
nc73478991,NC,MCS,,EHZ,1,107.0,,332.7,,22.50585314384
nc73478991,NC,MLH,,EHZ,-1,107.0,,354.1,,22.72824299704
nc73478991,NC,MEM,,EHZ,-1,106.0,,328.0,,25.08557544096
nc73478991,NC,MMLB,,HHZ,1,104.0,,320.7,,26.48663151612
nc73478991,NC,MDPB,,HHZ,1,101.0,,304.4,,31.078981984700004
nc73478991,NC,MLM,,EHZ,-1,101.0,,333.7,,31.39032777918
nc73478991,NC,MDC,2.0,EHZ,1,99.0,,319.6,,34.3592323194
nc73478991,NC,MMT,,EHZ,1,98.0,,252.5,,36.31626302756
nc73479016,NC,MCV,,EHZ,1,98.0,,329.7,,11.88673765354
nc73479016,CI,MLAC,,HHZ,-1,94.0,,335.8,,16.13438384966
nc73479016,NC,MDR,2.0,EHZ,1,94.0,,337.1,,16.92386782852
nc73479016,NC,MLC,,EHZ,1,85.0,,313.1,,18.63626969816
nc73479016,NC,MMT,,EHZ,1,74.0,,250.0,,39.42972097236
nc73479456,NC,MCV,,EHZ,1,132.0,,48.8,,5.634246930822
nc73479456,NC,MLC,,EHZ,-1,124.0,,331.4,,7.015287919193999
nc73479456,NC,MCO,,EHZ,1,124.0,,10.2,,7.030855208917999
nc73479456,NC,MDR,2.0,EHZ,1,113.0,,21.9,,9.732891925298
nc73479456,NC,MCB,,HHZ,1,112.0,,349.9,,9.891900670336
nc73479456,NC,MLH,,EHZ,1,100.0,,22.0,,14.59989386258
nc73479481,NC,MCV,,EHZ,-1,140.0,,4.5,,4.215399667406
nc73479481,NC,MCO,,EHZ,-1,118.0,,340.4,,7.880384448142
nc73479481,NC,MDR,2.0,EHZ,-1,112.0,,358.4,,9.527181311088
nc73479481,NC,MLC,,EHZ,-1,111.0,,312.6,,9.865213887952
nc73479606,NC,MCV,,EHZ,1,95.0,,11.6,,15.97871095242
nc73479606,NC,MMX1,,HN3,-1,85.0,,336.1,,20.43762750908
nc73479606,NC,MDR,2.0,EHZ,1,85.0,,7.1,,21.13815554666
nc73479606,NC,MQ1P,,EHZ,-1,85.0,,323.0,,22.80607944566
nc73479606,NC,MMP,,EHZ,-1,85.0,,321.2,,22.93951335758
nc73479606,NC,MINS,,HHZ,-1,80.0,,322.9,,28.54373765822
nc73479606,NC,MMT,,EHZ,1,80.0,,253.8,,28.9662783793
nc73479606,NC,MLC,,EHZ,-1,94.0,,346.4,,18.63626969816
nc73479606,NC,MCO,,EHZ,1,85.0,,0.7,,18.86977904402
nc73479606,CI,MLAC,,HHZ,-1,85.0,,7.3,,20.28195461184
nc73479631,NC,MCB,,HHZ,1,172.0,,147.5,,0.4093085248146
nc73479631,NC,MCS,,EHZ,1,163.0,,325.4,,0.9958617626296
nc73479631,NC,MLC,,EHZ,-1,123.0,,199.6,,4.173145595298
nc73479631,NC,MCO,,EHZ,-1,121.0,,134.7,,4.508954273630001
nc73479631,NC,MCV,,EHZ,-1,100.0,,135.9,,8.896706077266
nc73479711,NC,MMX1,,HN3,-1,98.0,,305.2,,13.76593191308
nc73479711,NC,MLH,,EHZ,1,98.0,,5.9,,14.811164223120002
nc73479711,NC,MDH,,HNZ,1,97.0,,335.6,,16.334534717540002
nc73479711,NC,MQ1P,,EHZ,-1,96.0,,294.1,,18.2915654257
nc73479711,NC,MMP,,EHZ,-1,96.0,,292.4,,18.75858411742
nc73479711,NC,MLI,,HHZ,-1,95.0,,301.8,,19.25896128712
nc73479711,NC,MLM,,EHZ,-1,86.0,,333.5,,22.61704807044
nc73479711,NC,MINS,,HHZ,-1,85.0,,300.8,,23.48436849792
nc73479711,NC,MBS1,,EP1,-1,83.0,,337.6,,25.86393992716
nc73479711,NC,MDC,2.0,EHZ,-1,83.0,,314.7,,25.95289586844
nc73479711,NC,MRC,,EHZ,1,80.0,,63.5,,32.0241388608
nc73479711,NC,MMT,,EHZ,1,78.0,,238.5,,36.06051469638
nc73479711,CI,MLAC,,HHZ,-1,111.0,,357.9,,9.370396464582
nc73479711,NC,MCB,,HHZ,-1,99.0,,332.6,,12.3426368526
nc73479711,NC,MCO,,EHZ,-1,114.0,,341.6,,8.564233246732
nc73479711,NC,MCS,,EHZ,-1,98.0,,331.9,,13.74369292776
nc73479711,NC,MCV,,EHZ,-1,133.0,,3.1,,4.912591857188
nc73479711,NC,MDR,2.0,EHZ,-1,108.0,,358.2,,10.231045196466
nc73479711,NC,MDY,,HHZ,-1,95.0,,308.3,,20.19299867056
nc73479711,NC,MEM,,EHZ,-1,97.0,,324.7,,16.379012688179998
nc73479711,NC,MLC,,EHZ,-1,108.0,,315.2,,10.394501738568
nc73479711,NC,MMLB,,HHZ,-1,96.0,,314.3,,18.0691755725
nc73479736,NC,MCV,,EHZ,-1,133.0,,2.9,,5.245064687722
nc73479736,CI,MLAC,,HHZ,-1,112.0,,358.0,,9.702869295116
nc73479736,NC,MLC,,EHZ,-1,109.0,,316.5,,10.632458881492
nc73479736,NC,MCB,,HHZ,-1,100.0,,333.2,,12.64286315442
nc73479736,NC,MMX1,,HN3,-1,100.0,,306.3,,13.96608278096
nc73479736,NC,MLH,,EHZ,-1,99.0,,5.7,,15.14474900292
nc73479736,NC,MQ1P,,EHZ,-1,97.0,,295.1,,18.42499933762
nc73479736,NC,MMP,,EHZ,-1,96.0,,293.3,,18.88089853668
nc73479736,NC,MINS,,HHZ,-1,93.0,,301.5,,23.66228038048
nc73479736,NC,MDC,2.0,EHZ,-1,85.0,,315.2,,26.1864052143
nc73479736,NC,MRC,,EHZ,1,82.0,,63.0,,32.17981175804
nc73479736,NC,MMT,,EHZ,1,80.0,,238.9,,35.88260281382
nc73479736,NC,MCO,,EHZ,-1,115.0,,342.2,,8.880026838276
nc73479736,NC,MCS,,EHZ,-1,100.0,,332.5,,14.03279973692
nc73479736,NC,MDR,2.0,EHZ,-1,109.0,,358.2,,10.564629976266
nc73479736,NC,MDY,,HHZ,-1,95.0,,309.0,,20.4042690311
nc73479736,NC,MEM,,EHZ,-1,98.0,,325.4,,16.65700000468
nc73479736,NC,MLM,,EHZ,-1,92.0,,333.9,,22.91727437226
nc73479736,NC,MMLB,,HHZ,-1,97.0,,315.0,,18.30268491836
nc73479801,NP,1589,10.0,HNZ,1,94.0,,97.0,,20.77121228888
nc73479801,NC,MRC,,EHZ,-1,85.0,,8.4,,32.56899400114
nc73479801,NC,MCV,,EHZ,1,85.0,,314.3,,32.95817624424
nc73479801,NC,MDR,2.0,EHZ,-1,83.0,,319.5,,37.23918091834
nc73479801,NC,MCO,,EHZ,-1,83.0,,314.6,,37.35037584494
nc73479801,NC,MLH,,EHZ,-1,83.0,,325.8,,39.68546930354
nc73479801,NC,MLC,,EHZ,1,83.0,,309.3,,40.29704139984
nc73479801,NC,MQ1P,,EHZ,1,83.0,,302.3,,47.9806108279
nc73479801,NC,MMP,,EHZ,1,83.0,,301.5,,48.35867357834
nc73479801,NC,MBS1,,EP1,-1,83.0,,321.3,,53.8739419377
nc73479801,NC,MMT,,EHZ,1,83.0,,269.3,,54.77462084316
nc73479801,NC,MDC,2.0,EHZ,-1,83.0,,310.7,,55.80873366054
nc73479801,BK,TOLH,0.0,HHZ,1,82.0,,238.5,,91.82477038628
nc73479841,NC,MQ1P,,EHZ,1,130.0,,333.6,,8.179498800696
nc73479841,NC,MMP,,EHZ,1,130.0,,328.5,,8.198401938218
nc73479841,NC,MLC,,EHZ,1,126.0,,38.1,,9.230290857066
nc73479841,NC,MCO,,EHZ,1,113.0,,52.1,,13.07652336816
nc73479841,NC,MINS,,HHZ,1,112.0,,329.1,,13.85488785436
nc73479851,NC,MMP,,EHZ,1,105.0,,342.0,,11.35300200586
nc73479851,NC,MQ1P,,EHZ,1,105.0,,345.6,,11.49755541044
nc73479851,NC,MMX1,,HN3,1,103.0,,12.4,,11.8978571462
nc73479851,NC,MLC,,EHZ,1,99.0,,30.3,,12.82077503698
nc73479851,NC,MLI,,HHZ,1,98.0,,349.5,,14.03279973692
nc73479851,NC,MCO,,EHZ,1,97.0,,43.1,,16.2344592836
nc73479851,NC,MCV,,EHZ,1,97.0,,58.5,,16.53468558542
nc73479851,NC,MINS,,HHZ,1,97.0,,338.0,,16.92386782852
nc73479851,NC,MDC,2.0,EHZ,1,86.0,,348.0,,22.383538724580003
nc73479851,NC,MMT,,EHZ,1,86.0,,228.0,,22.6837650264
nc73479856,NC,MMX1,,HN3,1,150.0,,233.9,,3.848456409626
nc73479856,NC,MDH,,HNZ,1,144.0,,16.4,,4.890352871868
nc73479856,NC,MDH1,,DP1,-1,144.0,,16.4,,4.890352871868
nc73479856,NC,MMLB,,HHZ,1,141.0,,296.6,,5.379610548908
nc73479856,NC,MCO,,EHZ,-1,139.0,,110.8,,5.8088229655840005
nc73479856,NC,MDR,2.0,EHZ,1,129.0,,89.6,,7.823675035576
nc73479856,CI,MLAC,,HHZ,1,129.0,,95.9,,7.85036181796
nc73479856,NC,MDY,,HHZ,1,128.0,,286.5,,8.064968026298
nc73479856,NC,MQ1P,,EHZ,-1,124.0,,252.2,,8.976766424417999
nc73479856,NC,MMP,,EHZ,-1,121.0,,251.4,,9.703981244382
nc73479856,NC,MCV,,EHZ,-1,121.0,,122.1,,9.93526669171
nc73479856,NC,MINS,,HHZ,1,111.0,,278.6,,12.1758444627
nc73479856,NC,MDC,2.0,EHZ,1,110.0,,307.9,,13.09876235348
nc73479856,NC,MBS1,,EP1,-1,109.0,,352.7,,13.82152937638
nc73479856,NC,MMT,,EHZ,1,92.0,,217.8,,36.76104273396
nc73479856,NC,MCB,,HHZ,1,159.0,,72.5,,2.558595261066
nc73479856,NC,MCS,,EHZ,1,160.0,,40.5,,2.54080407281
nc73479856,NC,MEM,,EHZ,1,153.0,,337.0,,3.442594927536
nc73479856,NC,MLC,,EHZ,-1,157.0,,164.0,,2.933322163708
nc73479856,NC,MLH,,EHZ,1,118.0,,64.6,,10.686944395526
nc73479856,NC,MLM,,EHZ,1,120.0,,348.9,,10.242164689126
nc73479901,NC,MEM,,EHZ,1,147.0,,1.4,,3.1690554081
nc73479901,NC,MLC,,EHZ,-1,143.0,,141.6,,3.600491723308
nc73479901,NC,MCB,,HHZ,1,140.0,,78.8,,3.944084046502
nc73479901,NC,MDH,,HNZ,1,129.0,,30.8,,5.467454540922
nc73479901,NC,MCO,,EHZ,1,120.0,,106.7,,7.162065222306
nc73479901,NC,MQ1P,,EHZ,1,118.0,,248.9,,7.630195863292
nc73479901,NC,MMP,,EHZ,1,114.0,,248.3,,8.362970429586
nc73479901,CI,MLAC,,HHZ,1,111.0,,95.0,,9.271432979908
nc73479901,NC,MINS,,HHZ,1,107.0,,279.7,,10.767004742678
nc73479901,NC,MCV,,EHZ,-1,106.0,,118.2,,11.1750901233
nc73479901,NC,MDPB,,HHZ,1,99.0,,267.3,,12.253680911320002
nc73479901,NC,MMT,,EHZ,1,78.0,,216.0,,35.90484179914
nc73480026,NC,MLC,,EHZ,-1,81.0,,348.0,,8.165043460238
nc73480026,NC,MMX1,,HN3,-1,80.0,,326.7,,10.231045196466
nc73480026,CI,MLAC,,HHZ,-1,79.0,,27.8,,11.30852403522
nc73480026,NC,MDR,2.0,EHZ,1,80.0,,26.0,,12.08688852142
nc73480026,NC,MQ1P,,EHZ,-1,79.0,,306.2,,13.69921495712
nc73480026,NC,MEM,,EHZ,-1,79.0,,344.6,,14.49981842864
nc73480026,NC,MDY,,HHZ,-1,78.0,,322.1,,16.6236415267
nc73480026,NC,MDPB,,HHZ,-1,77.0,,302.4,,19.14776636052
nc73480026,NC,MDC,2.0,EHZ,-1,75.0,,325.8,,22.80607944566
nc73480026,NC,MCB,,HHZ,1,79.0,,359.6,,11.5642723664
nc73480026,NC,MCO,,EHZ,1,80.0,,18.4,,9.22361916147
nc73480026,NC,MCV,,EHZ,1,81.0,,46.7,,8.097214555012
nc73480026,NC,MMLB,,HHZ,-1,79.0,,331.1,,15.10027103228
nc73480071,NC,MCV,,EHZ,-1,82.0,,349.2,,21.52733778976
nc73480071,NC,MCO,,EHZ,-1,79.0,,344.0,,25.36356275746
nc73480071,CI,MLAC,,HHZ,-1,79.0,,349.7,,26.03073231706
nc73480071,NC,MLC,,EHZ,1,79.0,,333.8,,26.33095861888
nc73480071,NC,MDR,2.0,EHZ,-1,78.0,,350.1,,26.87581375922
nc73480071,NC,MMX1,,HN3,-1,77.0,,327.3,,28.75500801876
nc73480071,NC,MQ1P,,EHZ,1,75.0,,318.6,,31.67943458834
nc73480071,NC,MMT,,EHZ,1,73.0,,265.9,,35.1931942689
nc73480071,NC,MDPB,,HHZ,-1,72.0,,314.8,,36.77216222662
nc73480076,NC,MCV,,EHZ,1,141.0,,271.3,,5.001547798468
nc73480076,CI,MLAC,,HHZ,-1,129.0,,309.3,,7.238789721660001
nc73480076,NC,MDR,2.0,EHZ,-1,127.0,,314.3,,7.80032410099
nc73480076,NC,MCO,,EHZ,-1,123.0,,292.7,,8.654301137277999
nc73480076,NC,MLC,,EHZ,-1,108.0,,281.6,,12.86525300762
nc73480186,NC,MDR,2.0,EHZ,-1,103.0,,147.0,,3.71391054844
nc73480186,NC,MCB,,HHZ,1,103.0,,234.3,,4.123107878328001
nc73480186,NC,MDH1,,DP1,1,103.0,,289.2,,4.666851069402
nc73480186,NC,MCO,,EHZ,1,104.0,,184.0,,5.230609347264
nc73480186,NC,MLC,,EHZ,-1,44.0,,219.7,,7.785868760532
nc73480186,NC,MCV,,EHZ,1,43.0,,162.8,,8.832213019838001
nc73480206,NC,MCV,,EHZ,-1,101.0,,351.0,,11.111709015138
nc73480206,NC,MCO,,EHZ,-1,94.0,,341.6,,14.955717627700002
nc73480206,NC,MLC,,EHZ,-1,94.0,,325.3,,16.36789319552
nc73480206,NC,MDR,2.0,EHZ,-1,94.0,,351.9,,16.4568491368
nc73480206,NC,MCB,,HHZ,1,85.0,,335.7,,18.6807476688
nc73480206,NC,MMX1,,HN3,-1,85.0,,316.6,,19.2923197651
nc73480206,NC,MCS,,EHZ,-1,85.0,,335.0,,20.0706842513
nc73480206,NC,MLH,,EHZ,-1,85.0,,358.6,,20.80457076686
nc73480206,NC,MDH1,1.0,DP1,1,84.0,,337.3,,22.70600401172
nc73480206,NC,MQ1P,,EHZ,1,84.0,,306.0,,23.09518625482
nc73480206,NC,MMP,,EHZ,-1,83.0,,304.3,,23.42877103462
nc73480206,NC,MDY,,HHZ,-1,81.0,,316.1,,25.77498398588
nc73480206,NC,MDPB,,HHZ,-1,79.0,,303.5,,28.54373765822
nc73480206,NC,MINS,,HHZ,-1,79.0,,309.3,,28.6326935995
nc73480206,NC,MMT,,EHZ,1,75.0,,248.7,,35.18207477624
nc73480241,NC,MCB,,HHZ,-1,99.0,,235.6,,4.025256342920001
nc73480241,NC,MCS,,EHZ,-1,97.0,,254.9,,4.257653739514
nc73480241,NC,MDH1,,DP1,1,94.0,,290.8,,4.683530308392
nc73480241,NC,MCO,,EHZ,1,90.0,,183.7,,5.099399333876
nc73480241,NC,MGPB,,EHZ,1,93.0,,221.8,,5.778800335402001
nc73480241,NC,MEM,,EHZ,-1,80.0,,271.1,,7.114251403868
nc73480241,NC,MCV,,EHZ,-1,80.0,,162.3,,8.71768224544
nc73480291,NC,MDR,2.0,EHZ,-1,139.0,,132.3,,3.392557210566
nc73480291,NC,MDH1,,DP1,1,129.0,,301.1,,4.580119026654
nc73480291,NC,MGPB,,EHZ,1,126.0,,223.3,,4.952622030764
nc73480291,NC,MLC,,EHZ,1,114.0,,221.0,,6.837376036634001
nc73480291,NC,MCV,,EHZ,1,109.0,,157.8,,8.212857278676
nc73480291,NC,MMX1,,HN3,-1,104.0,,241.3,,9.595010216314002
nc73480291,NC,MLM,,EHZ,-1,101.0,,316.8,,10.61355574397
nc73480291,NC,MQ1P,,EHZ,1,93.0,,249.9,,14.755566759820002
nc73480291,NC,MMP,,EHZ,-1,93.0,,249.5,,15.48945327538
nc73480291,NC,MDC,2.0,EHZ,-1,94.0,,290.1,,16.65700000468
nc73480291,NC,MINS,,HHZ,-1,94.0,,268.3,,17.35752804226
nc73480291,NC,MDPB,,HHZ,-1,85.0,,261.3,,19.20336382382
nc73480291,NC,MRC,,EHZ,1,77.0,,86.8,,31.56823966174
nc73480291,NC,MMT,,EHZ,1,73.0,,221.6,,41.953845806180006
nc73480291,NC,MPR,,EHZ,1,73.0,,279.5,,102.65515623712
nc73480291,NC,MHD,,EHZ,1,73.0,,236.8,,109.28237386248
nc73480291,NC,MCB,,HHZ,-1,140.0,,241.3,,3.268018892774
nc73480291,NC,MCO,,EHZ,1,130.0,,178.4,,4.387751803636
nc73480291,NC,MCS,,EHZ,-1,136.0,,263.7,,3.678328171928
nc73480291,NC,MEM,,EHZ,-1,115.0,,277.2,,6.709501871044
nc73480291,NC,MLH,,EHZ,1,126.0,,62.8,,4.891464821134
nc73480291,NC,MMLB,,HHZ,-1,103.0,,270.4,,10.125410016196
nc73480296,NC,MDR,2.0,EHZ,-1,124.0,,136.6,,3.58047663652
nc73480296,NC,MCS,,EHZ,-1,121.0,,259.0,,3.76950801174
nc73480296,NC,MDH1,1.0,DP1,1,116.0,,297.4,,4.465588252256
nc73480296,NC,MLH,,EHZ,1,114.0,,66.0,,4.716888786372
nc73480296,NC,MCO,,EHZ,1,114.0,,179.1,,4.700209547382
nc73480296,NC,MGPB,,EHZ,-1,109.0,,221.3,,5.21504205754
nc73480296,NC,MEM,,EHZ,-1,101.0,,274.5,,6.72173331297
nc73480296,NC,MLC,,EHZ,1,100.0,,219.6,,7.10535580974
nc73480331,CI,MLAC,,HHZ,-1,132.0,,142.5,,4.08641355255
nc73480331,NC,MDH1,1.0,DP1,1,129.0,,300.1,,4.532305208216
nc73480331,NC,MCV,,EHZ,1,108.0,,158.1,,8.298477372158
nc73480331,NC,MMX1,,HN3,-1,104.0,,240.8,,9.639488186954
nc73480331,NC,MDY,,HHZ,-1,93.0,,269.4,,13.04316489018
nc73480331,NC,MQ1P,,EHZ,-1,93.0,,249.5,,14.7889252378
nc73480331,NC,MMP,,EHZ,1,93.0,,249.2,,15.52281175336
nc73480331,NC,MINS,,HHZ,-1,94.0,,268.0,,17.35752804226
nc73480331,NC,MRC,,EHZ,1,77.0,,87.0,,31.56823966174
nc73480331,NC,MMT,,EHZ,1,73.0,,221.5,,42.02056276214
nc73480331,NC,MPR,,EHZ,1,73.0,,279.4,,102.6329172518
nc73480331,NC,MHD,,EHZ,1,73.0,,236.8,,109.33797132578
nc73480331,NC,MCB,,HHZ,-1,139.0,,239.9,,3.31360881268
nc73480331,NC,MCO,,EHZ,1,129.0,,178.4,,4.480043592714
nc73480331,NC,MCS,,EHZ,-1,135.0,,262.3,,3.689447664588
nc73480331,NC,MDC,2.0,EHZ,-1,94.0,,289.8,,16.6236415267
nc73480331,NC,MDPB,,HHZ,-1,85.0,,261.0,,19.214483316480003
nc73480331,NC,MDR,2.0,EHZ,-1,138.0,,133.5,,3.4548263694620003
nc73480331,NC,MEM,,EHZ,-1,115.0,,276.4,,6.698382378384
nc73480331,NC,MGPB,,EHZ,1,125.0,,222.6,,5.0204509359900005
nc73480331,NC,MLC,,EHZ,1,114.0,,220.5,,6.907428840392
nc73480331,NC,MLH,,EHZ,1,126.0,,63.8,,4.850322698292
nc73480331,NC,MLM,,EHZ,-1,101.0,,316.5,,10.54683878801
nc73480331,NC,MMLB,,HHZ,-1,103.0,,269.9,,10.125410016196
nc73480336,NC,MDR,2.0,EHZ,-1,142.0,,138.6,,3.366982377448
nc73480336,NC,MCS,,EHZ,-1,136.0,,260.7,,3.987450067876
nc73480336,NC,MLH,,EHZ,1,132.0,,63.9,,4.534529106748
nc73480336,NC,MCV,,EHZ,1,110.0,,160.2,,8.336283647202
nc73480336,NC,MMX1,,HN3,1,105.0,,240.9,,9.955281778498
nc73480336,NC,MLM,,EHZ,-1,103.0,,314.8,,10.636906678556
nc73480336,NC,MBS1,,EP1,-1,95.0,,326.7,,13.343391192
nc73480336,NC,MQ1P,,EHZ,-1,95.0,,249.4,,15.10027103228
nc73480336,NC,MMP,,EHZ,1,95.0,,249.0,,15.83415754784
nc73480336,NC,MINS,,HHZ,-1,95.0,,267.6,,17.64663485142
nc73480336,NC,MCB,,HHZ,-1,139.0,,240.1,,3.629402404224
nc73480336,NC,MCO,,EHZ,1,131.0,,181.9,,4.629044794358
nc73480336,NC,MDC,2.0,EHZ,-1,95.0,,289.0,,16.8460313799
nc73480336,NC,MDH1,,DP1,1,130.0,,296.9,,4.707993192244
nc73480336,NC,MEM,,EHZ,-1,116.0,,275.0,,6.961914354426
nc73480336,NC,MGPB,,EHZ,-1,126.0,,223.7,,5.319565288544
nc73480336,NC,MLC,,EHZ,1,116.0,,221.4,,7.202095395881999
nc73480336,NC,MMLB,,HHZ,-1,104.0,,269.1,,10.405621231228
nc73480336,NC,MMT,,EHZ,1,75.0,,221.7,,42.32078906396
nc73480341,NC,MDR,2.0,EHZ,-1,133.0,,133.6,,3.340295595064
nc73480341,NC,MDH1,,DP1,1,121.0,,300.4,,4.645724033347999
nc73480341,NC,MGPB,,EHZ,1,118.0,,223.9,,5.027122631586
nc73480341,NC,MEM,,EHZ,-1,108.0,,277.0,,6.795121964526
nc73480341,NC,MLC,,EHZ,1,107.0,,221.5,,6.909652738924001
nc73480341,NC,MCV,,EHZ,1,103.0,,158.4,,8.196178039686
nc73480341,NC,MMX1,,HN3,-1,98.0,,241.5,,9.680630309796
nc73480341,NC,MMLB,,HHZ,-1,97.0,,270.3,,10.21325400821
nc73480341,NC,MMP,,EHZ,1,87.0,,249.6,,15.57840921666
nc73480341,NC,MDPB,,HHZ,-1,84.0,,261.3,,19.2923197651
nc73480341,NC,MCB,,HHZ,-1,133.0,,241.7,,3.354750935522
nc73480341,NC,MCO,,EHZ,1,123.0,,179.6,,4.404431042626
nc73480341,NC,MCS,,EHZ,-1,128.0,,263.6,,3.768396062474
nc73480341,NC,MLH,,EHZ,1,120.0,,62.5,,4.804732778386
nc73480346,NC,MDR,2.0,EHZ,-1,138.0,,140.6,,3.696119360184
nc73480346,NC,MDH1,1.0,DP1,1,132.0,,293.7,,4.460028505926
nc73480346,NC,MLH,,EHZ,1,132.0,,68.4,,4.507842324364
nc73480346,NC,MCO,,EHZ,1,128.0,,180.5,,4.95929372636
nc73480346,NC,MGPB,,EHZ,1,125.0,,220.4,,5.48746962771
nc73480346,NC,MEM,,EHZ,-1,117.0,,272.2,,6.824032645442
nc73480346,NC,MLC,,EHZ,-1,115.0,,219.0,,7.380007278442
nc73480346,NC,MCV,,EHZ,1,109.0,,160.2,,8.689883513789999
nc73480346,NC,MMLB,,HHZ,-1,104.0,,267.2,,10.298874101692
nc73480346,NC,MDC,2.0,EHZ,-1,95.0,,288.0,,16.6236415267
nc73480346,NC,MINS,,HHZ,-1,95.0,,266.5,,17.54655941748
nc73480346,NC,MDPB,,HHZ,-1,85.0,,259.7,,19.459112155
nc73480346,NC,MCB,,HHZ,-1,138.0,,234.7,,3.709462751376
nc73480346,NC,MCS,,EHZ,-1,136.0,,255.6,,3.940748198704
nc73480351,NC,MCB,,HHZ,-1,136.0,,236.9,,3.315832711212
nc73480351,NC,MCS,,EHZ,-1,132.0,,259.8,,3.62495460716
nc73480351,NC,MDR,2.0,EHZ,1,132.0,,134.2,,3.621618759362
nc73480351,NC,MDH,,HNZ,1,126.0,,299.0,,4.383304006572
nc73480351,NC,MDH1,1.0,DP1,1,126.0,,299.0,,4.383304006572
nc73480351,NC,MCO,,EHZ,1,124.0,,177.4,,4.63126869289
nc73480351,NC,MLH,,EHZ,1,122.0,,65.8,,4.8681138865480005
nc73480351,NC,MGPB,,EHZ,-1,120.0,,220.7,,5.071600602226
nc73480351,NC,MEM,,EHZ,-1,111.0,,275.2,,6.596083045912
nc73480351,NC,MLC,,EHZ,1,109.0,,219.2,,6.9641382529580005
nc73480351,NC,MMLB,,HHZ,-1,99.0,,269.0,,10.037566024182
nc73480351,NC,MMP,,EHZ,1,92.0,,248.6,,15.48945327538
nc73480351,NC,MDC,2.0,EHZ,-1,86.0,,289.4,,16.50132710744
nc73480361,NC,MCB,,HHZ,-1,135.0,,238.4,,3.2435560089220004
nc73480361,NC,MDR,2.0,EHZ,-1,131.0,,132.8,,3.556013752668
nc73480361,NC,MCS,,EHZ,1,131.0,,261.5,,3.592708078446
nc73480361,NC,MCO,,EHZ,-1,123.0,,177.2,,4.52007376629
nc73480361,NC,MLH,,EHZ,1,120.0,,64.7,,4.927047197646
nc73480361,NC,MGPB,,EHZ,-1,119.0,,221.4,,4.979308813148
nc73480361,NC,MLC,,EHZ,1,108.0,,219.7,,6.868510616082
nc73480361,NC,MCV,,EHZ,-1,103.0,,157.5,,8.370754074448
nc73480361,NC,MMP,,EHZ,1,87.0,,248.9,,15.43385581208
nc73480361,NC,MDC,2.0,EHZ,1,86.0,,289.8,,16.523566092760003
nc73480361,NC,MINS,,HHZ,-1,85.0,,267.9,,17.25745260832
nc73480361,NC,MDPB,,HHZ,1,84.0,,260.9,,19.11440788254
nc73480366,NC,MDH1,,DP1,1,129.0,,303.6,,4.812516423248
nc73480366,NC,MCV,,EHZ,1,112.0,,157.6,,7.904847331994
nc73480366,NC,MMX1,,HN3,-1,107.0,,243.1,,9.53496495595
nc73480366,NC,MDY,,HHZ,-1,95.0,,271.1,,13.13212083146
nc73480366,NC,MQ1P,,EHZ,-1,95.0,,251.1,,14.74444726716
nc73480366,NC,MMP,,EHZ,-1,95.0,,250.6,,15.46721429006
nc73480366,NC,MINS,,HHZ,-1,95.0,,269.3,,17.43536449088
nc73480366,NC,MMT,,EHZ,1,75.0,,222.0,,41.78705341628
nc73480366,NC,MPR,,EHZ,1,74.0,,279.6,,102.78859014904
nc73480366,NC,MCB,,HHZ,-1,143.0,,246.7,,3.217981175804
nc73480366,NC,MCO,,EHZ,1,135.0,,179.5,,4.089749400348
nc73480366,NC,MCS,,EHZ,-1,137.0,,268.4,,3.746157077154
nc73480366,NC,MDC,2.0,EHZ,-1,95.0,,290.9,,16.8460313799
nc73480366,NC,MDPB,,HHZ,-1,85.0,,262.2,,19.24784179446
nc73480366,NC,MDR,2.0,EHZ,-1,144.0,,129.4,,3.1323610823220003
nc73480366,NC,MEM,,EHZ,-1,117.0,,279.6,,6.839599935166
nc73480366,NC,MGPB,,EHZ,1,129.0,,226.5,,4.805844727652
nc73480366,NC,MLC,,EHZ,1,118.0,,223.3,,6.67725534233
nc73480366,NC,MLH,,EHZ,1,128.0,,59.3,,4.9570698278280005
nc73480366,NC,MMLB,,HHZ,-1,105.0,,272.1,,10.219925703806
nc73480386,NC,MDR,2.0,EHZ,1,137.0,,138.6,,3.390333312034
nc73480386,NC,MLH,,EHZ,1,127.0,,64.2,,4.540088853078
nc73480386,NC,MCO,,EHZ,1,126.0,,181.8,,4.646835982614
nc73480386,NC,MDH1,,DP1,1,126.0,,296.7,,4.68686615619
nc73480386,NC,MGPB,,EHZ,1,121.0,,223.4,,5.322901136342001
nc73480386,NC,MEM,,EHZ,-1,112.0,,274.8,,6.946347064702
nc73480386,NC,MLC,,EHZ,1,111.0,,221.3,,7.206543192946
nc73480406,NC,MDR,2.0,EHZ,-1,118.0,,137.0,,3.5037521371660003
nc73480406,NC,MCB,,HHZ,1,118.0,,238.2,,3.509311883496
nc73480406,NC,MCS,,EHZ,1,114.0,,259.8,,3.834001069168
nc73480406,NC,MDH1,,DP1,1,109.0,,297.4,,4.54787249794
nc73480406,NC,MLH,,EHZ,-1,108.0,,65.2,,4.66462717087
nc73480406,NC,MCO,,EHZ,1,108.0,,179.9,,4.663515221604
nc73480406,NC,MGPB,,EHZ,1,103.0,,222.1,,5.236169093594
nc73480406,NC,MLC,,EHZ,1,94.0,,220.3,,7.124258947262001
nc73480406,NC,MCV,,EHZ,1,92.0,,159.3,,8.427463487014
nc73480461,NC,MMX1,,HN3,-1,158.0,,317.8,,1.168658678566
nc73480461,NC,MDH,,HNZ,1,96.0,,25.3,,8.652077238746001
nc73480461,NC,MDH1,,DP1,-1,96.0,,25.3,,8.652077238746001
nc73480461,NC,MRD,2.0,EHZ,1,94.0,,262.3,,9.611689455304
nc73480461,NC,MDPB,,HHZ,1,90.0,,282.7,,11.63098932236
nc73480461,NC,MBS1,,EP1,1,84.0,,1.9,,16.8460313799
nc73480461,NC,MRC,,EHZ,1,70.0,,79.5,,39.81890321546
nc73480461,NC,MMI,,EHZ,1,68.0,,253.5,,73.21073967344
nc73480461,BK,TOLH,0.0,HHZ,1,68.0,,210.8,,85.18643326826
nc73480461,NC,MPR,,EHZ,1,68.0,,283.4,,96.2392089723
nc73480461,NC,MHD,,EHZ,1,68.0,,237.0,,99.9086415501
nc73480461,BK,BUCR,0.0,HHZ,1,68.0,,274.2,,106.04660149842
nc73480461,CI,MLAC,,HHZ,1,93.0,,77.0,,10.395613687834
nc73480461,NC,MCB,,HHZ,1,104.0,,50.6,,6.154639187310001
nc73480461,NC,MCO,,EHZ,1,98.0,,82.1,,7.83368257897
nc73480461,NC,MCS,,EHZ,1,103.0,,38.1,,6.43262650381
nc73480461,NC,MCV,,EHZ,1,92.0,,101.3,,10.961595864228
nc73480461,NC,MDC,2.0,EHZ,-1,89.0,,324.3,,13.7325734351
nc73480461,NC,MDR,2.0,EHZ,1,92.0,,72.5,,10.63579472929
nc73480461,NC,MDY,,HHZ,-1,99.0,,315.1,,7.65021095008
nc73480461,NC,MEM,,EHZ,-1,103.0,,8.8,,6.370357344914
nc73480461,NC,MINS,,HHZ,-1,92.0,,297.0,,10.899326705332
nc73480461,NC,MLC,,EHZ,1,129.0,,84.4,,3.154600067642
nc73480461,NC,MLH,,EHZ,1,89.0,,57.2,,14.24407009746
nc73480461,NC,MLM,,EHZ,-1,89.0,,1.5,,13.1765988021
nc73480461,NC,MMLB,,HHZ,-1,105.0,,335.8,,6.0601234997
nc73480461,NC,MMP,,EHZ,1,100.0,,270.4,,6.876294260944
nc73480461,NC,MMT,,EHZ,1,73.0,,218.0,,32.869220302959995
nc73480461,NC,MQ1P,,EHZ,1,104.0,,273.6,,6.234699534462
nc73480466,NC,MDR,2.0,EHZ,-1,111.0,,126.0,,2.938881910038
nc73480466,CI,MLAC,,HHZ,-1,105.0,,137.7,,3.504864086432
nc73480466,NC,MCS,,EHZ,1,101.0,,272.3,,3.79174699706
nc73480466,NC,MCO,,EHZ,1,101.0,,180.2,,3.83066522137
nc73480466,NC,MDH1,,DP1,1,103.0,,305.8,,4.995988052138
nc73480466,NC,MLH,,EHZ,-1,103.0,,56.5,,5.057145261768
nc73480466,NC,MLC,,EHZ,1,50.0,,225.1,,6.522694394356
nc73480626,NC,MCO,,EHZ,1,105.0,,179.9,,3.534886716614
nc73480626,NC,MGPB,,EHZ,1,99.0,,231.9,,4.465588252256
nc73480626,NC,MDH1,1.0,DP1,1,99.0,,308.6,,5.162780442038
nc73480626,NC,MLH,,EHZ,-1,99.0,,53.9,,5.23728104286
nc73480626,NC,MLC,,EHZ,1,75.0,,226.9,,6.306976236752
nc73480626,NC,MCV,,EHZ,-1,73.0,,156.2,,7.383343126240001
nc73480626,NC,MCB,,HHZ,1,114.0,,256.5,,3.071203872692
nc73480626,NC,MDR,2.0,EHZ,-1,118.0,,120.9,,2.787656809862
nc73480696,NC,MDH1,1.0,DP1,1,130.0,,295.2,,4.7257843805
nc73480696,NC,MEM,,EHZ,1,116.0,,274.0,,7.026407411854
nc73480696,NC,MCV,,EHZ,-1,110.0,,160.9,,8.416343994354
nc73480696,NC,MMX1,,HN3,1,105.0,,240.5,,10.073148400694
nc73480696,NC,MMLB,,HHZ,1,104.0,,268.5,,10.481233781316
nc73480696,NC,MMP,,EHZ,1,95.0,,248.8,,15.94535247444
nc73480696,NC,MDC,2.0,EHZ,-1,95.0,,288.5,,16.87938985788
nc73480696,NC,MINS,,HHZ,1,94.0,,267.2,,17.724471300039998
nc73480696,NC,MDPB,,HHZ,1,85.0,,260.4,,19.60366555958
nc73480696,NC,MMT,,EHZ,1,75.0,,221.7,,42.45422297588
nc73480696,NC,MPR,,EHZ,1,74.0,,279.2,,102.94426304628
nc73480696,CI,MLAC,,HHZ,-1,135.0,,148.6,,4.098644994476
nc73480696,NC,MCB,,HHZ,1,137.0,,239.1,,3.748380975686
nc73480696,NC,MCO,,EHZ,-1,130.0,,182.8,,4.7424636194900005
nc73480696,NC,MCS,,EHZ,1,135.0,,259.3,,4.0797418569540005
nc73480696,NC,MDR,2.0,EHZ,-1,141.0,,140.8,,3.403676703226
nc73480696,NC,MGPB,,EHZ,1,125.0,,223.4,,5.450775301932
nc73480696,NC,MLC,,EHZ,1,115.0,,221.3,,7.334417358536001
nc73480711,NC,MCB,,HHZ,1,128.0,,233.2,,2.99114352554
nc73480711,NC,MCS,,EHZ,1,124.0,,258.9,,3.245779907454
nc73480711,NC,MDR,2.0,EHZ,-1,116.0,,130.1,,3.892934380266
nc73480711,NC,MDH1,,DP1,1,115.0,,301.9,,4.0619506686980005
nc73480711,NC,MCO,,EHZ,1,110.0,,172.7,,4.645724033347999
nc73480711,NC,MLH,,EHZ,1,105.0,,67.4,,5.2261615502000005
nc73480711,NC,MEM,,EHZ,-1,101.0,,275.7,,6.216908346206
nc73480711,NC,MLC,,EHZ,1,98.0,,216.8,,6.7128377188420005
nc73480711,NC,MCV,,EHZ,1,94.0,,155.5,,8.603151471041999
nc73480711,NC,MMX1,,HN3,-1,93.0,,238.7,,9.297007813026
nc73480736,NP,1576,10.0,HNZ,1,116.0,,41.2,,10.755885250018
nc73480736,NC,MMX1,,HN3,-1,104.0,,320.2,,17.41312550556
nc73480736,NC,MLH,,EHZ,-1,101.0,,4.5,,20.2374766412
nc73480736,NC,MEM,,EHZ,-1,99.0,,333.5,,21.0158411274
nc73480736,NC,MDH,,HNZ,-1,99.0,,341.9,,21.37166489252
nc73480736,NC,MDH1,1.0,DP1,1,99.0,,341.9,,21.37166489252
nc73480736,NC,MDC,2.0,EHZ,-1,93.0,,322.2,,29.967032718700004
nc73480736,NC,MBS1,,EP1,1,93.0,,341.6,,30.93442858012
nc73480736,NC,MRC,,EHZ,1,92.0,,55.5,,34.8596094891
nc73480736,BK,TOLH,0.0,HHZ,1,87.0,,221.7,,81.27237185194001
nc73480736,NC,MHD,,EHZ,1,85.0,,246.1,,103.14441391416
nc73480736,CI,CWC,,HHZ,1,83.0,,150.1,,135.101835819
nc73480736,CI,MLAC,,HHZ,-1,106.0,,359.0,,14.80004473046
nc73480736,NC,MCB,,HHZ,-1,104.0,,341.1,,17.31305007162
nc73480736,NC,MCO,,EHZ,-1,107.0,,349.1,,13.81040988372
nc73480736,NC,MCS,,EHZ,-1,102.0,,340.0,,18.6807476688
nc73480736,NC,MCV,,EHZ,-1,117.0,,2.0,,10.351135717194
nc73480736,NC,MDPB,,HHZ,-1,95.0,,304.8,,26.44215354548
nc73480736,NC,MDR,2.0,EHZ,-1,106.0,,359.1,,15.66736515794
nc73480736,NC,MDY,,HHZ,-1,96.0,,318.7,,23.88467023368
nc73480736,NC,MINS,,HHZ,-1,95.0,,311.1,,26.62006542804
nc73480736,NC,MLC,,EHZ,-1,106.0,,330.6,,14.71108878918
nc73480736,NC,MLM,,EHZ,-1,94.0,,338.7,,27.55410281148
nc73480736,NC,MMI,,EHZ,1,87.0,,264.2,,81.02774301342001
nc73480736,NC,MMLB,,HHZ,-1,97.0,,324.6,,22.15002937872
nc73480736,NC,MMP,,EHZ,-1,99.0,,306.1,,21.3494259072
nc73480736,NC,MPR,,EHZ,-1,85.0,,288.6,,109.67155610558
nc73480736,NC,MQ1P,,EHZ,-1,99.0,,307.9,,21.02696062006
nc73480751,NC,MCB,,HHZ,1,131.0,,238.8,,3.420355942216
nc73480751,NC,MDR,2.0,EHZ,-1,130.0,,135.5,,3.4904087459740003
nc73480751,NC,MCS,,EHZ,1,126.0,,260.7,,3.76394826541
nc73480751,CI,MLAC,,HHZ,-1,124.0,,144.0,,4.139787117318
nc73480751,NC,MDH1,1.0,DP1,1,121.0,,298.5,,4.530081309684
nc73480751,NC,MCO,,EHZ,1,121.0,,179.2,,4.589014620782001
nc73480751,NC,MLH,,EHZ,1,119.0,,64.7,,4.749135315086
nc73480751,NC,MLC,,EHZ,1,106.0,,220.3,,7.029743259652
nc73480751,NC,MCV,,EHZ,1,101.0,,158.7,,8.379649668576
nc73480751,NC,MMLB,,HHZ,-1,97.0,,269.3,,10.184343327294
nc73480816,NC,MCB,,HHZ,-1,136.0,,239.9,,3.279138385434
nc73480816,NC,MDR,2.0,EHZ,-1,134.0,,132.9,,3.4637219635900003
nc73480816,NC,MCS,,EHZ,1,131.0,,262.5,,3.65831308514
nc73480816,CI,MLAC,,HHZ,-1,128.0,,142.0,,4.089749400348
nc73480816,NC,MCO,,EHZ,-1,125.0,,178.1,,4.462252404458
nc73480816,NC,MLH,,EHZ,1,122.0,,63.8,,4.884793125538
nc73480816,NC,MEM,,EHZ,1,110.0,,276.6,,6.671695596
nc73480816,NC,MLC,,EHZ,1,109.0,,220.4,,6.8740703624120005
nc73480816,NC,MCV,,EHZ,-1,104.0,,157.8,,8.291805676562
nc73480816,NC,MMLB,,HHZ,1,99.0,,270.0,,10.095387386014
nc73480866,NC,MCS,,EHZ,1,126.0,,266.8,,4.854770495356
nc73480866,NC,MCV,,EHZ,-1,111.0,,165.7,,7.713592058242
nc73480866,NC,MEM,,EHZ,1,110.0,,277.1,,7.908183179792
nc73480866,NC,MMX1,,HN3,1,101.0,,245.0,,10.601324302044
nc73480866,NC,MBS1,,EP1,1,93.0,,324.5,,14.166233648840002
nc73480866,NC,MDY,,HHZ,1,93.0,,270.4,,14.2329506048
nc73480866,NC,MQ1P,,EHZ,1,94.0,,251.8,,15.8452770405
nc73480866,NC,MMP,,EHZ,1,94.0,,251.4,,16.5680440634
nc73480866,NC,MDC,2.0,EHZ,-1,85.0,,289.2,,17.82454673398
nc73480866,NC,MINS,,HHZ,1,85.0,,268.8,,18.54731375688
nc73480866,NC,MMT,,EHZ,1,73.0,,222.9,,42.66549333642
nc73480866,CI,MLAC,,HHZ,-1,140.0,,156.7,,3.283586182498
nc73480866,NC,MCB,,HHZ,1,131.0,,250.5,,4.306579507218
nc73480866,NC,MCO,,EHZ,1,130.0,,194.1,,4.388863752902
nc73480866,NC,MDPB,,HHZ,1,84.0,,262.2,,20.35979106046
nc73480866,NC,MDR,2.0,EHZ,-1,148.0,,148.6,,2.523012884554
nc73480866,NC,MLC,,EHZ,1,111.0,,228.5,,7.587941791184
nc73480866,NC,MLH,,EHZ,1,134.0,,53.2,,3.945195995768
nc73480866,NC,MMLB,,HHZ,1,99.0,,271.0,,11.31964352788
nc73480986,NC,MDR,2.0,EHZ,1,136.0,,133.1,,3.5337747673480004
nc73480986,NC,MDH,,HNZ,-1,129.0,,300.2,,4.451132911798
nc73480986,NC,MDH1,,DP1,1,129.0,,300.2,,4.451132911798
nc73480986,NC,MLH,,EHZ,1,125.0,,64.6,,4.900360415262
nc73480986,NC,MCV,,EHZ,1,107.0,,157.7,,8.359634581788
nc73480986,NC,MMX1,,HN3,1,104.0,,240.4,,9.592786317782
nc73480986,NC,MMLB,,HHZ,1,102.0,,269.7,,10.05202136464
nc73480986,NC,MBS1,,EP1,-1,92.0,,328.2,,13.25443525072
nc73480986,NC,MMP,,EHZ,-1,93.0,,249.0,,15.46721429006
nc73480986,NC,MDC,2.0,EHZ,-1,94.0,,289.7,,16.545805078079997
nc73480986,NC,MDPB,,HHZ,-1,85.0,,260.9,,19.14776636052
nc73480986,NC,MCD,,EHZ,-1,73.0,,108.3,,39.262928582460006
nc73480986,NC,MMT,,EHZ,1,73.0,,221.4,,41.99832377682
nc73480986,NC,MPR,,EHZ,-1,72.0,,279.4,,102.55508080318
nc73480986,NC,MCB,,HHZ,-1,139.0,,238.7,,3.26913084204
nc73480986,NC,MCO,,EHZ,1,128.0,,177.5,,4.5189618170240005
nc73480986,NC,MCS,,EHZ,-1,136.0,,261.5,,3.621618759362
nc73480986,NC,MEM,,EHZ,-1,115.0,,276.2,,6.62165787903
nc73480986,NC,MLC,,EHZ,1,113.0,,219.9,,6.887413753604
nc73480991,NC,MDR,2.0,EHZ,1,134.0,,133.3,,3.627178505692001
nc73480991,CI,MLAC,,HHZ,-1,129.0,,142.0,,4.255429840982
nc73480991,NC,MDH,,HNZ,-1,128.0,,299.7,,4.363288919784
nc73480991,NC,MDH1,,DP1,1,128.0,,299.7,,4.363288919784
nc73480991,NC,MCO,,EHZ,1,127.0,,176.8,,4.595686316378
nc73480991,NC,MLH,,EHZ,1,124.0,,65.6,,4.922599400582
nc73480991,NC,MCV,,EHZ,1,106.0,,157.5,,8.4508144216
nc73480991,NC,MMX1,,HN3,1,103.0,,239.9,,9.578330977324
nc73480991,NC,MMLB,,HHZ,-1,102.0,,269.2,,9.993088053542
nc73480991,NC,MDY,,HHZ,-1,90.0,,268.9,,12.90973097826
nc73480991,NC,MDC,2.0,EHZ,-1,93.0,,289.6,,16.46796862946
nc73480991,NC,MDPB,,HHZ,-1,85.0,,260.6,,19.103288389880003
nc73480991,NC,MCD,,EHZ,-1,73.0,,108.4,,39.34076503108
nc73480991,NC,MMT,,EHZ,1,73.0,,221.3,,42.02056276214
nc73480991,NC,MCB,,HHZ,-1,138.0,,237.0,,3.25801134938
nc73480991,NC,MCS,,EHZ,-1,135.0,,260.2,,3.57491689019
nc73480991,NC,MEM,,EHZ,-1,114.0,,275.6,,6.556052872336
nc73480991,NC,MLC,,EHZ,1,112.0,,219.1,,6.907428840392
nc73480996,NC,MDR,2.0,EHZ,1,144.0,,118.8,,2.360668291718
nc73480996,NC,MLH,,EHZ,1,116.0,,49.1,,5.167228239102
nc73480996,NC,MLC,,EHZ,1,110.0,,230.9,,6.357013953722
nc73480996,NC,MEM,,EHZ,-1,105.0,,285.7,,7.371111684314
nc73480996,NC,MBS1,,EP1,1,90.0,,329.2,,14.61101335524
nc73480996,NC,MDC,2.0,EHZ,-1,85.0,,293.1,,17.49096195418
nc73480996,NC,MMT,,EHZ,-1,71.0,,223.1,,41.40899066584
nc73480996,NC,MCB,,HHZ,-1,133.0,,262.8,,3.336959747266
nc73480996,NC,MCO,,EHZ,1,134.0,,185.6,,3.254675501582
nc73480996,NC,MCS,,EHZ,-1,124.0,,280.4,,4.16425000117
nc73481001,CI,MLAC,,HHZ,1,127.0,,131.2,,3.372542123778
nc73481001,NC,MCO,,EHZ,-1,126.0,,177.3,,3.464833912856
nc73481001,NC,MCS,,EHZ,1,123.0,,278.3,,3.649417491012
nc73481001,NC,MLH,,EHZ,1,108.0,,54.3,,5.411857077622
nc73481001,NC,MLC,,EHZ,1,105.0,,226.4,,6.139071897586001
nc73481001,NC,MEM,,EHZ,1,101.0,,285.0,,6.84404773223
nc73481001,NC,MMX1,,HN3,1,96.0,,246.3,,9.148006611382
nc73481001,NC,MDC,2.0,EHZ,-1,84.0,,293.1,,16.9572263065
nc73481001,NC,MDPB,,HHZ,1,83.0,,264.1,,19.03657143392
nc73481001,NC,MCB,,HHZ,1,133.0,,257.2,,2.89662783793
nc73481001,NC,MDR,2.0,EHZ,-1,133.0,,118.0,,2.893291990132
nc73481021,NC,MCB,,HHZ,-1,106.0,,237.1,,3.501528238634
nc73481021,NC,MDR,2.0,EHZ,1,104.0,,137.1,,3.5738049409240005
nc73481021,NC,MCS,,EHZ,-1,99.0,,258.8,,3.801754540454
nc73481021,NC,MLH,,EHZ,1,101.0,,66.1,,4.682418359126
nc73481021,NC,MCO,,EHZ,-1,101.0,,179.4,,4.719112684904
nc73481026,NC,MDH1,,DP1,1,122.0,,298.0,,4.4911630853740006
nc73481026,NC,MEM,,EHZ,-1,108.0,,275.0,,6.726181110034
nc73481026,NC,MLC,,EHZ,1,107.0,,219.9,,7.061989788366
nc73481026,NC,MCV,,EHZ,1,102.0,,158.8,,8.436359081142001
nc73481026,NC,MCB,,HHZ,-1,132.0,,237.8,,3.4370351812060003
nc73481026,NC,MCO,,EHZ,1,121.0,,179.0,,4.644612084082
nc73481026,NC,MCS,,EHZ,-1,128.0,,259.8,,3.75838851908
nc73481026,NC,MLH,,EHZ,1,120.0,,65.4,,4.739127771692
nc73481031,NC,MDR,2.0,EHZ,-1,144.0,,136.6,,3.32472830534
nc73481031,NC,MLH,,EHZ,1,133.0,,63.0,,4.63682843922
nc73481031,NC,MDH1,1.0,DP1,1,132.0,,298.4,,4.707993192244
nc73481031,NC,MMX1,,HN3,1,107.0,,241.3,,9.849646598228
nc73481031,NC,MMLB,,HHZ,-1,106.0,,269.7,,10.345575970864
nc73481031,NC,MDC,2.0,EHZ,-1,96.0,,289.4,,16.82379239458
nc73481031,NC,MINS,,HHZ,-1,95.0,,267.9,,17.57991789546
nc73481031,NC,MMT,,EHZ,1,76.0,,221.7,,42.1984746447
nc73481031,NC,MCB,,HHZ,-1,142.0,,241.2,,3.5237672239540005
nc73481031,NC,MCO,,EHZ,1,134.0,,181.2,,4.515625969226
nc73481031,NC,MCS,,EHZ,-1,138.0,,262.2,,3.912949467054
nc73481031,NC,MEM,,EHZ,-1,119.0,,275.9,,6.914100535988
nc73481031,NC,MGPB,,EHZ,1,129.0,,224.1,,5.1994747678160005
nc73481031,NC,MLC,,EHZ,1,118.0,,221.7,,7.079780976622001
nc73481046,NC,MDR,2.0,EHZ,-1,134.0,,133.8,,3.699455207982
nc73481046,NC,MDH1,1.0,DP1,1,129.0,,299.1,,4.301019760888
nc73481046,NC,MCV,,EHZ,-1,106.0,,157.5,,8.530874768752
nc73481046,NC,MMX1,,HN3,1,103.0,,239.4,,9.59056241925
nc73481046,NC,MMLB,,HHZ,1,102.0,,268.8,,9.965289321892
nc73481046,NC,MDC,2.0,EHZ,-1,93.0,,289.4,,16.41237116616
nc73481046,NC,MDPB,,HHZ,-1,85.0,,260.4,,19.08104940456
nc73481046,NC,MMT,,EHZ,1,73.0,,221.2,,42.05392124012
nc73481046,NC,MCB,,HHZ,-1,138.0,,235.6,,3.27469058837
nc73481046,NC,MCO,,EHZ,1,126.0,,176.5,,4.671298866466
nc73481046,NC,MCS,,EHZ,-1,135.0,,259.0,,3.559349600466
nc73481046,NC,MGPB,,EHZ,1,123.0,,219.8,,5.052697464704
nc73481046,NC,MLC,,EHZ,1,112.0,,218.5,,6.946347064702
nc73481046,NC,MLH,,EHZ,1,124.0,,66.6,,4.92037550205
nc73481061,NC,MCB,,HHZ,-1,132.0,,239.3,,3.43592323194
nc73481061,NC,MDR,2.0,EHZ,-1,132.0,,135.6,,3.457050267994
nc73481061,NC,MCS,,EHZ,-1,128.0,,261.1,,3.790635047794
nc73481061,NC,MDH1,,DP1,1,122.0,,298.6,,4.56455173693
nc73481061,NC,MLH,,EHZ,1,121.0,,64.3,,4.730232177564
nc73481061,NC,MGPB,,EHZ,1,117.0,,222.6,,5.14832510158
nc73481061,NC,MEM,,EHZ,-1,108.0,,275.6,,6.77733077627
nc73481061,NC,MLC,,EHZ,1,107.0,,220.6,,7.034191056716
nc73481061,NC,MCV,,EHZ,1,102.0,,158.9,,8.351850936926
nc73481081,NC,MCB,,HHZ,-1,136.0,,233.3,,3.590484179914
nc73481081,NC,MCS,,EHZ,-1,134.0,,255.1,,3.798418692656
nc73481081,NC,MDR,2.0,EHZ,1,134.0,,138.9,,3.79174699706
nc73481081,NC,MDH1,1.0,DP1,1,130.0,,294.5,,4.32548264474
nc73481081,NC,MLH,,EHZ,1,127.0,,69.1,,4.644612084082
nc73481081,NC,MCO,,EHZ,1,125.0,,178.8,,4.960405675625999
nc73481081,NC,MGPB,,EHZ,1,121.0,,219.2,,5.3929539401
nc73481081,NC,MLC,,EHZ,1,112.0,,218.2,,7.287715489364
nc73481081,NC,MCV,,EHZ,-1,106.0,,159.3,,8.741033180026
nc73481081,NC,MMX1,,HN3,1,102.0,,238.4,,9.894124568868
nc73481106,NC,MCS,,EHZ,1,139.0,,250.7,,3.966323031822
nc73481106,NC,MDR,2.0,EHZ,-1,139.0,,142.9,,4.0030173576
nc73481106,NC,MDH1,,DP1,1,136.0,,290.0,,4.268773232174
nc73481106,NC,MGPB,,EHZ,-1,127.0,,217.7,,5.699851937516
nc73481106,NC,MLC,,EHZ,1,117.0,,217.0,,7.595725436046
nc73481166,NC,MCB,,HHZ,1,140.0,,233.8,,3.4759534055160004
nc73481166,NC,MCS,,EHZ,-1,137.0,,256.2,,3.703903005046
nc73481166,NC,MDR,2.0,EHZ,1,137.0,,137.2,,3.772843859538
nc73481166,NC,MDH1,,DP1,-1,133.0,,296.0,,4.298795862356
nc73481166,NC,MLH,,EHZ,1,129.0,,68.3,,4.746911416554
nc73481166,NC,MCO,,EHZ,1,129.0,,177.9,,4.87033778508
nc73481166,NC,MEM,,EHZ,1,118.0,,273.1,,6.608314487837999
nc73481166,NC,MLC,,EHZ,1,115.0,,218.1,,7.169848867168
nc73481231,CI,MLAC,,HHZ,-1,114.0,,4.4,,13.87712683968
nc73481231,NC,MCB,,HHZ,-1,112.0,,344.5,,16.00094993774
nc73481231,NC,MCO,,EHZ,-1,115.0,,354.1,,12.66510213974
nc73481231,NC,MCS,,EHZ,-1,110.0,,343.0,,17.3464085496
nc73481231,NC,MCV,,EHZ,-1,127.0,,10.1,,9.532741057418
nc73481231,NC,MDR,2.0,EHZ,-1,113.0,,4.2,,14.74444726716
nc73481231,NC,MLC,,EHZ,-1,115.0,,333.5,,13.2321962654
nc73481231,NC,MLH,,EHZ,-1,108.0,,8.6,,19.43687316968
nc73481231,NC,MMP,,EHZ,1,107.0,,306.1,,19.70374099352
nc73481231,NC,MPR,,EHZ,1,86.0,,288.3,,108.11482713318
nc73481231,NC,MQ1P,,EHZ,-1,108.0,,308.1,,19.39239519904
nc73481271,NC,MCO,,EHZ,1,169.0,,185.1,,1.431078705342
nc73481271,NC,MDR,2.0,EHZ,-1,162.0,,73.2,,2.361780240984
nc73481271,NC,MCB,,HHZ,1,156.0,,294.2,,3.417020094418
nc73481271,NC,MLC,,EHZ,1,144.0,,245.2,,5.229497397998
nc73481271,NC,MCV,,EHZ,-1,143.0,,148.4,,5.450775301932
nc73481271,NC,MLH,,EHZ,1,137.0,,38.2,,6.6149861834340005
nc73481271,NC,MMX1,,HN3,1,128.0,,259.3,,8.827765222774
nc73481271,NC,MQ1P,,EHZ,-1,112.0,,261.5,,14.26630908278
nc73481271,NC,MDC,2.0,EHZ,1,108.0,,298.7,,18.11365354314
nc73481271,NC,MDPB,,HHZ,1,107.0,,270.2,,19.2367223018
nc73481271,NC,MMT,,EHZ,-1,93.0,,224.7,,39.9745761127
nc73481316,NC,MDR,2.0,EHZ,-1,122.0,,136.8,,3.489296796708
nc73481316,NC,MCB,,HHZ,-1,121.0,,238.5,,3.499304340102
nc73481316,NC,MCS,,EHZ,-1,117.0,,260.0,,3.831777170636
nc73481316,NC,MDH1,1.0,DP1,1,112.0,,297.6,,4.555656142802
nc73481316,NC,MCO,,EHZ,-1,111.0,,179.9,,4.644612084082
nc73481316,NC,MLH,,EHZ,1,111.0,,65.0,,4.672410815732
nc73481316,NC,MEM,,EHZ,1,99.0,,274.9,,6.799569761590001
nc73481316,NC,MLC,,EHZ,1,98.0,,220.4,,7.109803606803999
nc73481316,NC,MCV,,EHZ,-1,95.0,,159.2,,8.409672298758
nc73481606,NC,MCD,,EHZ,-1,145.0,,322.1,,5.124974166994
nc73481606,NC,MFB,,EHZ,-1,126.0,,191.6,,9.332590189538
nc73481606,NC,MTU,2.0,EHZ,-1,102.0,,218.0,,22.33906075394
nc73481606,NP,1679,10.0,HNZ,1,152.0,,62.9,,3.988562017142
nc73481606,NP,1587,10.0,HNZ,-1,109.0,,62.0,,17.0684212331
nc73481606,NP,1589,10.0,HNZ,1,108.0,,157.4,,18.16925100644
nc73481606,NC,MRC,,EHZ,-1,106.0,,334.1,,20.015086788
nc73481606,NC,MCV,,EHZ,1,93.0,,283.3,,38.2510547504
nc73481631,NC,MLC,,EHZ,1,120.0,,307.9,,2.61864052143
nc73481631,NC,MCV,,EHZ,1,101.0,,98.7,,5.60422430064
nc73481631,NC,MMX1,,HN3,-1,74.0,,289.9,,6.374805141978
nc73481631,NC,MCS,,EHZ,-1,74.0,,349.1,,6.468208880322
nc73481631,NC,MEM,,EHZ,-1,74.0,,331.0,,8.689883513789999
nc73481631,NC,MLH,,EHZ,-1,73.0,,36.9,,11.25292657192
nc73481631,NC,MCO,,EHZ,1,107.0,,47.0,,3.479289253314
nc73481631,NC,MDR,2.0,EHZ,1,73.0,,47.7,,6.665023900404
nc73481631,NC,MGPB,,EHZ,-1,110.0,,342.9,,3.3013773707540004
nc73481856,NC,MTU,2.0,EHZ,-1,94.0,,163.8,,14.0105607516
nc73481856,NC,MFB,,EHZ,1,94.0,,107.6,,16.579163556060003
nc73481856,NC,MCV,,EHZ,1,84.0,,303.4,,23.42877103462
nc73481856,NC,MMT,,EHZ,1,74.0,,258.0,,51.80571630294
nc73481911,NC,MCO,,EHZ,-1,110.0,,354.6,,16.94610681384
nc73481911,NC,MDR,2.0,EHZ,1,107.0,,2.3,,18.99209346328
nc73481911,NC,MMX1,,HN3,-1,106.0,,328.7,,19.52582911096
nc73481911,NC,MCS,,EHZ,-1,104.0,,345.6,,21.53845728242
nc73481911,NC,MQ1P,,EHZ,-1,102.0,,316.2,,22.48361415852
nc73481911,NC,MTU,2.0,EHZ,1,98.0,,116.9,,27.93216556192
nc73481911,NC,MMT,,EHZ,1,96.0,,251.2,,31.32361082322
nc73481911,BK,TOLH,0.0,HHZ,1,88.0,,222.8,,78.13667492182
nc73481911,BK,HELL,0.0,HHZ,-1,88.0,,190.3,,88.76690990478001
nc73481911,NC,MHD,,EHZ,-1,86.0,,247.6,,100.9093958895
nc73481911,NC,MCV,,EHZ,-1,113.0,,5.7,,13.72145394244
nc73481911,NC,MDPB,,HHZ,-1,99.0,,311.7,,27.6875367234
nc73481911,NC,MLC,,EHZ,-1,109.0,,338.9,,17.279691593640003
nc73482036,NC,MDR,2.0,EHZ,-1,168.0,,123.3,,1.225368091132
nc73482036,NC,MCO,,EHZ,-1,153.0,,206.1,,3.093442858012
nc73482036,NC,MCB,,HHZ,-1,143.0,,270.6,,4.354393325656
nc73482036,NC,MLH,,EHZ,1,140.0,,36.7,,4.791389387194
nc73482036,NC,MCS,,EHZ,1,137.0,,283.3,,5.2817590135
nc73482036,NC,MCV,,EHZ,-1,132.0,,164.9,,6.206900802812
nc73482036,NC,MLC,,EHZ,-1,128.0,,239.3,,6.953018760298001
nc73482291,NC,MCB,,HHZ,-1,172.0,,81.7,,0.5646478372748001
nc73482291,NC,MGPB,,EHZ,-1,155.0,,179.3,,1.952582911096
nc73482291,NC,MLC,,EHZ,1,137.0,,196.9,,3.662760882204
nc73482291,NC,MCO,,EHZ,-1,130.0,,127.8,,4.483379440512
nc73482291,NC,MDR,2.0,EHZ,1,120.0,,96.1,,5.973391456952
nc73482291,NC,MCV,,EHZ,-1,107.0,,132.4,,8.843332512498
nc73482301,NP,1576,10.0,HNZ,1,123.0,,84.5,,6.45486548913
nc73482301,NC,MLC,,EHZ,-1,110.0,,304.1,,9.561651738334
nc73482301,NC,MMX1,,HN3,1,98.0,,296.6,,13.24331575806
nc73482301,NC,MDH,,HNZ,1,98.0,,330.3,,14.811164223120002
nc73482301,NC,MEM,,EHZ,-1,97.0,,318.5,,15.16698798824
nc73482301,NC,MMLB,,HHZ,-1,96.0,,308.1,,17.1796161597
nc73482301,NC,MINS,,HHZ,1,86.0,,295.8,,23.05070828418
nc73482301,NC,MBS1,,EP1,1,84.0,,334.5,,24.26273298412
nc73482301,NC,MDC,2.0,EHZ,1,84.0,,310.4,,25.02997797766
nc73482301,NC,MRC,,EHZ,1,80.0,,66.4,,30.645321770960003
nc73482301,NC,MMT,,EHZ,1,78.0,,236.3,,37.6394826541
nc73482301,NC,MMI,,EHZ,1,77.0,,259.1,,82.78462285370001
nc73482301,BK,TOLH,0.0,HHZ,-1,77.0,,218.8,,87.38809281494001
nc73482301,NC,MHD,,EHZ,1,77.0,,242.6,,106.9695193892
nc73482301,NC,MPR,,EHZ,1,77.0,,284.7,,108.1926635818
nc73482301,BK,BUCR,0.0,HHZ,-1,77.0,,276.4,,117.5330374162
nc73482301,BK,LEGD,0.0,HHZ,1,77.0,,252.0,,123.5375634526
nc73482301,CI,MLAC,,HHZ,-1,119.0,,352.8,,7.405582111560001
nc73482301,NC,MCB,,HHZ,-1,106.0,,324.9,,10.923789589184
nc73482301,NC,MCO,,EHZ,-1,121.0,,331.7,,6.943011216904001
nc73482301,NC,MCS,,EHZ,-1,99.0,,325.0,,12.33151735994
nc73482301,NC,MCV,,EHZ,-1,149.0,,353.7,,2.906635381324
nc73482301,NC,MDPB,,HHZ,1,85.0,,288.8,,23.66228038048
nc73482301,NC,MDR,2.0,EHZ,-1,115.0,,353.7,,8.260671097113999
nc73482301,NC,MGPB,,EHZ,-1,110.0,,315.4,,9.706205142914
nc73482301,NC,MLH,,EHZ,-1,99.0,,4.2,,12.75405808102
nc73482301,NC,MMP,,EHZ,1,96.0,,285.9,,18.64738919082
nc73482301,NC,MQ1P,,EHZ,1,96.0,,287.5,,18.1247730358
nc73482306,NC,MCB,,HHZ,1,143.0,,224.5,,3.788411149262001
nc73482306,NC,MDH1,,DP1,1,142.0,,288.4,,3.917397264118
nc73482306,NC,MDR,2.0,EHZ,-1,139.0,,141.5,,4.35884112272
nc73482306,NC,MCO,,EHZ,1,131.0,,176.6,,5.524163953488
nc73482306,NC,MGPB,,EHZ,1,130.0,,214.0,,5.706523633112
nc73482306,NC,MEM,,EHZ,-1,125.0,,267.4,,6.457089387662
nc73482306,NC,MLC,,EHZ,1,120.0,,214.3,,7.604621030174001
nc73482306,NC,MCV,,EHZ,1,113.0,,159.3,,9.338149935868
nc73482306,NC,MBS1,,EP1,1,100.0,,326.3,,12.3426368526
nc73482306,NC,MDC,2.0,EHZ,-1,98.0,,286.5,,16.11214486434
nc73482306,NC,MINS,,HHZ,1,97.0,,264.5,,17.224094130340003
nc73482306,NC,MDPB,,HHZ,1,96.0,,257.9,,19.20336382382
nc73482311,NC,MCV,,EHZ,1,149.0,,41.2,,5.051585515438
nc73482311,NC,MCO,,EHZ,1,140.0,,2.8,,7.018623766992
nc73482311,NC,MLC,,EHZ,1,138.0,,325.7,,7.57237450146
nc73482311,NC,MGPB,,EHZ,-1,134.0,,337.9,,8.42301568995
nc73482311,CI,MLAC,,HHZ,1,134.0,,18.2,,8.689883513789999
nc73482311,NC,MDR,2.0,EHZ,1,130.0,,16.6,,9.517173767694
nc73482311,NC,MCB,,HHZ,-1,128.0,,345.0,,10.181007479496
nc73482311,NC,MMT,,EHZ,1,98.0,,234.2,,34.11460348088
nc73482391,NC,MMX1,,HN3,1,170.0,,152.7,,1.0694728040388
nc73482391,NC,MQ1P,,EHZ,-1,140.0,,253.8,,5.144989253782
nc73482391,NC,MMP,,EHZ,-1,136.0,,252.4,,5.868868225948
nc73482391,NC,MCS,,EHZ,1,134.0,,58.2,,6.177990121896
nc73482391,NC,MDH1,,DP1,-1,126.0,,39.6,,7.804771898054001
nc73482391,NC,MINS,,HHZ,1,121.0,,290.4,,8.996781511206
nc73482391,NC,MDPB,,HHZ,-1,117.0,,274.2,,10.093163487482
nc73482391,NC,MDR,2.0,EHZ,1,113.0,,83.1,,11.5086749031
nc73482391,NC,MDC,2.0,EHZ,1,113.0,,324.2,,11.51979439576
nc73482391,NC,MCV,,EHZ,1,108.0,,108.2,,12.66510213974
nc73482391,NC,MLH,,EHZ,1,106.0,,66.0,,14.5109379213
nc73482391,NC,MBS1,,EP1,1,106.0,,6.9,,15.13362951026
nc73482391,CI,MLAC,,HHZ,1,113.0,,87.4,,11.41971896182
nc73482391,NC,MCB,,HHZ,1,133.0,,70.9,,6.3937082795
nc73482391,NC,MCO,,EHZ,1,121.0,,94.7,,9.070170162762
nc73482391,NC,MDY,,HHZ,1,138.0,,311.1,,5.476350135050001
nc73482391,NC,MEM,,EHZ,1,141.0,,26.6,,5.017115088192
nc73482391,NC,MLC,,EHZ,1,143.0,,108.9,,4.667963018668001
nc73482391,NC,MMLB,,HHZ,1,148.0,,342.0,,3.90294192366
nc73482516,NC,MCV,,EHZ,1,149.0,,359.4,,6.163534781438
nc73482516,NP,1576,10.0,HNZ,1,143.0,,59.6,,7.729159347966
nc73482516,NC,MCO,,EHZ,1,135.0,,342.0,,9.865213887952
nc73482516,CI,MLAC,,HHZ,1,133.0,,356.3,,10.643578374152
nc73482516,NC,MDR,2.0,EHZ,1,130.0,,356.7,,11.5086749031
nc73482516,NC,MLC,,EHZ,-1,130.0,,318.4,,11.54203338108
nc73482516,NC,MCB,,HHZ,1,124.0,,333.7,,13.6213785085
nc73482516,NC,MMX1,,EP1,1,122.0,,308.5,,14.80004473046
nc73482516,NC,MCS,,EHZ,1,122.0,,333.0,,15.011315091000002
nc73482516,NC,MLH,,EHZ,1,121.0,,4.2,,16.034308415719998
nc73482516,NC,MEM,,EHZ,-1,119.0,,326.2,,17.61327637344
nc73482516,NC,MDH,,HNZ,1,119.0,,336.3,,17.624395866100002
nc73482516,NC,MQ1P,,EHZ,-1,116.0,,297.2,,19.13664686786
nc73482516,NC,MMLB,,HHZ,-1,116.0,,316.3,,19.19224433116
nc73482516,NC,MMP,,EHZ,-1,116.0,,295.4,,19.5703070816
nc73482516,NC,MLI,,HHZ,1,115.0,,304.3,,20.22635714854
nc73482516,NC,MDY,,HHZ,-1,113.0,,310.4,,21.24935047326
nc73482516,NC,MCY,,EHZ,-1,113.0,,304.3,,21.43838184848
nc73482516,NC,MINS,,HHZ,-1,109.0,,303.0,,24.44064486668
nc73482516,NC,MDPB,,HHZ,-1,109.0,,296.2,,24.6852737052
nc73482516,NC,MDC,2.0,EHZ,-1,107.0,,316.1,,27.08708411976
nc73482516,NC,MTU,2.0,EHZ,-1,104.0,,130.7,,30.912189594800004
nc73482516,NC,MRC,,EHZ,-1,103.0,,61.2,,32.313245669960004
nc73482516,NC,MMT,,EHZ,-1,101.0,,240.5,,35.71581042392
nc73482516,NC,MFB,,EHZ,-1,100.0,,108.2,,37.20582244036
nc73482516,NP,1679,10.0,HNZ,-1,99.0,,90.9,,40.7529405989
nc73482516,NP,1589,10.0,HNZ,-1,96.0,,113.5,,48.2585981444
nc73482516,BK,OVRO,0.0,HHZ,-1,94.0,,124.9,,58.91107211268001
nc73482516,NP,2021,10.0,HNZ,-1,92.0,,42.1,,66.51680509212
nc73482516,CI,TIN,,HHZ,-1,91.0,,135.1,,75.21224835224
nc73482516,NC,MMI,,EHZ,-1,90.0,,261.3,,81.98401938218
nc73482516,NN,LHV,,HHZ,1,90.0,,19.5,,84.508144216
nc73482516,BK,TOLH,0.0,HHZ,-1,90.0,,220.0,,84.70829508388
nc73482516,BK,HELL,0.0,HHZ,1,88.0,,190.3,,96.39488186954
nc73482516,WR,FRI,,EHZ,1,88.0,,232.5,,98.56318293824
nc73482516,NC,MHD,,EHZ,1,88.0,,244.1,,105.29047599754
nc73482516,NN,SJC,,EHZ,-1,88.0,,329.6,,105.21263954892
nc73482516,NC,MPR,,EHZ,-1,88.0,,286.4,,108.82647466342
nc73482516,GS,MCA04,0.0,HHZ,1,87.0,,58.2,,115.5315287374
nc73482516,BK,BUCR,0.0,HHZ,-1,87.0,,278.0,,117.6442323428
nc73482516,BK,KARE,0.0,HHZ,1,86.0,,210.1,,120.09052072800002
nc73482516,NN,WAK,,HHZ,1,86.0,,333.8,,120.2017156546
nc73482516,NC,MGS,1.0,EHZ,1,86.0,,232.5,,122.6480040398
nc73482516,BK,LIND,0.0,HHZ,1,86.0,,188.9,,132.6555474338
nc73482516,BK,WINE,0.0,HHZ,1,85.0,,225.2,,135.657810452
nc73482516,CI,CWC,,HHZ,1,85.0,,151.1,,138.5488785436
nc73482516,CI,CGO,,HHZ,1,85.0,,139.9,,142.329506048
nc73482516,CI,GRA,,HHZ,1,85.0,,114.4,,142.7742857544
nc73482516,CI,VOG,,HHZ,-1,85.0,,200.2,,143.441455314
nc73482516,BK,MERC,0.0,HHZ,-1,85.0,,264.1,,145.22057413960002
nc73482516,BK,CMB,0.0,HHZ,-1,84.0,,292.6,,148.11164223120002
nc73482516,CI,SPG2,,HHZ,1,84.0,,177.8,,148.11164223120002
nc73482516,CI,POR,,HHZ,-1,84.0,,185.6,,159.564719671
nc73482516,BK,WSRE,0.0,HHZ,1,83.0,,221.1,,175.7991789546
nc73482516,CI,VES,,HHZ,-1,82.0,,187.0,,189.3649599998
nc73482516,CI,ASP,,EHZ,1,82.0,,195.1,,192.25602809140003
nc73482516,BK,WELL,0.0,HHZ,-1,83.0,,301.8,,194.4799266234
nc73482516,NC,HLB,1.0,EHZ,-1,84.0,,252.6,,196.0366555958
nc73482516,NC,BMS,,EHZ,-1,69.0,,241.5,,199.594893247
nc73482516,CI,WAS2,,HHZ,1,64.0,,173.0,,200.8180374396
nc73482516,CI,ISA,,HHZ,-1,50.0,,171.3,,210.158411274
nc73482516,CI,WOR,,HHZ,1,49.0,,165.5,,210.714385907
nc73482516,NC,PCE,1.0,EHZ,1,49.0,,218.1,,213.3830641454
nc73482516,NC,CDG,1.0,EHZ,-1,49.0,,266.4,,217.8308612094
nc73482516,BK,MTOS,0.0,HHZ,1,49.0,,269.9,,221.0555140808
nc73482516,NC,PCA,,EHZ,-1,49.0,,217.5,,223.2794126128
nc73482516,NC,PSM,,EHZ,1,49.0,,224.5,,226.6152604108
nc73482516,BP,SCYB,40.0,DP1,-1,49.0,,222.4,,227.8384046034
nc73482516,BP,LCCB,40.0,DP1,-1,49.0,,221.5,,228.95035386940003
nc73482516,BP,MMNB,40.0,DP1,-1,49.0,,220.8,,229.83991328220003
nc73482516,NC,PBO,1.0,EHZ,-1,49.0,,207.3,,230.28469298860003
nc73482516,NC,PHF,,EHZ,-1,49.0,,217.8,,231.0630574748
nc73482516,NC,PBS,,EHZ,1,49.0,,211.0,,230.9518625482
nc73482516,PB,B078,,EHZ,1,49.0,,216.1,,232.0638118142
nc73482516,PB,B072,,EHZ,1,49.0,,216.0,,232.61978644720003
nc73482516,BP,SMNB,40.0,DP1,1,49.0,,222.5,,233.3981509334
nc73482516,BK,PKD,0.0,HHZ,1,49.0,,221.3,,233.50934586
nc73482516,NC,PHP,,EHZ,-1,49.0,,223.1,,234.3989052728
nc73482516,NC,PVC,,EHZ,-1,49.0,,220.8,,235.0660748324
nc73482516,NC,PKL,,EHZ,-1,49.0,,215.0,,237.6235581442
nc73482516,NC,PCC,,EHZ,1,49.0,,233.0,,262.97600140900005
nc73482516,CI,CAR,,HHZ,1,49.0,,200.5,,263.4207811154
nc73482516,BK,LCUV,0.0,HHZ,-1,49.0,,219.6,,269.5365020784
nc73482516,BK,LEGD,0.0,HHZ,-1,86.0,,253.4,,122.31441926
nc73482531,NC,MLC,,EHZ,-1,122.0,,325.8,,11.7866622196
nc73482531,NC,MDR,2.0,EHZ,1,117.0,,1.6,,12.59838518378
nc73482531,NC,MCB,,HHZ,1,116.0,,339.4,,14.221831112140002
nc73482531,NC,MMX1,,HN3,-1,115.0,,314.3,,14.755566759820002
nc73482531,NC,MCS,,EHZ,1,114.0,,338.2,,15.58952870932
nc73482531,NC,MEM,,EHZ,-1,111.0,,330.8,,18.0135781092
nc73482531,NC,MQ1P,,EHZ,-1,110.0,,301.6,,18.78082310274
nc73482531,NC,MMP,,EHZ,1,110.0,,299.7,,19.17000534584
nc73482531,NC,MINS,,HHZ,-1,103.0,,306.5,,24.21825501348
nc73482531,NC,MDC,2.0,EHZ,-1,101.0,,319.3,,27.20939853902
nc73482531,NC,MBS1,,EP1,1,101.0,,340.7,,27.832090127980003
nc73482531,NC,MTU,2.0,EHZ,-1,99.0,,127.9,,31.01226502874
nc73482531,NC,MFB,,EHZ,-1,95.0,,106.1,,37.87299199996
nc73482531,CI,MLAC,,HHZ,1,122.0,,1.7,,11.74218424896
nc73482531,NC,MCO,,EHZ,1,125.0,,349.1,,10.682496598462
nc73482531,NC,MCV,,EHZ,1,137.0,,7.5,,7.336641257068
nc73482531,NC,MDPB,,HHZ,-1,103.0,,299.7,,24.2960914621
nc73482531,NC,MLH,,EHZ,1,112.0,,7.3,,17.24633311566
nc73482621,NC,MMX1,,HN3,-1,163.0,,139.1,,1.894761549264
nc73482621,NC,MMP,,EHZ,1,137.0,,245.0,,5.3429162231300005
nc73482621,NC,MLC,,EHZ,1,136.0,,111.1,,5.53750734468
nc73482621,NC,MGPB,,EHZ,1,132.0,,94.0,,6.279177505102
nc73482966,NC,MCO,,EHZ,1,91.0,,26.8,,31.09010147736
nc73482966,CI,MLAC,,HHZ,1,91.0,,29.4,,33.31400000936
nc73482966,NC,MMT,,EHZ,1,106.0,,273.2,,13.98832176628
nc73482966,NC,MLC,,EHZ,1,92.0,,19.2,,28.56597664354
nc73482966,NC,MDPB,,HHZ,1,91.0,,350.2,,29.64456743156
nc73482966,NC,MCV,,EHZ,1,91.0,,34.7,,29.86695728476
nc73482966,NC,MINS,,HHZ,1,91.0,,353.8,,31.77951002228
nc73482966,NC,MEM,,EHZ,-1,91.0,,12.4,,33.7476602231
nc73482966,NC,MDC,2.0,EHZ,1,91.0,,357.4,,37.83963352198
nc73482966,NC,MLH,,EHZ,1,91.0,,27.9,,38.91822431
nc73482966,NC,MLM,,EHZ,1,91.0,,9.4,,40.38599734112
nc73482966,NC,MTU,2.0,EHZ,1,91.0,,92.4,,40.68622364294
nc73482966,BK,TOLH,0.0,HHZ,-1,88.0,,218.7,,59.64495862824
nc73482966,NC,MMI,,EHZ,1,87.0,,275.2,,64.17059214086
nc73482966,NC,MHD,,EHZ,1,86.0,,250.3,,82.36208213262
nc73482966,NC,MPR,,EHZ,1,85.0,,299.3,,100.06431444734
nc73482966,BK,BUCR,0.0,HHZ,1,85.0,,289.1,,105.25711751956
nc73483126,NC,MCO,,EHZ,-1,151.0,,132.4,,3.40812450029
nc73483126,NC,MLC,,EHZ,-1,148.0,,214.4,,3.710574700642
nc73483126,NC,MDR,2.0,EHZ,-1,140.0,,92.2,,4.913703806454
nc73483126,NC,MEM,,EHZ,-1,139.0,,304.6,,5.169452137634
nc73483126,NC,MMX1,,HN3,-1,131.0,,247.4,,6.5249182928880005
nc73483126,NC,MCV,,EHZ,-1,125.0,,135.1,,7.791428506861999
nc73483126,NC,MLH,,EHZ,1,124.0,,57.3,,8.016042258594
nc73483126,NC,MDPB,,HHZ,-1,103.0,,267.2,,16.60140254138
nc73483126,NC,MCB,,HHZ,-1,173.0,,318.2,,0.7050870295706001
nc73483126,NC,MGPB,,EHZ,-1,164.0,,213.6,,1.81247730358
nc73483161,NC,MCV,,EHZ,-1,96.0,,14.3,,15.30042190016
nc73483161,NC,MLC,,EHZ,-1,95.0,,347.6,,17.69111282206
nc73483161,NC,MCO,,EHZ,-1,95.0,,2.6,,18.05805607984
nc73483161,NC,MDR,2.0,EHZ,-1,85.0,,9.0,,20.393149538440003
nc73483161,NC,MMP,,EHZ,-1,85.0,,321.0,,21.92763952552
nc73483161,NC,MMT,,EHZ,1,80.0,,251.9,,28.64381309216
nc73483221,NC,MCV,,EHZ,1,144.0,,347.5,,3.756164620548
nc73483221,NC,MCO,,EHZ,-1,120.0,,331.2,,7.864817158418
nc73483221,CI,MLAC,,HHZ,-1,118.0,,350.0,,8.249551604454
nc73483221,NC,MDR,2.0,EHZ,1,115.0,,351.1,,9.097968894412
nc73483221,NC,MLC,,EHZ,-1,111.0,,306.1,,10.416740723888
nc73483221,NC,MCB,,HHZ,-1,106.0,,325.1,,11.8422596829
nc73483221,NC,MCS,,EHZ,-1,101.0,,325.2,,13.25443525072
nc73483221,NC,MLH,,EHZ,1,101.0,,1.8,,13.49906408924
nc73483221,NC,MDPB,,HHZ,-1,91.0,,290.2,,24.39616689604
nc73483331,NC,MLC,,EHZ,1,153.0,,337.3,,2.381795327772
nc73483331,NC,MGPB,,EHZ,1,140.0,,2.6,,3.749492924952
nc73483331,NC,MCO,,EHZ,-1,133.0,,51.2,,4.73690387316
nc73483331,NC,MMX1,,HN3,-1,127.0,,299.7,,5.57642556899
nc73483426,NC,MQ1P,,EHZ,1,148.0,,337.2,,2.604185180972
nc73483426,NC,MMP,,EHZ,1,148.0,,321.1,,2.6475512023460004
nc73483426,NC,MMX1,,HN3,-1,125.0,,56.8,,5.277311216436001
nc73483426,NC,MCY,,EHZ,1,121.0,,343.5,,5.993406543740001
nc73483426,NC,MDPB,,HHZ,1,113.0,,306.8,,7.647987051547999
nc73483426,NC,MCV,,EHZ,1,94.0,,90.4,,15.96759145976
nc73483516,NC,MGPB,,EHZ,1,88.0,,332.8,,14.811164223120002
nc73483516,NC,MCB,,HHZ,1,85.0,,337.7,,16.434610151479998
nc73483516,NC,MMX1,,HN3,1,85.0,,316.0,,16.9572263065
nc73483516,NC,MCS,,EHZ,-1,84.0,,336.8,,17.813427241320003
nc73483516,NC,MLH,,EHZ,-1,83.0,,2.9,,19.0143324486
nc73483516,NC,MDH,,HNZ,-1,82.0,,339.2,,20.47098598706
nc73483516,NC,MDPB,,HHZ,-1,78.0,,301.9,,26.31983912622
nc73483516,NC,MTU,2.0,EHZ,-1,76.0,,126.4,,28.88844193068
nc73483516,NC,MDC,2.0,EHZ,-1,76.0,,319.8,,29.44441656368
nc73483516,NC,MRC,,EHZ,1,73.0,,56.6,,33.68094326714
nc73483516,NC,MMT,,EHZ,1,73.0,,245.0,,34.5260247093
nc73483516,NC,MHD,,EHZ,1,69.0,,245.7,,104.21188520952
nc73483516,NC,MCO,,EHZ,-1,90.0,,345.3,,12.79853605166
nc73483516,NC,MCV,,EHZ,-1,97.0,,358.3,,9.164685850372
nc73483516,NC,MDR,2.0,EHZ,-1,89.0,,356.6,,14.5109379213
nc73483516,NC,MLC,,EHZ,-1,89.0,,325.9,,14.04391922958
nc73483596,NC,MCV,,EHZ,1,136.0,,10.4,,3.596043926244
nc73483596,NC,MCO,,EHZ,-1,113.0,,341.0,,7.14427403405
nc73483596,NC,MDR,2.0,EHZ,1,106.0,,0.4,,8.857787852956
nc73483596,NC,MLC,,EHZ,1,105.0,,310.9,,9.180253140096
nc73483596,NC,MMX1,,HN3,1,92.0,,301.2,,12.69846061772
nc73483596,NC,MLH,,EHZ,1,93.0,,8.1,,13.49906408924
nc73483596,NC,MQ1P,,EHZ,1,94.0,,290.5,,17.41312550556
nc73483596,NC,MDPB,,HHZ,1,83.0,,291.1,,22.97287183556
nc73483596,NC,MMT,,EHZ,1,74.0,,236.3,,36.4719359248
nc73483786,NC,MQ1P,,EHZ,-1,144.0,,340.3,,2.255033111448
nc73483786,NC,MMX1,,HN3,1,115.0,,60.8,,5.34847596946
nc73483786,NC,MCY,,EHZ,1,113.0,,345.2,,5.658709814674
nc73483786,NC,MINS,,HHZ,-1,103.0,,327.6,,7.915966824654
nc73483786,NC,MLC,,EHZ,1,100.0,,76.5,,8.841108613966
nc73483786,NC,MDPB,,HHZ,1,105.0,,306.2,,7.282155743034001
nc73483786,NC,MGPB,,EHZ,1,96.0,,69.5,,10.3411281738
nc73483786,NC,MMP,,EHZ,-1,144.0,,321.6,,2.275048198236
nc73483871,NC,MCV,,EHZ,-1,130.0,,335.0,,12.98756742688
nc73483871,NC,MCO,,EHZ,-1,125.0,,330.5,,17.21297463768
nc73483871,NC,MDR,2.0,EHZ,-1,123.0,,340.4,,18.13589252846
nc73483871,NC,MLC,,EHZ,-1,121.0,,317.4,,19.3479172284
nc73483871,NC,MGPB,,EHZ,-1,121.0,,322.8,,19.82605541278
nc73483871,NC,MCB,,HHZ,-1,118.0,,327.3,,21.1826335173
nc73483871,NC,MLH,,EHZ,-1,117.0,,348.9,,21.99435648148
nc73483871,NC,MMX1,,HN3,-1,116.0,,311.0,,22.56145060714
nc73483871,NC,MCS,,EHZ,-1,116.0,,327.2,,22.58368959246
nc73483871,NC,MTU,2.0,EHZ,-1,115.0,,129.0,,23.15078371812
nc73483871,NC,MEM,,EHZ,-1,113.0,,323.0,,25.33020427948
nc73483871,NC,MDPB,,HHZ,-1,107.0,,301.0,,32.14645328006
nc73483871,NC,MDC,2.0,EHZ,-1,105.0,,316.0,,34.892967967080004
nc73483871,NC,MMT,,EHZ,1,103.0,,251.9,,38.4734446036
nc73483896,NC,MFB,,EHZ,1,109.0,,114.3,,6.912988586722
nc73483896,NC,MTU,2.0,EHZ,-1,90.0,,206.3,,12.58726569112
nc73483896,NC,MCO,,EHZ,-1,73.0,,299.8,,36.88335715322
nc73483896,NC,MGPB,,EHZ,1,72.0,,298.3,,40.35263886314
nc73483896,NC,MLC,,EHZ,-1,72.0,,295.7,,40.63062617964
nc73483896,NC,MCB,,HHZ,-1,72.0,,301.2,,40.886374510820005
nc73483896,NC,MDC,2.0,EHZ,-1,71.0,,300.9,,55.58634380734
nc73483896,NC,MRC,,EHZ,-1,81.0,,358.6,,24.30721095476
nc73483896,BK,OVRO,0.0,HHZ,-1,76.0,,142.3,,31.45704473514
nc73483996,NC,MTU,2.0,EHZ,-1,152.0,,175.2,,6.72173331297
nc73483996,NC,MFB,,EHZ,1,132.0,,81.9,,12.58726569112
nc73483996,NC,MCV,,EHZ,-1,109.0,,310.7,,30.16718358658
nc73483996,NC,MLC,,EHZ,1,104.0,,306.0,,37.68396062474
nc73483996,NC,MMT,,EHZ,1,98.0,,265.8,,54.17416823952
nc73484051,NC,MCV,,EHZ,-1,134.0,,18.6,,10.840393394234
nc73484051,NC,MLC,,EHZ,1,126.0,,342.0,,13.37674966998
nc73484051,NC,MMX1,,HN3,1,123.0,,328.8,,15.54505073868
nc73484051,NC,MMP,,EHZ,1,119.0,,311.5,,18.86977904402
nc73484051,NC,MDC,2.0,EHZ,1,108.0,,327.1,,28.09895795182
nc73484051,NC,MMT,,EHZ,1,105.0,,243.9,,30.67868024894
nc73484126,NC,MMX1,,HN3,-1,153.0,,228.8,,3.133473031588
nc73484126,NC,MDH,,HNZ,1,138.0,,23.5,,5.338468426066
nc73484126,NC,MDH1,,DP1,-1,138.0,,23.5,,5.338468426066
nc73484126,NC,MQ1P,,EHZ,1,124.0,,251.9,,8.20062583675
nc73484126,NC,MDR,2.0,EHZ,1,122.0,,88.3,,8.577576637924
nc73484126,NC,MMP,,EHZ,1,121.0,,251.1,,8.927840656714
nc73484126,NC,MCV,,EHZ,-1,115.0,,119.0,,10.48012183205
nc73484126,NC,MLH,,EHZ,1,112.0,,65.3,,11.4530774398
nc73484126,NC,MDC,2.0,EHZ,1,107.0,,310.7,,12.64286315442
nc73484126,NC,MDPB,,HHZ,1,107.0,,268.4,,12.92085047092
nc73484126,NC,MMT,,EHZ,1,91.0,,217.1,,36.138351145
nc73484126,CI,MLAC,,HHZ,-1,122.0,,94.1,,8.579800536456
nc73484126,NC,MCB,,HHZ,-1,152.0,,73.0,,3.335847798
nc73484126,NC,MCO,,EHZ,-1,132.0,,106.7,,6.45486548913
nc73484126,NC,MCS,,EHZ,1,153.0,,48.3,,3.21353337874
nc73484126,NC,MEM,,EHZ,1,151.0,,350.0,,3.42480373928
nc73484126,NC,MGPB,,EHZ,-1,155.0,,111.9,,2.86326935995
nc73484126,NC,MLC,,EHZ,-1,154.0,,149.2,,3.0467409888400003
nc73484131,NC,MEM,,EHZ,1,156.0,,350.2,,2.972240388018
nc73484131,NC,MCS,,EHZ,1,156.0,,55.8,,3.010046663062
nc73484131,NC,MGPB,,EHZ,-1,155.0,,118.9,,3.133473031588
nc73484131,NC,MCB,,HHZ,1,154.0,,80.9,,3.322504406808
nc73484131,NC,MMX1,,HN3,-1,153.0,,222.1,,3.381437717906
nc73484131,NC,MLC,,EHZ,-1,152.0,,151.7,,3.477065354782
nc73484131,NC,MDH1,,DP1,-1,143.0,,26.4,,4.973749066818
nc73484136,NC,MCB,,HHZ,-1,155.0,,79.2,,3.010046663062
nc73484136,NC,MMX1,,HN3,-1,151.0,,226.4,,3.581588585786
nc73484136,NC,MMLB,,HHZ,-1,143.0,,297.1,,4.828083712972
nc73484136,NC,MDH,,HNZ,1,143.0,,22.8,,4.871449734346
nc73484136,NC,MDH1,,DP1,-1,143.0,,22.8,,4.871449734346
nc73484136,NC,MDY,,HHZ,1,129.0,,286.1,,7.514553139628
nc73484136,NC,MDR,2.0,EHZ,-1,125.0,,91.0,,8.339619494999999
nc73484136,NC,MQ1P,,EHZ,-1,124.0,,249.8,,8.555337652603999
nc73484136,NC,MBS1,,EP1,-1,108.0,,354.7,,13.5657810452
nc73484136,NC,MMT,,EHZ,1,92.0,,217.0,,36.60536983672
nc73484136,NC,MCO,,EHZ,-1,134.0,,110.8,,6.362573700052
nc73484136,NC,MCS,,EHZ,1,157.0,,51.4,,2.770977570872
nc73484136,NC,MCV,,EHZ,-1,118.0,,121.6,,10.481233781316
nc73484136,NC,MDC,2.0,EHZ,1,109.0,,308.6,,12.5650267058
nc73484136,NC,MDPB,,HHZ,1,109.0,,266.6,,13.1765988021
nc73484136,NC,MEM,,EHZ,1,155.0,,344.4,,3.08009946682
nc73484136,NC,MGPB,,EHZ,-1,157.0,,121.4,,2.834358679034
nc73484136,NC,MLC,,EHZ,-1,153.0,,156.3,,3.3013773707540004
nc73484136,NC,MLH,,EHZ,1,116.0,,66.7,,11.072790790828
nc73484136,NC,MMP,,EHZ,-1,122.0,,249.2,,9.287000269632
nc73484141,NC,MEM,,EHZ,1,155.0,,354.2,,2.700924767114
nc73484141,NC,MCS,,EHZ,1,151.0,,61.9,,3.087883111682
nc73484141,NC,MMX1,,HN3,-1,149.0,,216.5,,3.418132043684
nc73484141,NC,MLC,,EHZ,-1,145.0,,150.3,,3.801754540454
nc73484141,NC,MDH,,HNZ,1,138.0,,30.2,,4.873673632878
nc73484141,NC,MDH1,,DP1,1,138.0,,30.2,,4.873673632878
nc73484141,NC,MMP,,EHZ,1,118.0,,246.2,,8.87335514268
nc73484141,NC,MCV,,EHZ,-1,110.0,,121.3,,11.10281342101
nc73484141,NC,MDC,2.0,EHZ,1,107.0,,309.2,,11.9534546095
nc73484141,NC,MDPB,,HHZ,-1,103.0,,265.2,,12.64286315442
nc73484141,NC,MBS1,,EP1,-1,103.0,,357.0,,13.25443525072
nc73484141,NC,MCB,,HHZ,-1,148.0,,85.3,,3.527103071752
nc73484141,NC,MCO,,EHZ,-1,126.0,,111.3,,6.984153339746
nc73484141,NC,MGPB,,EHZ,-1,148.0,,120.5,,3.457050267994
nc73484151,NC,MCS,,EHZ,1,156.0,,56.1,,2.838806476098
nc73484151,NC,MEM,,EHZ,1,155.0,,347.2,,2.888844193068
nc73484151,NC,MGPB,,EHZ,-1,154.0,,121.9,,3.075651669756
nc73484151,NC,MCB,,HHZ,1,153.0,,82.5,,3.17461515443
nc73484151,NC,MLC,,EHZ,-1,150.0,,154.5,,3.5159835790920004
nc73484151,NC,MMX1,,HN3,-1,150.0,,222.5,,3.55267790487
nc73484151,NC,MDH,,HNZ,1,141.0,,25.6,,4.815852271046
nc73484151,NC,MDH1,,DP1,-1,141.0,,25.6,,4.815852271046
nc73484151,NC,MCO,,EHZ,-1,131.0,,111.5,,6.59385914738
nc73484151,NC,MLH,,EHZ,-1,113.0,,67.8,,11.19732910862
nc73484151,NC,MDPB,,HHZ,-1,106.0,,265.9,,12.99868691954
nc73484156,NC,MMX1,,HN3,-1,166.0,,206.8,,2.5574833118
nc73484156,NC,MEM,,EHZ,-1,162.0,,10.9,,3.2079736324100003
nc73484156,NC,MLC,,EHZ,-1,159.0,,135.8,,3.965211082556
nc73484156,NC,MGPB,,EHZ,-1,158.0,,108.5,,4.073070161358
nc73484156,NC,MCS,,EHZ,1,158.0,,62.0,,4.084189654018
nc73484156,NC,MDH1,,DP1,-1,150.0,,35.4,,5.74321795889
nc73484156,NC,MQ1P,,EHZ,-1,144.0,,247.2,,7.145385983316
nc73484156,NC,MCO,,EHZ,-1,142.0,,105.7,,7.675785783197999
nc73484156,NC,MDPB,,HHZ,-1,129.0,,267.1,,11.7310647563
nc73484156,NC,MMT,,EHZ,1,101.0,,215.3,,35.60461549732
nc73484156,NC,MCB,,HHZ,-1,156.0,,80.3,,4.461140455192
nc73484171,NC,MLC,,EHZ,-1,152.0,,152.4,,3.33028805167
nc73484171,NC,MMX1,,HN3,-1,152.0,,224.7,,3.372542123778
nc73484171,NC,MDH1,,DP1,-1,140.0,,24.8,,5.029346530118
nc73484171,NC,MCO,,EHZ,-1,132.0,,109.5,,6.544933379676
nc73484171,NC,MQ1P,,EHZ,-1,124.0,,249.8,,8.32294025601
nc73484171,CI,MLAC,,HHZ,1,123.0,,96.3,,8.595367826179999
nc73484171,NC,MCV,,EHZ,-1,116.0,,120.6,,10.632458881492
nc73484171,NC,MDC,2.0,EHZ,1,108.0,,309.5,,12.44271228654
nc73484171,NC,MDPB,,HHZ,-1,107.0,,266.9,,12.954208948900002
nc73484171,NC,MBS1,,EP1,-1,107.0,,355.7,,13.6213785085
nc73484171,NC,MCB,,HHZ,1,153.0,,78.6,,3.240220161124
nc73484171,NC,MCS,,EHZ,1,155.0,,52.9,,2.99114352554
nc73484171,NC,MDR,2.0,EHZ,1,123.0,,90.5,,8.558673500402
nc73484171,NC,MEM,,EHZ,1,154.0,,348.7,,3.100114553608
nc73484171,NC,MGPB,,EHZ,-1,155.0,,117.9,,2.990031576274
nc73484171,NC,MLH,,EHZ,1,114.0,,66.8,,11.30852403522
nc73484171,NC,MMP,,EHZ,-1,121.0,,249.2,,9.054602873038
nc73484176,NC,MCS,,EHZ,1,156.0,,55.6,,2.96334479389
nc73484176,NC,MEM,,EHZ,1,156.0,,349.3,,2.961120895358
nc73484176,NC,MGPB,,EHZ,1,154.0,,119.6,,3.104562350672
nc73484176,NC,MCB,,HHZ,1,153.0,,81.1,,3.2758025376360003
nc73484176,NC,MMX1,,HN3,-1,152.0,,222.5,,3.42480373928
nc73484176,NC,MLC,,EHZ,-1,152.0,,152.5,,3.4726175577180003
nc73484176,NC,MDH,,HNZ,1,142.0,,26.1,,4.937054741040001
nc73484176,NC,MDH1,,DP1,-1,142.0,,26.1,,4.937054741040001
nc73484176,NC,MLH,,EHZ,1,115.0,,67.5,,11.30852403522
nc73484176,NC,MDC,2.0,EHZ,1,109.0,,309.2,,12.309278374620002
nc73484176,NC,MDPB,,HHZ,-1,108.0,,266.3,,12.8986114856
nc73484181,NC,MCS,,EHZ,1,159.0,,53.5,,2.472975167584
nc73484181,NC,MCB,,HHZ,-1,156.0,,83.7,,2.79655240399
nc73484181,NC,MEM,,EHZ,1,156.0,,339.6,,2.887732243802
nc73484181,NC,MLC,,EHZ,-1,151.0,,160.7,,3.477065354782
nc73484181,NC,MMX1,,HN3,-1,148.0,,225.4,,3.888486583202
nc73484181,NC,MDH1,,DP1,-1,144.0,,22.1,,4.56455173693
nc73484181,NC,MLH,,EHZ,1,115.0,,67.6,,10.810370764052
nc73484186,NC,MMX1,,HN3,-1,153.0,,219.4,,3.270242791306
nc73484186,NC,MGPB,,EHZ,-1,153.0,,117.5,,3.3113849141480003
nc73484186,NC,MLC,,EHZ,-1,151.0,,149.2,,3.587148332116
nc73484186,NC,MDH,,HNZ,1,142.0,,28.5,,5.046025769108
nc73484186,NC,MDH1,,DP1,1,142.0,,28.5,,5.046025769108
nc73484186,NC,MQ1P,,EHZ,-1,126.0,,248.2,,8.09499065648
nc73484186,NC,MMP,,EHZ,-1,123.0,,247.7,,8.827765222774
nc73484186,NC,MDR,2.0,EHZ,1,123.0,,91.3,,8.855563954424001
nc73484186,CI,MLAC,,HHZ,1,123.0,,96.9,,8.902265823596
nc73484186,NC,MLH,,EHZ,1,114.0,,68.0,,11.53091388842
nc73484186,NC,MDPB,,HHZ,-1,109.0,,266.2,,12.66510213974
nc73484186,NC,MCB,,HHZ,1,152.0,,81.7,,3.5081999342300003
nc73484186,NC,MCO,,EHZ,1,132.0,,109.7,,6.8651747682840005
nc73484186,NC,MCS,,EHZ,1,154.0,,58.0,,3.160159813972
nc73484186,NC,MEM,,EHZ,1,156.0,,353.8,,2.926650468112
nc73484191,NC,MCS,,EHZ,1,158.0,,55.6,,2.5708267029920004
nc73484191,NC,MEM,,EHZ,1,156.0,,342.0,,2.8265750341720004
nc73484191,NC,MCB,,HHZ,1,155.0,,84.4,,2.926650468112
nc73484191,NC,MGPB,,EHZ,1,155.0,,126.4,,2.95222530123
nc73484191,NC,MLC,,EHZ,-1,150.0,,158.8,,3.540446462944
nc73484191,NC,MMX1,,HN3,-1,148.0,,223.8,,3.80842623605
nc73484191,NC,MDH1,,DP1,-1,143.0,,23.7,,4.5990221641760005
nc73484191,NC,MCO,,EHZ,1,133.0,,113.3,,6.425954808214001
nc73484191,NC,MLH,,EHZ,1,115.0,,68.0,,10.926013487716
nc73484196,NC,MCS,,EHZ,1,160.0,,47.6,,2.23501802466
nc73484196,NC,MCB,,HHZ,1,158.0,,82.0,,2.465191522722
nc73484196,NC,MGPB,,EHZ,1,157.0,,131.7,,2.550811616204
nc73484196,NC,MLC,,EHZ,-1,151.0,,166.0,,3.344743392128
nc73484196,NC,MDH1,,DP1,-1,143.0,,17.9,,4.483379440512
nc73484196,NC,MCO,,EHZ,-1,134.0,,114.6,,5.972279507686
nc73484196,NC,MDR,2.0,EHZ,1,125.0,,92.7,,7.831458680438001
nc73484196,NC,MCV,,EHZ,-1,116.0,,124.1,,10.167664088304
nc73484196,NC,MLH,,EHZ,1,115.0,,66.7,,10.512368360764
nc73484256,NC,MCB,,HHZ,-1,154.0,,74.5,,3.1590478647060003
nc73484256,NC,MMX1,,HN3,-1,153.0,,228.8,,3.33028805167
nc73484256,NC,MLI,,HHZ,-1,128.0,,270.0,,7.642427305218
nc73484256,NC,MDR,2.0,EHZ,-1,125.0,,89.1,,8.427463487014
nc73484256,NC,MDPB,,HHZ,-1,109.0,,267.8,,13.07652336816
nc73484256,NC,MRC,,EHZ,1,92.0,,83.6,,37.66172163942
nc73484256,NC,MTU,2.0,EHZ,-1,90.0,,134.1,,45.28969360418
nc73484256,NC,MFB,,EHZ,1,88.0,,117.4,,50.026597477340005
nc73484256,NN,LHV,,HHZ,1,87.0,,28.6,,77.83644862
nc73484256,BK,HELL,0.0,HHZ,1,85.0,,184.4,,106.50250069748
nc73484256,BK,BUCR,0.0,HHZ,1,85.0,,272.5,,107.59221097816
nc73484256,BK,LEGD,0.0,HHZ,1,84.0,,246.8,,117.5330374162
nc73484256,GS,MCA04,0.0,HHZ,1,84.0,,65.1,,118.2002069758
nc73484256,BK,KARE,0.0,HHZ,1,84.0,,203.9,,126.0950467644
nc73484256,BK,TOLH,0.0,HHZ,1,86.0,,210.7,,88.68907345616
nc73484256,CI,MLAC,,HHZ,-1,125.0,,95.0,,8.444142726004
nc73484256,NC,MBS1,,EP1,-1,108.0,,355.2,,13.83264886904
nc73484256,NC,MCO,,EHZ,-1,134.0,,108.2,,6.353678105924001
nc73484256,NC,MCS,,EHZ,1,155.0,,48.3,,3.017830307924
nc73484256,NC,MCV,,EHZ,-1,118.0,,120.0,,10.415628774622
nc73484256,NC,MCY,,EHZ,-1,124.0,,274.5,,8.659860883608001
nc73484256,NC,MDC,2.0,EHZ,1,109.0,,309.8,,12.66510213974
nc73484256,NC,MDH1,,DP1,-1,141.0,,22.5,,5.161668492772001
nc73484256,NC,MDY,,HHZ,1,129.0,,288.4,,7.51121729183
nc73484256,NC,MEM,,EHZ,1,153.0,,347.1,,3.326952203872
nc73484256,NC,MINS,,HHZ,1,114.0,,279.4,,11.59763084438
nc73484256,NC,MLC,,EHZ,-1,155.0,,152.8,,3.088995060948
nc73484256,NC,MLH,,EHZ,1,115.0,,65.6,,11.26404606458
nc73484256,NC,MMLB,,HHZ,1,143.0,,300.5,,4.883681176272
nc73484256,NC,MMP,,EHZ,-1,122.0,,250.7,,9.109088387072
nc73484256,NC,MMT,,EHZ,1,92.0,,217.1,,36.32738252022
nc73484256,NC,MQ1P,,EHZ,-1,125.0,,251.4,,8.380761617842001
nc73484261,NC,MCS,,EHZ,-1,154.0,,46.2,,2.87438885261
nc73484261,NC,MCB,,HHZ,-1,154.0,,74.0,,2.983359880678
nc73484261,NC,MLC,,EHZ,-1,153.0,,155.9,,3.0289498005840003
nc73484261,NC,MEM,,EHZ,1,151.0,,344.1,,3.35252703699
nc73484261,NC,MMX1,,HN3,-1,150.0,,230.5,,3.4759534055160004
nc73484261,NC,MDH1,,DP1,-1,138.0,,20.8,,5.079384247088
nc73484261,NC,MCV,,EHZ,-1,115.0,,120.6,,10.272187319308
nc73484266,NC,MMX1,,HN3,-1,154.0,,227.8,,3.321392457542
nc73484266,NC,MDH,,HNZ,1,142.0,,23.2,,5.144989253782
nc73484266,NC,MQ1P,,EHZ,-1,127.0,,251.0,,8.35073898766
nc73484266,NC,MDR,2.0,EHZ,-1,127.0,,89.4,,8.470829508388
nc73484266,NC,MMP,,EHZ,-1,124.0,,250.3,,9.07906575689
nc73484266,NC,MCV,,EHZ,-1,119.0,,120.1,,10.472338187188
nc73484266,NC,MLH,,EHZ,1,117.0,,65.9,,11.286285049900002
nc73484266,NC,MINS,,HHZ,1,116.0,,279.3,,11.54203338108
nc73484266,NC,MDC,2.0,EHZ,1,111.0,,309.8,,12.60950467644
nc73484266,NC,MDPB,,HHZ,1,111.0,,267.6,,13.03204539752
nc73484266,NC,MBS1,,EP1,1,110.0,,355.4,,13.79929039106
nc73484266,NC,MMT,,EHZ,1,93.0,,217.0,,36.33850201288
nc73484266,NC,MCB,,HHZ,-1,155.0,,75.4,,3.19129439342
nc73484266,NC,MCO,,EHZ,-1,136.0,,108.4,,6.407051670692
nc73484266,NC,MCS,,EHZ,1,157.0,,49.4,,3.026725902052
nc73484266,NC,MEM,,EHZ,1,155.0,,347.7,,3.281362283966
nc73484266,NC,MLC,,EHZ,-1,156.0,,152.4,,3.142368625716
nc73484271,NC,MCS,,EHZ,1,159.0,,51.5,,2.747626636286
nc73484271,NC,MMX1,,HN3,-1,153.0,,226.3,,3.604939520372
nc73484271,NC,MDH,,HNZ,1,145.0,,22.8,,4.849210749026001
nc73484271,NC,MDH1,,DP1,-1,145.0,,22.8,,4.849210749026001
nc73484271,NC,MCO,,EHZ,-1,136.0,,111.0,,6.355902004456
nc73484271,NC,MDR,2.0,EHZ,-1,127.0,,91.2,,8.325164154542001
nc73484271,NC,MMP,,EHZ,-1,124.0,,249.1,,9.30701535642
nc73484271,NC,MCV,,EHZ,-1,120.0,,121.7,,10.477897933518
nc73484271,NC,MLH,,EHZ,1,118.0,,66.8,,11.051663754774
nc73484271,NC,MINS,,HHZ,-1,116.0,,277.9,,11.65322830768
nc73484271,NC,MDC,2.0,EHZ,1,111.0,,308.5,,12.5650267058
nc73484271,NC,MDPB,,HHZ,-1,111.0,,266.5,,13.19883778742
nc73484271,NC,MBS1,,EP1,-1,111.0,,354.7,,13.55466155254
nc73484271,NC,MMT,,EHZ,1,93.0,,217.0,,36.62760882204
nc73484271,NC,MCB,,HHZ,-1,157.0,,79.5,,2.992255474806
nc73484271,NC,MEM,,EHZ,1,156.0,,344.0,,3.065644126362
nc73484271,NC,MLC,,EHZ,-1,155.0,,156.7,,3.312496863414
nc73484276,NC,MMX1,,HN3,-1,154.0,,226.2,,2.981135982146
nc73484276,NC,MLC,,EHZ,-1,152.0,,146.0,,3.1579359154400004
nc73484276,NC,MCS,,EHZ,1,151.0,,50.6,,3.370318225246
nc73484276,NC,MEM,,EHZ,1,150.0,,353.4,,3.3947811090980005
nc73484276,NC,MCB,,HHZ,-1,149.0,,74.0,,3.5337747673480004
nc73484276,NC,MCO,,EHZ,-1,130.0,,106.2,,6.652792458478
nc73484276,NC,MCV,,EHZ,-1,114.0,,118.4,,10.660257613142
nc73484276,NC,MDC,2.0,EHZ,1,106.0,,311.3,,12.48719025718
nc73484276,NC,MDPB,,HHZ,1,105.0,,268.3,,12.72069960304
nc73484276,NC,MBS1,,EP1,-1,104.0,,356.7,,13.94384379564
nc73484281,NC,MLC,,EHZ,-1,154.0,,157.0,,2.680909680326
nc73484281,NC,MCB,,HHZ,1,152.0,,67.3,,2.901075634994
nc73484281,NC,MCS,,EHZ,1,152.0,,39.5,,2.961120895358
nc73484281,NC,MMX1,,HN3,-1,148.0,,236.3,,3.453714420196
nc73484281,NC,MEM,,EHZ,1,146.0,,342.5,,3.69167156312
nc73484281,NC,MDH1,,DP1,-1,134.0,,17.7,,5.295102404692001
nc73484281,NC,MDR,2.0,EHZ,-1,120.0,,87.1,,8.068303874096
nc73484281,NC,MLH,,EHZ,1,110.0,,63.5,,11.051663754774
nc73484281,NC,MBS1,,EP1,-1,101.0,,353.8,,14.14399466352
nc73484291,NC,MCS,,EHZ,-1,160.0,,53.8,,2.427385247678
nc73484291,NC,MCB,,HHZ,-1,158.0,,84.4,,2.76319392601
nc73484291,NC,MEM,,EHZ,1,157.0,,338.8,,2.864381309216
nc73484291,NC,MLC,,EHZ,-1,153.0,,161.4,,3.5026401879
nc73484291,NC,MMX1,,HN3,-1,150.0,,225.3,,3.935188452374
nc73484291,NC,MDH1,,DP1,1,146.0,,21.9,,4.5189618170240005
nc73484291,NC,MCO,,EHZ,-1,136.0,,114.0,,6.284737251432
nc73484291,NC,MDR,2.0,EHZ,-1,127.0,,93.1,,8.143916424184
nc73484291,NC,MMP,,EHZ,1,121.0,,248.0,,9.586114622186
nc73484291,NC,MCV,,EHZ,-1,119.0,,123.5,,10.465666491592
nc73484291,NC,MLH,,EHZ,-1,118.0,,67.7,,10.76922864121
nc73484291,NC,MDC,2.0,EHZ,1,110.0,,306.9,,12.54278772048
nc73484291,NC,MBS1,,EP1,1,110.0,,353.7,,13.2877937287
nc73484291,NC,MDPB,,HHZ,-1,109.0,,265.4,,13.3989886553
nc73484296,NC,MCS,,EHZ,-1,157.0,,52.8,,2.737619092892
nc73484296,NC,MMX1,,HN3,-1,151.0,,225.4,,3.622730708628
nc73484296,NC,MDH1,,DP1,1,143.0,,23.3,,4.80918057545
nc73484296,NC,MQ1P,,EHZ,-1,124.0,,249.3,,8.567569094529999
nc73484296,NC,MINS,,HHZ,1,114.0,,277.6,,11.608750337040002
nc73484296,NC,MBS1,,EP1,-1,108.0,,354.8,,13.48794459658
nc73484296,NC,MMT,,EHZ,1,92.0,,216.9,,36.66096730002
nc73484296,NC,MTU,2.0,EHZ,-1,90.0,,134.4,,45.4787249794
nc73484296,NC,MFB,,EHZ,1,88.0,,117.8,,50.12667291128
nc73484296,CI,MLAC,,HHZ,-1,125.0,,97.4,,8.408560349492001
nc73484296,NC,MCB,,HHZ,-1,155.0,,80.6,,3.011158612328
nc73484296,NC,MCO,,EHZ,-1,134.0,,111.4,,6.402603873628
nc73484296,NC,MCV,,EHZ,-1,117.0,,121.9,,10.532383447552
nc73484296,NC,MDC,2.0,EHZ,1,109.0,,308.4,,12.5094292425
nc73484296,NC,MDPB,,HHZ,1,108.0,,266.3,,13.16547930944
nc73484296,NC,MDR,2.0,EHZ,-1,125.0,,91.5,,8.35629873399
nc73484296,NC,MEM,,EHZ,1,155.0,,344.3,,3.004486916732
nc73484296,NC,MLC,,EHZ,-1,153.0,,156.6,,3.37476602231
nc73484296,NC,MLH,,EHZ,1,116.0,,67.1,,11.057223501104
nc73484296,NC,MMLB,,HHZ,1,143.0,,296.4,,4.781381843799999
nc73484296,NC,MMP,,EHZ,-1,121.0,,248.8,,9.299231711558
nc73484301,NC,MCS,,EHZ,-1,158.0,,46.7,,2.62976001409
nc73484301,NC,MCB,,HHZ,-1,157.0,,76.7,,2.780985114266
nc73484301,NC,MLC,,EHZ,-1,155.0,,160.0,,3.139032777918
nc73484301,NC,MEM,,EHZ,1,154.0,,340.5,,3.2257648206660003
nc73484301,NC,MMX1,,HN3,-1,150.0,,229.9,,3.71947029477
nc73484301,NC,MDH1,,DP1,-1,143.0,,19.8,,4.849210749026001
nc73484301,NC,MCO,,EHZ,-1,136.0,,111.0,,6.102377571808
nc73484306,NC,MLC,,EHZ,-1,155.0,,148.5,,2.960008946092
nc73484306,NC,MMX1,,HN3,-1,154.0,,230.3,,3.084547263884
nc73484306,NC,MEM,,EHZ,1,151.0,,350.0,,3.518207477624
nc73484306,NC,MDH1,,DP1,-1,138.0,,22.9,,5.417416823952
nc73484306,CI,MLAC,,HHZ,-1,123.0,,93.4,,8.559785449668
nc73484306,NC,MDR,2.0,EHZ,1,123.0,,87.6,,8.566457145264
nc73484306,NC,MMP,,EHZ,-1,122.0,,251.7,,8.91227336699
nc73484306,NC,MCV,,EHZ,-1,117.0,,118.6,,10.422300470218
nc73484306,NC,MLH,,EHZ,1,113.0,,64.9,,11.47531642512
nc73484306,NC,MDC,2.0,EHZ,-1,108.0,,311.0,,12.70958011038
nc73484306,NC,MDPB,,HHZ,1,108.0,,268.8,,12.94308945624
nc73484306,NC,MMT,,EHZ,1,92.0,,217.2,,36.071634189040005
nc73484306,NC,MCB,,HHZ,1,152.0,,71.4,,3.350303138458
nc73484306,NC,MCO,,EHZ,1,133.0,,106.0,,6.414835315554
nc73484306,NC,MCS,,EHZ,1,153.0,,46.9,,3.264683044976
nc73484311,NC,MCV,,EHZ,1,169.0,,253.9,,0.9289224168164
nc73484311,CI,MLAC,,HHZ,1,137.0,,340.4,,4.463364353724001
nc73484311,NC,MCO,,EHZ,-1,134.0,,307.5,,4.880345328474
nc73484311,NC,MDR,2.0,EHZ,1,131.0,,343.7,,5.2795351149680005
nc73484311,NC,MLC,,EHZ,-1,113.0,,284.6,,8.782175302868
nc73484311,NC,MCB,,HHZ,-1,113.0,,310.2,,8.97899032295
nc73484316,NC,MCS,,EHZ,-1,156.0,,54.9,,3.04118124251
nc73484316,NC,MMX1,,HN3,-1,154.0,,222.8,,3.34140754433
nc73484316,NC,MDH,,HNZ,1,143.0,,26.1,,5.023786783788
nc73484316,NC,MDH1,,DP1,-1,143.0,,26.1,,5.023786783788
nc73484316,NC,MQ1P,,EHZ,1,127.0,,249.1,,8.246215756656001
nc73484316,NC,MDR,2.0,EHZ,-1,125.0,,90.9,,8.663196731406
nc73484316,CI,MLAC,,HHZ,-1,125.0,,96.6,,8.704338854248
nc73484316,NC,MCV,,EHZ,-1,118.0,,120.6,,10.749213554422
nc73484316,NC,MLH,,EHZ,1,116.0,,67.3,,11.37524099118
nc73484316,NC,MDC,2.0,EHZ,1,110.0,,309.6,,12.32039786728
nc73484316,NC,MBS1,,EP1,-1,109.0,,356.1,,13.55466155254
nc73484316,NC,MMT,,EHZ,1,92.0,,216.6,,36.39409947618
nc73484316,NC,MCB,,HHZ,-1,154.0,,79.9,,3.331400000936
nc73484316,NC,MCO,,EHZ,-1,134.0,,109.7,,6.66057610334
nc73484316,NC,MDPB,,HHZ,1,110.0,,266.6,,12.85413351496
nc73484316,NC,MEM,,EHZ,1,156.0,,350.3,,3.026725902052
nc73484316,NC,MLC,,EHZ,-1,153.0,,151.3,,3.4281395870780003
nc73484321,NC,MMX1,,HN3,-1,151.0,,225.9,,3.550454006338
nc73484321,NC,MDH,,HNZ,1,142.0,,23.3,,4.889240922602
nc73484321,NC,MDH1,,DP1,-1,142.0,,23.3,,4.889240922602
nc73484321,NC,MCO,,EHZ,-1,134.0,,110.7,,6.403715822894
nc73484321,NC,MDR,2.0,EHZ,-1,125.0,,91.0,,8.382985516374
nc73484321,NC,MMP,,EHZ,-1,122.0,,249.1,,9.24585814679
nc73484321,NC,MCV,,EHZ,-1,117.0,,121.4,,10.517928107094
nc73484321,NC,MLH,,EHZ,-1,116.0,,66.8,,11.11393291367
nc73484321,NC,MINS,,HHZ,-1,114.0,,278.0,,11.59763084438
nc73484321,NC,MDC,2.0,EHZ,1,109.0,,308.7,,12.53166822782
nc73484321,NC,MDPB,,HHZ,1,109.0,,266.6,,13.13212083146
nc73484321,NC,MBS1,,EP1,-1,108.0,,354.9,,13.5657810452
nc73484321,NC,MMT,,EHZ,1,92.0,,216.9,,36.5831308514
nc73484321,NC,MCB,,HHZ,-1,155.0,,79.3,,3.053412684436
nc73484321,NC,MCS,,EHZ,1,157.0,,51.9,,2.805447998118
nc73484321,NC,MEM,,EHZ,1,155.0,,345.2,,3.067868024894
nc73484321,NC,MLC,,EHZ,-1,153.0,,155.7,,3.3191685590100004
nc73484326,NC,MCB,,HHZ,-1,154.0,,77.4,,3.104562350672
nc73484326,NC,MMX1,,HN3,-1,151.0,,226.9,,3.45260247093
nc73484326,NC,MDH,,HNZ,1,141.0,,23.1,,5.0026597477340005
nc73484326,NC,MDH1,,DP1,1,141.0,,23.1,,5.0026597477340005
nc73484326,NC,MDR,2.0,EHZ,-1,124.0,,90.3,,8.41189619729
nc73484326,CI,MLAC,,HHZ,-1,124.0,,96.1,,8.44525467527
nc73484326,NC,MQ1P,,EHZ,-1,124.0,,250.3,,8.448590523068
nc73484326,NC,MCV,,EHZ,-1,116.0,,120.8,,10.486793527646
nc73484326,NC,MINS,,HHZ,1,113.0,,278.6,,11.57539185906
nc73484326,NC,MDPB,,HHZ,-1,107.0,,267.1,,13.09876235348
nc73484326,NC,MBS1,,EP1,-1,107.0,,355.1,,13.66585647914
nc73484326,NC,MMT,,EHZ,1,91.0,,217.0,,36.4719359248
nc73484326,NC,MCO,,EHZ,-1,133.0,,109.7,,6.3937082795
nc73484326,NC,MCS,,EHZ,1,156.0,,50.6,,2.897739787196
nc73484326,NC,MDC,2.0,EHZ,1,108.0,,309.2,,12.576146198460002
nc73484326,NC,MEM,,EHZ,1,154.0,,346.2,,3.1679434588340003
nc73484326,NC,MLC,,EHZ,-1,153.0,,154.4,,3.231324566996
nc73484326,NC,MLH,,EHZ,1,114.0,,66.4,,11.18620961596
nc73484326,NC,MMLB,,HHZ,1,142.0,,298.7,,4.81474032178
nc73484326,NC,MMP,,EHZ,-1,121.0,,249.7,,9.17914119083
nc73484331,NC,MMX1,,HN3,-1,154.0,,226.6,,3.303601269286
nc73484331,NC,MDH,,HNZ,1,142.0,,23.9,,5.134981710388
nc73484331,NC,MDH1,,DP1,-1,142.0,,23.9,,5.134981710388
nc73484331,NC,MQ1P,,EHZ,-1,127.0,,250.7,,8.307372966286
nc73484331,NC,MDR,2.0,EHZ,-1,126.0,,89.6,,8.529762819486
nc73484331,NC,MMP,,EHZ,-1,124.0,,250.0,,9.036811684782
nc73484331,NC,MCV,,EHZ,-1,119.0,,120.1,,10.54127904168
nc73484331,NC,MLH,,EHZ,1,117.0,,66.2,,11.33076302054
nc73484331,NC,MDC,2.0,EHZ,1,111.0,,309.9,,12.54278772048
nc73484331,NC,MDPB,,HHZ,-1,110.0,,267.5,,12.97644793422
nc73484331,NC,MBS1,,EP1,-1,110.0,,355.6,,13.75481242042
nc73484331,NC,MMT,,EHZ,1,92.0,,216.9,,36.32738252022
nc73484331,NC,MCB,,HHZ,-1,155.0,,76.3,,3.240220161124
nc73484331,NC,MCO,,EHZ,-1,135.0,,108.6,,6.474880575918
nc73484331,NC,MCS,,EHZ,1,156.0,,50.6,,3.047852938106
nc73484331,NC,MEM,,EHZ,1,155.0,,348.6,,3.232436516262
nc73484331,NC,MLC,,EHZ,-1,155.0,,151.8,,3.20241388608
nc73484336,NC,MCS,,EHZ,1,155.0,,51.7,,3.001151068934
nc73484336,NC,MEM,,EHZ,1,154.0,,348.3,,3.160159813972
nc73484336,NC,MCB,,HHZ,-1,153.0,,77.6,,3.223540922134
nc73484336,NC,MLC,,EHZ,-1,153.0,,152.4,,3.268018892774
nc73484336,NC,MMX1,,HN3,-1,152.0,,225.7,,3.353638986256
nc73484336,NC,MDH,,HNZ,1,141.0,,24.3,,5.067152805162
nc73484336,NC,MDH1,,DP1,-1,141.0,,24.3,,5.067152805162
nc73484336,NC,MCO,,EHZ,-1,133.0,,109.2,,6.498231510504
nc73484336,NC,MDR,2.0,EHZ,-1,123.0,,90.1,,8.529762819486
nc73484336,NC,MMP,,EHZ,-1,121.0,,249.5,,9.0623865179
nc73484336,NC,MCV,,EHZ,-1,116.0,,120.4,,10.577973367458
nc73484336,NC,MLH,,EHZ,1,114.0,,66.5,,11.29740454256
nc73484336,NC,MDC,2.0,EHZ,-1,108.0,,309.6,,12.49830974984
nc73484336,NC,MDPB,,HHZ,-1,108.0,,267.1,,12.97644793422
nc73484336,NC,MBS1,,EP1,-1,107.0,,355.6,,13.6769759718
nc73484336,NC,MMT,,EHZ,1,92.0,,216.9,,36.38297998352
nc73484341,NC,MCS,,EHZ,1,156.0,,55.4,,2.882172497472
nc73484341,NC,MCB,,HHZ,-1,153.0,,81.5,,3.197966089016
nc73484341,NC,MLC,,EHZ,-1,151.0,,153.9,,3.4715056084520004
nc73484341,NC,MMX1,,HN3,-1,151.0,,223.0,,3.5026401879
nc73484341,NC,MDH1,,DP1,-1,141.0,,25.5,,4.871449734346
nc73484341,NC,MCO,,EHZ,-1,132.0,,111.0,,6.58829940105
nc73484341,NC,MDR,2.0,EHZ,-1,123.0,,91.6,,8.547554007741999
nc73484341,NC,MMP,,EHZ,-1,121.0,,248.2,,9.127991524594
nc73484341,NC,MCV,,EHZ,-1,115.0,,121.4,,10.704735583782
nc73484341,NC,MDC,2.0,EHZ,1,108.0,,308.8,,12.3426368526
nc73484341,NC,MDPB,,HHZ,1,107.0,,266.2,,12.97644793422
nc73484341,NC,MBS1,,EP1,1,107.0,,355.6,,13.4545861186
nc73484346,NC,MCS,,EHZ,1,157.0,,49.8,,2.909971229122
nc73484346,NC,MCB,,HHZ,-1,156.0,,76.7,,3.097890655076
nc73484346,NC,MLC,,EHZ,-1,155.0,,154.3,,3.19129439342
nc73484346,NC,MEM,,EHZ,1,155.0,,346.1,,3.2079736324100003
nc73484346,NC,MMX1,,HN3,-1,154.0,,227.5,,3.438147130472
nc73484346,NC,MMLB,,HHZ,1,145.0,,299.0,,4.845874901228
nc73484346,NC,MDH,,HNZ,1,143.0,,22.8,,5.030458479384
nc73484346,NC,MDH1,,DP1,-1,143.0,,22.8,,5.030458479384
nc73484346,NC,MCO,,EHZ,-1,136.0,,109.4,,6.367021497116
nc73484346,NC,MDY,,HHZ,-1,131.0,,287.3,,7.50009779917
nc73484346,NC,MDR,2.0,EHZ,-1,127.0,,90.0,,8.397440856832
nc73484346,NC,MQ1P,,EHZ,-1,127.0,,250.6,,8.4508144216
nc73484346,NC,MMP,,EHZ,-1,124.0,,249.9,,9.180253140096
nc73484346,NC,MCV,,EHZ,-1,120.0,,120.7,,10.454546998932
nc73484346,NC,MLH,,EHZ,1,117.0,,66.1,,11.18620961596
nc73484346,NC,MINS,,HHZ,1,116.0,,278.8,,11.59763084438
nc73484346,NC,MDC,2.0,EHZ,1,111.0,,309.3,,12.60950467644
nc73484346,NC,MDPB,,HHZ,1,111.0,,267.3,,13.10988184614
nc73484346,NC,MBS1,,EP1,-1,110.0,,355.0,,13.71033444978
nc73484346,NP,1576,10.0,HNZ,-1,106.0,,115.8,,17.47984246152
nc73484346,NC,MMT,,EHZ,1,93.0,,217.1,,36.44969693948
nc73484346,NC,MTU,2.0,EHZ,-1,91.0,,134.2,,45.35641056014
nc73484346,NC,MFB,,EHZ,-1,91.0,,117.5,,50.05995595532
nc73484346,BK,OVRO,0.0,HHZ,1,88.0,,128.2,,73.03282779088
nc73484346,NN,LHV,,HHZ,1,87.0,,28.6,,77.70301470808
nc73484346,BK,TOLH,0.0,HHZ,1,87.0,,210.7,,88.81138787542
nc73484346,NN,SJC,,EHZ,1,87.0,,330.7,,90.72394061294
nc73484346,BK,HELL,0.0,HHZ,1,86.0,,184.4,,106.62481511674
nc73484346,BK,BUCR,0.0,HHZ,-1,86.0,,272.5,,107.61444996348
nc73484346,BK,LEGD,0.0,HHZ,1,85.0,,246.7,,117.6442323428
nc73484346,NC,MGS,1.0,EHZ,1,84.0,,225.6,,123.3151735994
nc73484346,BK,CMB,0.0,HHZ,1,84.0,,289.5,,135.4354205988
nc73484346,BK,LIND,0.0,HHZ,1,83.0,,184.5,,142.9966756076
nc73484346,CI,CWC,,HHZ,-1,83.0,,150.2,,153.00421900159998
nc73484346,CI,SPG2,,HHZ,1,82.0,,174.7,,160.23188923060002
nc73484346,CI,POR,,HHZ,-1,82.0,,182.2,,170.46182247779998
nc73484346,NC,HSL,2.0,EHZ,1,79.0,,250.8,,202.930741045
nc73484346,NC,PCE,1.0,EHZ,1,50.0,,214.3,,217.2748865764
nc73484346,NC,BBGB,,HHZ,-1,49.0,,238.4,,221.277903934
nc73484346,CI,WOR,,HHZ,-1,49.0,,163.9,,224.1689720256
nc73484346,NC,PCA,,EHZ,-1,49.0,,213.9,,227.2824299704
nc73484346,NC,PBS,,EHZ,1,49.0,,207.7,,236.5116088782
nc73484346,PB,B079,,EHZ,-1,49.0,,208.4,,241.848965355
nc73484351,NC,MCB,,HHZ,1,152.0,,77.6,,3.223540922134
nc73484351,NC,MMX1,,HN3,-1,151.0,,225.7,,3.353638986256
nc73484351,NC,MMLB,,HHZ,1,141.0,,299.6,,4.721336583436
nc73484351,NC,MDH,,HNZ,1,138.0,,24.3,,5.067152805162
nc73484351,NC,MDH1,,DP1,-1,138.0,,24.3,,5.067152805162
nc73484351,NC,MCO,,EHZ,1,130.0,,109.2,,6.498231510504
nc73484351,NC,MCV,,EHZ,-1,114.0,,120.4,,10.577973367458
nc73484351,NC,MLH,,EHZ,-1,112.0,,66.5,,11.29740454256
nc73484351,NC,MDC,2.0,EHZ,-1,105.0,,309.6,,12.49830974984
nc73484351,NC,MCS,,EHZ,1,153.0,,51.7,,3.001151068934
nc73484351,NC,MEM,,EHZ,1,152.0,,348.3,,3.160159813972
nc73484351,NC,MLC,,EHZ,-1,151.0,,152.4,,3.268018892774
nc73484351,NC,MTU,2.0,EHZ,-1,88.0,,134.1,,45.46760548674
nc73484356,NC,MCS,,EHZ,1,157.0,,57.1,,2.36845193658
nc73484356,NC,MEM,,EHZ,1,154.0,,338.3,,2.7153801075720003
nc73484356,NC,MCB,,HHZ,1,154.0,,87.6,,2.7832090127980003
nc73484356,NC,MMX1,,HN3,-1,144.0,,223.5,,4.020808545856
nc73484356,NC,MDH,,HNZ,1,141.0,,23.0,,4.394423499232
nc73484356,NC,MDH1,,DP1,-1,141.0,,23.0,,4.394423499232
nc73484356,NC,MMLB,,HHZ,-1,138.0,,291.4,,4.806956676917999
nc73484356,NC,MCO,,EHZ,1,129.0,,115.2,,6.3725812434460005
nc73484356,NC,MDY,,HHZ,-1,123.0,,282.5,,7.575710349257999
nc73484356,NC,MDR,2.0,EHZ,1,120.0,,94.2,,8.182834648494001
nc73484356,NC,MCY,,EHZ,-1,117.0,,269.7,,8.897818026531999
nc73484356,NC,MMP,,EHZ,-1,115.0,,247.1,,9.615025303102
nc73484356,NC,MCV,,EHZ,-1,112.0,,124.1,,10.572413621128
nc73484356,NC,MLH,,EHZ,1,111.0,,68.5,,10.74142990956
nc73484356,NC,MINS,,HHZ,-1,108.0,,275.7,,11.76442323428
nc73484356,NC,MDC,2.0,EHZ,-1,103.0,,306.5,,12.43159279388
nc73484356,NC,MBS1,,EP1,-1,103.0,,353.8,,13.14324032412
nc73484356,NC,MDPB,,HHZ,-1,102.0,,264.8,,13.38786916264
nc73484356,NC,MLC,,EHZ,-1,147.0,,161.7,,3.65275333881
nc73484356,NC,MQ1P,,EHZ,-1,117.0,,247.5,,8.881138787542
nc73484361,NC,MMX1,,HN3,1,156.0,,225.1,,3.161271763238
nc73484361,NC,MCS,,EHZ,1,155.0,,51.9,,3.19685413975
nc73484361,NC,MCB,,HHZ,1,154.0,,76.3,,3.405900601758
nc73484361,NC,MMLB,,HHZ,1,146.0,,301.8,,4.637940388486
nc73484361,NC,MDH,,HNZ,1,142.0,,25.4,,5.236169093594
nc73484361,NC,MDH1,,DP1,1,142.0,,25.4,,5.236169093594
nc73484361,NC,MCV,,EHZ,-1,119.0,,119.5,,10.66359346094
nc73484361,NC,MLH,,EHZ,1,116.0,,66.3,,11.49755541044
nc73484361,NC,MDC,2.0,EHZ,-1,111.0,,310.5,,12.44271228654
nc73484361,NC,MMT,,EHZ,-1,93.0,,216.8,,36.20506810096
nc73484361,NC,MCO,,EHZ,1,135.0,,107.8,,6.617210081966
nc73484361,NC,MEM,,EHZ,1,155.0,,351.5,,3.24133211039
nc73484361,NC,MLC,,EHZ,-1,155.0,,148.9,,3.250227704518
nc73484366,NC,MMX1,,HN3,-1,153.0,,228.1,,3.227988719198
nc73484366,NC,MDH,,HNZ,1,139.0,,23.4,,5.236169093594
nc73484366,NC,MDH1,,DP1,-1,139.0,,23.4,,5.236169093594
nc73484366,NC,MDY,,HHZ,-1,128.0,,288.9,,7.425597198348001
nc73484366,NC,MQ1P,,EHZ,-1,124.0,,251.4,,8.270678640508
nc73484366,CI,MLAC,,HHZ,-1,123.0,,94.7,,8.543106210678
nc73484366,NC,MMP,,EHZ,-1,122.0,,250.7,,8.999005409738
nc73484366,NC,MINS,,HHZ,1,113.0,,279.7,,11.49755541044
nc73484366,NC,MDC,2.0,EHZ,1,108.0,,310.2,,12.60950467644
nc73484366,NC,MDPB,,HHZ,1,108.0,,268.0,,12.97644793422
nc73484366,NC,MBS1,,EP1,-1,107.0,,355.6,,13.86600734702
nc73484366,NC,MMT,,EHZ,1,92.0,,217.0,,36.23842657894
nc73484366,NC,MCB,,HHZ,1,153.0,,74.4,,3.268018892774
nc73484366,NC,MCO,,EHZ,-1,133.0,,107.6,,6.440410148672
nc73484366,NC,MCS,,EHZ,1,154.0,,49.0,,3.11901769113
nc73484366,NC,MCV,,EHZ,-1,117.0,,119.5,,10.486793527646
nc73484366,NC,MDR,2.0,EHZ,-1,123.0,,88.9,,8.530874768752
nc73484366,NC,MEM,,EHZ,1,152.0,,349.0,,3.34140754433
nc73484366,NC,MLC,,EHZ,-1,154.0,,150.8,,3.104562350672
nc73484366,NC,MLH,,EHZ,1,114.0,,65.6,,11.37524099118
nc73484366,NC,MMLB,,HHZ,1,142.0,,301.5,,4.81474032178
nc73484371,NC,MMX1,,HN3,-1,151.0,,221.0,,3.521543325422
nc73484371,NC,MLC,,EHZ,-1,150.0,,153.5,,3.587148332116
nc73484371,NC,MDH,,HNZ,1,142.0,,26.7,,4.821412017376001
nc73484371,NC,MDH1,,DP1,1,142.0,,26.7,,4.821412017376001
nc73484371,NC,MCO,,EHZ,-1,131.0,,111.5,,6.690598733522
nc73484371,NC,MQ1P,,EHZ,-1,123.0,,247.9,,8.360746531054001
nc73484371,NC,MMP,,EHZ,-1,121.0,,247.5,,9.094633046614
nc73484371,NC,MCV,,EHZ,-1,115.0,,121.6,,10.815930510382
nc73484371,NC,MDC,2.0,EHZ,1,108.0,,308.7,,12.231441926
nc73484371,NC,MDPB,,HHZ,-1,107.0,,265.7,,12.90973097826
nc73484371,NC,MBS1,,EP1,-1,107.0,,355.8,,13.35451068466
nc73484371,NC,MCB,,HHZ,1,153.0,,83.3,,3.25801134938
nc73484371,NC,MCS,,EHZ,1,155.0,,57.7,,2.892180040866
nc73484371,NC,MEM,,EHZ,1,156.0,,348.8,,2.834358679034
nc73484376,NC,MMX1,,HN3,-1,143.0,,212.3,,3.470393659186
nc73484376,NC,MLC,,EHZ,-1,139.0,,149.5,,4.049719226772
nc73484376,NC,MCO,,EHZ,1,119.0,,112.2,,7.21655073634
nc73484376,NC,MMP,,EHZ,-1,112.0,,244.7,,8.78995894773
nc73484376,NC,MDC,2.0,EHZ,1,103.0,,309.1,,11.69770627832
nc73484376,NC,MDPB,,HHZ,-1,98.0,,264.3,,12.47607076452
nc73484381,NC,MLC,,EHZ,-1,163.0,,128.1,,2.114927503932
nc73484381,NC,MMX1,,HN3,-1,161.0,,251.7,,2.37957142924
nc73484381,NC,MCB,,HHZ,-1,149.0,,55.2,,4.00857710393
nc73484381,NC,MCS,,EHZ,-1,148.0,,35.9,,4.260989587312
nc73484381,NC,MEM,,EHZ,1,145.0,,354.0,,4.711329040042
nc73484381,NC,MCO,,EHZ,-1,136.0,,94.9,,6.3103120845500005
nc73484381,NC,MDH1,,DP1,-1,134.0,,19.7,,6.598306944444
nc73484381,NC,MMP,,EHZ,-1,126.0,,259.3,,8.493068493708
nc73484381,NC,MDR,2.0,EHZ,1,125.0,,79.7,,8.81775767938
nc73484381,NC,MDPB,,HHZ,1,110.0,,274.2,,12.85413351496
nc73484381,NC,MDC,2.0,EHZ,1,110.0,,315.2,,13.4545861186
nc73484381,NC,MMT,,EHZ,-1,93.0,,218.2,,35.03752137166
nc73484386,NC,MEM,,EHZ,1,154.0,,351.7,,2.9967032718700004
nc73484386,NC,MMX1,,HN3,-1,152.0,,221.6,,3.304713218552
nc73484386,NC,MLC,,EHZ,-1,150.0,,150.4,,3.4804012025800004
nc73484386,NC,MDH,,HNZ,1,139.0,,27.0,,5.039354073512
nc73484386,NC,MDH1,,DP1,-1,139.0,,27.0,,5.039354073512
nc73484386,NC,MCO,,EHZ,1,130.0,,109.6,,6.735076704162
nc73484386,NC,MDR,2.0,EHZ,1,121.0,,91.0,,8.736585382962
nc73484386,NC,MCV,,EHZ,1,114.0,,120.5,,10.821490256712
nc73484386,NC,MLH,,EHZ,1,112.0,,67.5,,11.44195794714
nc73484386,NC,MDPB,,HHZ,-1,106.0,,266.5,,12.77629706634
nc73484386,NC,MCB,,HHZ,1,151.0,,80.4,,3.400340855428
nc73484386,NC,MCS,,EHZ,1,153.0,,56.0,,3.0923309087460003
nc73484386,NC,MMP,,EHZ,-1,120.0,,248.3,,8.916721164054
nc73484391,NC,MCS,,EHZ,1,157.0,,52.9,,2.806559947384
nc73484391,NC,MEM,,EHZ,1,155.0,,345.5,,3.02450200352
nc73484391,NC,MCB,,HHZ,1,155.0,,80.1,,3.075651669756
nc73484391,NC,MLC,,EHZ,-1,153.0,,155.5,,3.364758478916
nc73484391,NC,MMX1,,HN3,1,151.0,,225.1,,3.554901803402
nc73484391,NC,MDH,,HNZ,1,143.0,,23.8,,4.867001937282001
nc73484391,NC,MDH1,,DP1,-1,143.0,,23.8,,4.867001937282001
nc73484391,NC,MCO,,EHZ,1,134.0,,110.9,,6.444857945736
nc73484391,NC,MDR,2.0,EHZ,1,125.0,,91.3,,8.414120095822
nc73484391,NC,MQ1P,,EHZ,-1,125.0,,249.4,,8.499740189304
nc73484391,NC,MCV,,EHZ,1,117.0,,121.5,,10.562406077734002
nc73484391,NC,MLH,,EHZ,1,116.0,,67.1,,11.13061215266
nc73484391,NC,MDC,2.0,EHZ,1,109.0,,308.7,,12.48719025718
nc73484391,NC,MDPB,,HHZ,-1,109.0,,266.4,,13.10988184614
nc73484396,NC,MCS,,EHZ,1,153.0,,51.8,,3.127913285258
nc73484396,NC,MEM,,EHZ,1,152.0,,350.4,,3.21353337874
nc73484396,NC,MMX1,,HN3,1,152.0,,225.4,,3.229100668464
nc73484396,NC,MLC,,EHZ,-1,152.0,,150.2,,3.2524516030500004
nc73484396,NC,MCB,,HHZ,1,151.0,,76.7,,3.340295595064
nc73484396,NC,MDH1,,DP1,1,139.0,,25.0,,5.177235782496
nc73484396,NC,MCO,,EHZ,1,131.0,,108.3,,6.572732111326
nc73484396,NC,MDR,2.0,EHZ,1,122.0,,89.6,,8.632062151958001
nc73484396,NC,MMP,,EHZ,1,121.0,,249.8,,8.94007209864
nc73484396,NC,MCV,,EHZ,-1,115.0,,119.8,,10.63023498296
nc73484396,NC,MDC,2.0,EHZ,-1,107.0,,310.2,,12.46495127186
nc73484396,NC,MDPB,,HHZ,1,106.0,,267.4,,12.87637250028
nc73484401,NC,MMX1,,HN3,-1,155.0,,216.9,,2.972240388018
nc73484401,NC,MEM,,EHZ,-1,154.0,,359.5,,3.0578604815
nc73484401,NC,MCS,,EHZ,1,151.0,,58.5,,3.488184847442
nc73484401,NC,MLC,,EHZ,-1,150.0,,144.0,,3.627178505692001
nc73484401,NC,MCB,,HHZ,-1,149.0,,80.1,,3.822881576508
nc73484401,NC,MDH1,,DP1,-1,139.0,,30.5,,5.319565288544
nc73484421,NC,MCS,,EHZ,1,154.0,,48.4,,3.051188785904
nc73484421,NC,MLC,,EHZ,-1,154.0,,152.1,,3.08565921315
nc73484421,NC,MMX1,,HN3,-1,152.0,,228.7,,3.295817624424
nc73484421,NC,MMLB,,HHZ,-1,141.0,,300.9,,4.8681138865480005
nc73484421,NC,MDH1,,DP1,-1,139.0,,22.8,,5.190579173688
nc73484421,NC,MCO,,EHZ,-1,133.0,,108.0,,6.375917091244
nc73484421,NC,MDR,2.0,EHZ,-1,123.0,,89.0,,8.457486117196
nc73484421,NC,MMP,,EHZ,-1,121.0,,250.7,,9.074617959826
nc73484421,NC,MINS,,HHZ,-1,112.0,,279.5,,11.5642723664
nc73484421,NC,MDC,2.0,EHZ,1,107.0,,310.0,,12.65398264708
nc73484421,NC,MDPB,,HHZ,-1,107.0,,267.9,,13.04316489018
nc73484421,NC,MCB,,HHZ,-1,153.0,,74.3,,3.192406342686
nc73484421,NC,MEM,,EHZ,1,152.0,,347.7,,3.3380716965320003
nc73484421,NC,MGPB,,EHZ,-1,156.0,,114.9,,2.7998882517880004
nc73484426,NC,MEM,,EHZ,1,156.0,,346.9,,3.0823233653520004
nc73484426,NC,MMX1,,HN3,-1,153.0,,225.3,,3.460386115792
nc73484426,NC,MDH,,HNZ,1,143.0,,24.1,,4.958181777094
nc73484426,NC,MDH1,,DP1,-1,143.0,,24.1,,4.958181777094
nc73484426,NC,MCO,,EHZ,-1,135.0,,110.1,,6.473768626652
nc73484426,NC,MQ1P,,EHZ,-1,126.0,,249.7,,8.418567892886
nc73484426,NC,MMP,,EHZ,-1,124.0,,249.1,,9.150230509914
nc73484426,NC,MCV,,EHZ,-1,119.0,,121.0,,10.57463751966
nc73484426,NC,MLH,,EHZ,-1,117.0,,66.8,,11.20844860128
nc73484426,NC,MINS,,HHZ,-1,116.0,,278.3,,11.5086749031
nc73484426,NC,MDC,2.0,EHZ,1,111.0,,309.1,,12.48719025718
nc73484426,NC,MDPB,,HHZ,-1,110.0,,266.7,,13.04316489018
nc73484426,NC,MBS1,,EP1,-1,110.0,,355.3,,13.58802003052
nc73484426,NC,MMT,,EHZ,1,92.0,,216.9,,36.49417491012
nc73484426,NC,MCB,,HHZ,-1,155.0,,79.0,,3.14681642278
nc73484426,NC,MCS,,EHZ,1,157.0,,52.4,,2.897739787196
nc73484426,NC,MGPB,,EHZ,-1,157.0,,119.4,,2.92998631591
nc73484426,NC,MLC,,EHZ,-1,154.0,,154.0,,3.323616356074
nc73484481,NC,MCV,,EHZ,-1,146.0,,14.3,,3.172391255898
nc73484481,NC,MCO,,EHZ,-1,121.0,,340.8,,6.663911951138
nc73484481,CI,MLAC,,HHZ,-1,117.0,,1.3,,7.534568226416
nc73484481,NC,MDR,2.0,EHZ,1,113.0,,1.3,,8.396328907566
nc73484481,NC,MLC,,EHZ,-1,112.0,,309.1,,8.782175302868
nc73484481,NC,MMX1,,HN3,-1,98.0,,299.6,,12.35375634526
nc73484481,NC,MBS1,,EP1,-1,84.0,,337.0,,23.973626174960003
nc73484536,NC,MGPB,,EHZ,-1,153.0,,109.7,,2.947777504166
nc73484536,NC,MMX1,,HN3,-1,153.0,,228.4,,2.9967032718700004
nc73484536,NC,MLC,,EHZ,-1,153.0,,146.6,,3.0467409888400003
nc73484536,NC,MCS,,EHZ,-1,150.0,,48.7,,3.350303138458
nc73484536,NC,MCB,,HHZ,-1,149.0,,72.4,,3.470393659186
nc73484536,NC,MEM,,EHZ,1,149.0,,352.1,,3.479289253314
nc73484536,NC,MDH1,,DP1,-1,135.0,,24.3,,5.45411114973
nc73484536,NC,MCO,,EHZ,-1,129.0,,105.8,,6.547157278208
nc73484536,NC,MINS,,HHZ,1,110.0,,280.6,,11.36412149852
nc73484536,NC,MDPB,,HHZ,-1,104.0,,268.7,,12.80965554432
nc73484681,NC,MLC,,EHZ,-1,160.0,,201.3,,3.781739453666
nc73484681,NC,MDR,2.0,EHZ,1,151.0,,96.6,,5.668717358068
nc73484681,NC,MLH,,EHZ,1,140.0,,62.6,,8.409672298758
nc73484726,NC,MLC,,EHZ,-1,155.0,,8.0,,4.04749532824
nc73484726,NC,MCO,,EHZ,-1,140.0,,47.2,,7.047534447908001
nc73484726,NC,MCB,,HHZ,-1,137.0,,16.0,,7.902623433462
nc73484726,NC,MCV,,EHZ,-1,135.0,,79.1,,8.32294025601
nc73484726,NC,MMP,,EHZ,1,129.0,,291.7,,10.167664088304
nc73484726,NC,MDR,2.0,EHZ,1,128.0,,47.6,,10.232157145732002
nc73484726,NC,MMT,,EHZ,1,99.0,,225.8,,31.83510748558
nc73484831,NC,MCO,,EHZ,-1,166.0,,344.3,,0.3642745795416
nc73484831,CI,MLAC,,HHZ,1,116.0,,54.9,,2.778761215734
nc73484831,NC,MDR,2.0,EHZ,1,108.0,,42.9,,3.359198732586
nc73484831,NC,MCV,,EHZ,-1,100.0,,134.9,,4.068622364294
nc73484831,NC,MCB,,HHZ,-1,78.0,,315.9,,4.426670027946
nc73484831,NC,MLC,,EHZ,1,77.0,,265.0,,4.738015822426
nc73484831,NC,MCS,,EHZ,-1,71.0,,318.3,,5.81549466118
nc73484831,NC,MDH1,1.0,DP1,-1,66.0,,329.8,,8.218417025006001
nc73484831,NC,MMX1,,HN3,-1,66.0,,271.0,,8.647629441682001
nc73484846,NC,MMX1,,HN3,-1,153.0,,231.8,,3.487072898176
nc73484846,NC,MMLB,,HHZ,-1,143.0,,299.5,,5.106071029472
nc73484846,NC,MDH,,HNZ,1,142.0,,20.0,,5.110518826536
nc73484846,NC,MLI,,HHZ,-1,129.0,,270.2,,7.87816054961
nc73484846,NC,MCV,,EHZ,-1,120.0,,120.5,,10.193238921422
nc73484846,NC,MINS,,HHZ,-1,115.0,,279.4,,11.83114019024
nc73484846,NC,MDPB,,HHZ,-1,110.0,,268.0,,13.31003271402
nc73484846,NC,MBS1,,EP1,-1,110.0,,354.2,,13.88824633234
nc73484846,NC,MMT,,EHZ,-1,92.0,,217.5,,36.44969693948
nc73484846,NC,MRC,,EHZ,1,92.0,,83.5,,37.43933178622
nc73484846,NC,MTU,2.0,EHZ,-1,91.0,,134.2,,45.0895427363
nc73484846,CI,MLAC,,HHZ,1,127.0,,94.9,,8.20618558308
nc73484846,NC,MCB,,HHZ,1,157.0,,72.6,,2.943329707102
nc73484846,NC,MCO,,EHZ,-1,137.0,,108.6,,6.117944861532
nc73484846,NC,MCS,,EHZ,1,157.0,,44.6,,2.872164954078
nc73484846,NC,MCY,,EHZ,-1,125.0,,274.7,,8.897818026531999
nc73484846,NC,MDC,2.0,EHZ,1,110.0,,309.3,,12.87637250028
nc73484846,NC,MDH1,,DP1,-1,142.0,,20.0,,5.110518826536
nc73484846,NC,MDR,2.0,EHZ,1,127.0,,88.8,,8.192842191888
nc73484846,NC,MDY,,HHZ,-1,129.0,,288.1,,7.746950536221999
nc73484846,NC,MEM,,EHZ,1,154.0,,343.4,,3.422579840748
nc73484846,NC,MLC,,EHZ,-1,157.0,,156.5,,2.954449199762
nc73484846,NC,MLH,,EHZ,1,117.0,,64.9,,11.067231044498
nc73484846,NC,MMP,,EHZ,-1,123.0,,251.3,,9.319246798346
nc73484846,NC,MQ1P,,EHZ,-1,126.0,,252.1,,8.593143927648
nc73484856,NC,MLC,,EHZ,-1,153.0,,161.0,,3.255787450848
nc73484856,NC,MMX1,,HN3,1,149.0,,228.5,,3.815097931646
nc73484856,NC,MDH,,HNZ,1,143.0,,20.2,,4.722448532702
nc73484856,NC,MDH1,,DP1,1,143.0,,20.2,,4.722448532702
nc73484856,NC,MCO,,EHZ,-1,134.0,,112.2,,6.136847999054001
nc73484856,NC,MDR,2.0,EHZ,1,125.0,,91.5,,8.076087518958
nc73484856,NC,MMP,,EHZ,1,119.0,,249.5,,9.553868093472
nc73484856,NC,MCV,,EHZ,-1,117.0,,122.6,,10.2855307105
nc73484856,NC,MINS,,HHZ,-1,112.0,,277.5,,11.8978571462
nc73484856,NC,MDC,2.0,EHZ,-1,108.0,,307.7,,12.7318190957
nc73484856,NC,MDPB,,HHZ,1,107.0,,266.5,,13.44346662594
nc73484856,NC,MBS1,,EP1,-1,107.0,,353.6,,13.54354205988
nc73484856,NC,MCB,,HHZ,1,157.0,,79.3,,2.738731042158
nc73484856,NC,MCS,,EHZ,1,158.0,,48.6,,2.531908478682
nc73484856,NC,MEM,,EHZ,1,154.0,,339.4,,3.109010147736
nc73484861,NC,MMX1,,HN3,-1,152.0,,229.3,,3.190182444154
nc73484861,NC,MDH,,HNZ,1,138.0,,23.0,,5.29843825249
nc73484861,NC,MDH1,,DP1,-1,138.0,,23.0,,5.29843825249
nc73484861,NC,MDY,,HHZ,1,127.0,,289.4,,7.464515422658
nc73484861,NC,MLI,,HHZ,1,126.0,,270.8,,7.554583313204001
nc73484861,NC,MQ1P,,EHZ,-1,123.0,,251.9,,8.261783046380001
nc73484861,NC,MDR,2.0,EHZ,1,122.0,,88.4,,8.517531377560001
nc73484861,NC,MCV,,EHZ,-1,115.0,,119.2,,10.436755810676
nc73484861,NC,MINS,,HHZ,-1,112.0,,280.0,,11.51979439576
nc73484861,NC,MDC,2.0,EHZ,1,106.0,,310.5,,12.6762216324
nc73484861,NC,MDPB,,HHZ,-1,106.0,,268.3,,12.98756742688
nc73484861,NC,MBS1,,EP1,-1,105.0,,355.6,,13.94384379564
nc73484861,NC,MCB,,HHZ,-1,152.0,,73.1,,3.27469058837
nc73484861,NC,MCO,,EHZ,-1,132.0,,107.0,,6.403715822894
nc73484861,NC,MCS,,EHZ,1,153.0,,47.8,,3.156823966174
nc73484861,NC,MEM,,EHZ,1,151.0,,349.0,,3.417020094418
nc73484861,NC,MLC,,EHZ,-1,154.0,,150.3,,3.033397597648
nc73484861,NC,MMLB,,HHZ,1,141.0,,302.2,,4.865889988016
nc73484861,NC,MMP,,EHZ,-1,120.0,,251.1,,8.988997866344
nc73484866,NC,MMX1,,HN3,-1,150.0,,221.0,,3.1012265028740003
nc73484866,NC,MEM,,EHZ,1,150.0,,355.0,,3.106786249204
nc73484866,NC,MCS,,EHZ,1,148.0,,55.7,,3.298041522956
nc73484866,NC,MLC,,EHZ,-1,147.0,,147.0,,3.453714420196
nc73484866,NC,MCB,,HHZ,1,146.0,,78.8,,3.582700535052
nc73484866,NC,MDH1,,DP1,-1,134.0,,27.9,,5.229497397998
nc73484866,NC,MMP,,EHZ,-1,116.0,,248.7,,8.718794194706
nc73484866,NC,MINS,,HHZ,-1,108.0,,279.0,,11.103925370276
nc73484866,NC,MDC,2.0,EHZ,-1,102.0,,310.7,,12.20920294068
nc73484866,NC,MDPB,,HHZ,1,101.0,,267.1,,12.60950467644
nc73484881,NC,MCS,,EHZ,-1,157.0,,53.8,,2.865493258482
nc73484881,NC,MGPB,,EHZ,-1,156.0,,120.5,,2.9800240328800003
nc73484881,NC,MEM,,EHZ,1,156.0,,346.9,,3.0067108152640003
nc73484881,NC,MLC,,EHZ,-1,153.0,,154.3,,3.3958930583640003
nc73484881,NC,MMX1,,HN3,-1,152.0,,224.3,,3.5026401879
nc73484881,NC,MDH1,,DP1,-1,143.0,,24.6,,4.897024567464
nc73484881,NC,MCO,,EHZ,-1,134.0,,110.7,,6.513798800228
nc73484881,CI,MLAC,,HHZ,-1,125.0,,97.1,,8.535322565816
nc73484881,NC,MMP,,EHZ,-1,122.0,,248.7,,9.16246195184
nc73484881,NC,MCV,,EHZ,-1,117.0,,121.3,,10.625787185896002
nc73484881,NC,MDC,2.0,EHZ,1,109.0,,308.9,,12.42047330122
nc73484881,NC,MDPB,,HHZ,-1,109.0,,266.4,,13.03204539752
nc73484881,NC,MBS1,,EP1,-1,109.0,,355.3,,13.52130307456
nc73484881,NC,MCB,,HHZ,-1,155.0,,80.4,,3.147928372046
nc73484891,NC,MEM,,EHZ,1,154.0,,353.0,,3.099002604342
nc73484891,NC,MGPB,,EHZ,-1,153.0,,115.4,,3.184622697824
nc73484891,NC,MMX1,,HN3,-1,153.0,,222.2,,3.183510748558
nc73484891,NC,MCS,,EHZ,1,153.0,,54.9,,3.203525835346
nc73484891,NC,MLC,,EHZ,-1,152.0,,148.6,,3.4147961958860003
nc73484891,NC,MCB,,HHZ,-1,151.0,,78.8,,3.478177304048
nc73484891,NC,MDH1,,DP1,-1,140.0,,27.0,,5.16500434057
nc73484891,NC,MCO,,EHZ,-1,131.0,,108.6,,6.75509179095
nc73484891,NC,MINS,,HHZ,1,114.0,,278.9,,11.19732910862
nc73484891,NC,MDC,2.0,EHZ,-1,108.0,,310.3,,12.27591989664
nc73484891,NC,MDPB,,HHZ,-1,108.0,,267.0,,12.72069960304
nc73484911,NC,MCS,,EHZ,1,156.0,,55.1,,2.961120895358
nc73484911,NC,MEM,,EHZ,1,155.0,,349.1,,2.982247931412
nc73484911,NC,MGPB,,EHZ,-1,155.0,,119.4,,3.0823233653520004
nc73484911,NC,MCB,,HHZ,1,153.0,,80.7,,3.26357109571
nc73484911,NC,MMX1,,HN3,-1,152.0,,222.9,,3.421467891482
nc73484911,NC,MLC,,EHZ,-1,152.0,,152.6,,3.449266623132
nc73484911,NC,MDH,,HNZ,1,142.0,,25.8,,4.947062284434001
nc73484911,NC,MDH1,,DP1,1,142.0,,25.8,,4.947062284434001
nc73484911,NC,MCO,,EHZ,1,132.0,,110.3,,6.623881777562
nc73484911,NC,MDY,,HHZ,1,129.0,,286.4,,7.24990921432
nc73484911,NC,MDR,2.0,EHZ,1,124.0,,91.2,,8.605375369574
nc73484911,NC,MMP,,EHZ,-1,122.0,,248.4,,9.053490923772
nc73484911,NC,MCV,,EHZ,-1,116.0,,121.0,,10.726974569102
nc73484911,NC,MLH,,EHZ,1,115.0,,67.4,,11.29740454256
nc73484911,NC,MINS,,HHZ,1,114.0,,278.0,,11.37524099118
nc73484911,NC,MDC,2.0,EHZ,1,109.0,,309.2,,12.33151735994
nc73484911,NC,MDPB,,HHZ,-1,108.0,,266.4,,12.92085047092
nc73484911,NC,MBS1,,EP1,1,108.0,,355.8,,13.5101835819
nc73484981,NC,MGPB,,EHZ,-1,159.0,,114.6,,2.614192724366
nc73484981,NC,MLC,,EHZ,-1,157.0,,154.1,,2.92998631591
nc73484981,NC,MCS,,EHZ,-1,156.0,,45.0,,2.9967032718700004
nc73484981,NC,MCB,,HHZ,-1,156.0,,71.9,,3.0634202278300005
nc73484981,NC,MMX1,,HN3,-1,154.0,,231.7,,3.361422631118
nc73484981,NC,MEM,,EHZ,-1,153.0,,345.4,,3.465945862122
nc73484981,NC,MDH,,HNZ,1,142.0,,20.7,,5.216154006806
nc73484981,NC,MDH1,,DP1,-1,142.0,,20.7,,5.216154006806
nc73484981,NC,MCO,,EHZ,-1,137.0,,107.6,,6.1935574116200005
nc73484981,NC,MCV,,EHZ,-1,120.0,,119.8,,10.245500536924
nc73484981,NC,MINS,,HHZ,-1,115.0,,279.8,,11.74218424896
nc73484981,NC,MDPB,,HHZ,1,110.0,,268.3,,13.20995728008
nc73484981,NC,MMT,,EHZ,1,92.0,,217.4,,36.32738252022
nc73485146,NC,MCV,,EHZ,1,126.0,,317.4,,15.80079906986
nc73485146,NC,MCO,,EHZ,1,119.0,,317.4,,20.1818791779
nc73485146,NC,MDR,2.0,EHZ,1,119.0,,326.4,,20.35979106046
nc73485146,NC,MLC,,EHZ,1,115.0,,307.7,,23.10630574748
nc73485146,NC,MMX1,,HN3,-1,111.0,,303.5,,26.6311849207
nc73485146,NC,MMP,,EHZ,-1,107.0,,296.1,,31.534881183760003
nc73485146,NC,MINS,,HHZ,1,104.0,,301.1,,36.3607409982
nc73485146,NC,MDPB,,HHZ,1,104.0,,296.6,,36.64984780736
nc73485146,NC,MDC,2.0,EHZ,-1,103.0,,310.4,,38.59575902286
nc73485146,NC,MMT,,EHZ,1,100.0,,253.9,,43.48833579326
nc73485196,NC,MCS,,EHZ,-1,158.0,,49.8,,2.853261816556
nc73485196,NC,MEM,,EHZ,-1,155.0,,345.2,,3.182398799292
nc73485196,NC,MLC,,EHZ,-1,155.0,,155.3,,3.205749733878
nc73485196,NC,MMX1,,HN3,-1,153.0,,227.5,,3.495968492304
nc73485196,NC,MDH,,HNZ,1,143.0,,22.5,,4.979308813148
nc73485196,NC,MDH1,,DP1,-1,143.0,,22.5,,4.979308813148
nc73485196,NC,MDR,2.0,EHZ,-1,127.0,,90.3,,8.352962886192001
nc73485196,CI,MLAC,,HHZ,1,127.0,,96.2,,8.386321364172
nc73485196,NC,MMP,,EHZ,1,123.0,,249.8,,9.23473865413
nc73485196,NC,MLM,,EHZ,1,120.0,,351.8,,10.062028908034
nc73485196,NC,MCV,,EHZ,-1,119.0,,121.0,,10.43564386141
nc73485196,NC,MLH,,EHZ,1,117.0,,66.2,,11.13061215266
nc73485196,NC,MINS,,HHZ,-1,115.0,,278.5,,11.64210881502
nc73485196,NC,MDC,2.0,EHZ,-1,111.0,,309.0,,12.6206241691
nc73485196,NC,MDPB,,HHZ,1,110.0,,267.1,,13.15435981678
nc73485196,NC,MMT,,EHZ,1,92.0,,217.1,,36.50529440278
nc73485196,NC,MCB,,HHZ,-1,156.0,,77.2,,3.0467409888400003
nc73485196,NC,MCO,,EHZ,-1,136.0,,109.9,,6.3381108162
nc73485196,NC,MMLB,,HHZ,-1,144.0,,298.4,,4.867001937282001
nc73485206,NC,MCS,,EHZ,-1,158.0,,48.8,,2.738731042158
nc73485206,NC,MEM,,EHZ,1,155.0,,342.9,,3.18017490076
nc73485206,NC,MMX1,,HN3,-1,152.0,,228.4,,3.60827536817
nc73485206,NC,MDH,,HNZ,1,144.0,,21.4,,4.901472364528
nc73485206,NC,MDH1,,DP1,-1,144.0,,21.4,,4.901472364528
nc73485206,NC,MDY,,HHZ,-1,129.0,,286.5,,7.633531711090001
nc73485206,NC,MDR,2.0,EHZ,-1,127.0,,90.5,,8.235096263996
nc73485206,NC,MMP,,EHZ,1,123.0,,249.9,,9.35705307339
nc73485206,NC,MCV,,EHZ,-1,119.0,,121.5,,10.354471564992
nc73485206,NC,MLH,,EHZ,1,117.0,,66.2,,11.0082977334
nc73485206,NC,MINS,,HHZ,-1,115.0,,278.3,,11.75330374162
nc73485206,NC,MDC,2.0,EHZ,1,110.0,,308.6,,12.68734112506
nc73485206,NC,MBS1,,EP1,-1,109.0,,354.3,,13.65473698648
nc73485206,NC,MMT,,EHZ,1,92.0,,217.2,,36.60536983672
nc73485206,NC,MCB,,HHZ,-1,157.0,,77.4,,2.923314620314
nc73485206,NC,MCO,,EHZ,-1,136.0,,110.5,,6.240259280792
nc73485206,NC,MDPB,,HHZ,1,110.0,,267.0,,13.276674236040002
nc73485206,NC,MLC,,EHZ,-1,155.0,,157.5,,3.192406342686
nc73485206,NC,MLM,,EHZ,1,120.0,,351.1,,10.043125770512
nc73485206,NC,MMLB,,HHZ,-1,143.0,,297.4,,4.95373398003
nc73485371,NC,MCV,,EHZ,1,140.0,,12.6,,5.008219494064
nc73485371,NC,MCO,,EHZ,1,123.0,,346.9,,8.320716357478
nc73485371,NC,MDR,2.0,EHZ,1,116.0,,2.8,,10.219925703806
nc73485371,NC,MGPB,,EHZ,-1,115.0,,328.7,,10.412292926824
nc73485371,NC,MCB,,HHZ,-1,110.0,,336.0,,11.96457410216
nc73485371,NC,MCS,,EHZ,1,106.0,,335.0,,13.35451068466
nc73485371,NC,MEM,,EHZ,-1,104.0,,327.1,,15.9008745038
nc73485371,NC,MBS1,,EP1,1,94.0,,339.3,,25.54147464002
nc73485386,NC,MMX1,,HN3,-1,85.0,,320.5,,19.92613084672
nc73485386,NC,MEM,,EHZ,-1,85.0,,332.4,,23.48436849792
nc73485386,NC,MDH1,,DP1,1,84.0,,339.9,,23.76235581442
nc73485386,NC,MLI,,HHZ,-1,83.0,,314.7,,25.00773899234
nc73485386,NC,MCY,,EHZ,-1,82.0,,314.2,,26.19752470696
nc73485386,NC,MBS1,,EP1,1,78.0,,340.2,,33.31400000936
nc73485386,NC,MMT,,EHZ,1,78.0,,250.5,,34.14796195886
nc73485386,NC,MFB,,EHZ,1,77.0,,99.0,,34.6928170992
nc73485386,NC,MRC,,EHZ,1,77.0,,51.4,,34.82625101112
nc73485386,BK,HELL,0.0,BHZ,-1,76.0,,191.7,,90.53490923772
nc73485386,BK,TOLH,0.0,HHZ,1,76.0,,223.5,,80.82759214554
nc73485386,CI,CWC,,HHZ,1,75.0,,150.3,,132.6555474338
nc73485386,CI,MLAC,,HHZ,-1,96.0,,354.0,,16.89050935054
nc73485386,NC,MCB,,HHZ,-1,84.0,,338.9,,19.71486048618
nc73485386,NC,MCD,,EHZ,1,78.0,,76.7,,33.836616164380004
nc73485386,NC,MCO,,EHZ,-1,96.0,,345.1,,16.101025371680002
nc73485386,NC,MCS,,EHZ,-1,85.0,,338.0,,21.093677576020003
nc73485386,NC,MCV,,EHZ,-1,97.0,,354.7,,12.3982343159
nc73485386,NC,MDC,2.0,EHZ,-1,78.0,,322.3,,32.48003805986001
nc73485386,NC,MDPB,,HHZ,-1,81.0,,306.4,,28.843963960040004
nc73485386,NC,MDR,2.0,EHZ,-1,95.0,,354.4,,17.74671028536
nc73485386,NC,MDY,,HHZ,-1,82.0,,319.1,,26.38655608218
nc73485386,NC,MGPB,,EHZ,-1,95.0,,335.0,,18.05805607984
nc73485386,NC,MINS,,HHZ,-1,80.0,,312.1,,29.077473305900003
nc73485386,NC,MLC,,EHZ,-1,96.0,,329.5,,17.20185514502
nc73485386,NC,MLH,,EHZ,-1,86.0,,0.2,,22.17226836404
nc73485386,NC,MMLB,,HHZ,-1,84.0,,324.4,,24.65191522722
nc73485386,NC,MMP,,EHZ,-1,84.0,,307.9,,23.76235581442
nc73485386,NC,MQ1P,,EHZ,-1,85.0,,309.5,,23.4621295126
nc73485386,NC,MTU,2.0,EHZ,-1,82.0,,122.0,,26.36431709686
nc73485641,NC,MCV,,EHZ,-1,133.0,,36.8,,7.684681377326001
nc73485641,NC,MLC,,EHZ,-1,127.0,,340.9,,9.104640590008
nc73485641,NC,MCO,,EHZ,-1,126.0,,9.8,,9.500494528704
nc73485641,NC,MMX1,,HN3,1,119.0,,323.0,,11.47531642512
nc73485641,NC,MDR,2.0,EHZ,-1,115.0,,19.2,,12.15360547738
nc73485641,NC,MCS,,EHZ,-1,113.0,,350.9,,13.52130307456
nc73485641,NC,MDPB,,HHZ,1,105.0,,301.9,,20.571061421
nc73485666,NC,MMX1,,HN3,-1,100.0,,306.1,,14.7333277745
nc73485666,NC,MLH,,EHZ,-1,99.0,,3.2,,15.50057276804
nc73485666,NC,MEM,,EHZ,-1,98.0,,324.4,,17.35752804226
nc73485666,NC,MDY,,HHZ,-1,94.0,,308.7,,21.16039453198
nc73485666,NC,MDPB,,HHZ,-1,92.0,,294.9,,24.7408711685
nc73485666,NC,MBS1,,EP1,1,93.0,,336.9,,26.7979773106
nc73485666,NC,MDC,2.0,EHZ,-1,94.0,,314.8,,26.93141122252
nc73485666,NC,MTU,2.0,EHZ,1,84.0,,131.8,,31.023384521400004
nc73485666,NC,MRC,,EHZ,1,83.0,,61.8,,31.79062951494
nc73485666,NC,MMT,,EHZ,1,82.0,,240.0,,36.23842657894
nc73485666,CI,MLAC,,HHZ,-1,111.0,,354.4,,10.15209679858
nc73485666,NC,MCB,,HHZ,-1,101.0,,331.6,,13.29891322136
nc73485666,NC,MCO,,EHZ,-1,113.0,,339.3,,9.47936749265
nc73485666,NC,MCS,,EHZ,-1,100.0,,331.0,,14.69996929652
nc73485666,NC,MCV,,EHZ,-1,131.0,,356.2,,5.658709814674
nc73485666,NC,MDR,2.0,EHZ,-1,109.0,,354.9,,11.009409682666
nc73485666,NC,MLC,,EHZ,-1,108.0,,315.5,,11.37524099118
nc73485666,NC,MMLB,,HHZ,-1,96.0,,314.5,,19.04769092658
nc73485681,NC,MLC,,EHZ,-1,154.0,,152.6,,2.9700164894860004
nc73485681,NC,MMX1,,HN3,1,151.0,,230.8,,3.2924817766260004
nc73485681,NC,MMLB,,HHZ,1,139.0,,301.4,,4.979308813148
nc73485681,NC,MDH,,HNZ,1,137.0,,21.6,,5.24840053552
nc73485681,NC,MDH1,,DP1,-1,137.0,,21.6,,5.24840053552
nc73485681,NC,MCO,,EHZ,-1,132.0,,107.4,,6.278065555836
nc73485681,NC,MDY,,HHZ,-1,125.0,,289.1,,7.589053740450001
nc73485681,NC,MDR,2.0,EHZ,1,122.0,,88.4,,8.385209414906
nc73485681,CI,MLAC,,HHZ,-1,122.0,,94.3,,8.390769161236
nc73485681,NC,MQ1P,,EHZ,-1,122.0,,252.2,,8.387433313438
nc73485681,NC,MMP,,EHZ,-1,119.0,,251.4,,9.114648133402
nc73485681,NC,MCV,,EHZ,-1,115.0,,119.6,,10.322225036278
nc73485681,NC,MLH,,EHZ,1,112.0,,65.0,,11.27516555724
nc73485681,NC,MINS,,HHZ,-1,110.0,,279.9,,11.65322830768
nc73485681,NC,MDC,2.0,EHZ,-1,105.0,,310.1,,12.77629706634
nc73485681,NC,MDPB,,HHZ,1,105.0,,268.3,,13.1210013388
nc73485681,NC,MCB,,HHZ,1,152.0,,72.3,,3.147928372046
nc73485681,NC,MCS,,EHZ,1,153.0,,46.2,,3.060084380032
nc73485681,NC,MEM,,EHZ,1,150.0,,346.8,,3.444818826068
nc73485686,NC,MLC,,EHZ,-1,155.0,,153.5,,2.84103037463
nc73485686,NC,MCS,,EHZ,1,153.0,,43.6,,3.05230073517
nc73485686,NC,MCB,,HHZ,1,153.0,,70.1,,3.08009946682
nc73485686,NC,MMX1,,HN3,1,151.0,,233.1,,3.315832711212
nc73485686,NC,MEM,,EHZ,1,149.0,,345.5,,3.559349600466
nc73485686,NC,MDH1,,DP1,-1,137.0,,20.2,,5.2973263032240006
nc73485686,NC,MCO,,EHZ,-1,133.0,,106.8,,6.152415288778
nc73485686,NC,MMP,,EHZ,-1,119.0,,252.2,,9.183588987894
nc73485686,NC,MCV,,EHZ,-1,115.0,,119.4,,10.186567225826
nc73485686,NC,MDPB,,HHZ,-1,105.0,,268.7,,13.22107677274
nc73485691,NC,MLC,,EHZ,-1,157.0,,144.4,,2.5808342463860003
nc73485691,NC,MMX1,,HN3,-1,154.0,,237.4,,2.869941055546
nc73485691,NC,MEM,,EHZ,1,146.0,,350.5,,3.945195995768
nc73485691,NC,MMLB,,HHZ,1,137.0,,307.2,,5.1705640869
nc73485691,NC,MDH1,,DP1,-1,134.0,,20.9,,5.795479574392
nc73485691,NC,MDY,,HHZ,-1,124.0,,293.2,,7.657994594942
nc73485691,NC,MDR,2.0,EHZ,1,120.0,,84.8,,8.549777906274
nc73485691,NC,MMP,,EHZ,-1,119.0,,254.4,,8.831101070572
nc73485691,NC,MCV,,EHZ,-1,114.0,,116.6,,10.186567225826
nc73485691,NC,MINS,,HHZ,-1,110.0,,282.6,,11.63098932236
nc73485691,NC,MLH,,EHZ,1,110.0,,62.9,,11.63098932236
nc73485691,NC,MDPB,,HHZ,1,104.0,,270.7,,12.97644793422
nc73485691,NC,MDC,2.0,EHZ,1,104.0,,312.3,,13.03204539752
nc73485691,NC,MBS1,,EP1,-1,103.0,,355.8,,14.477579443320002
nc73485691,NC,MCB,,HHZ,1,149.0,,64.5,,3.468169760654
nc73485691,NC,MCO,,EHZ,-1,131.0,,102.3,,6.269169961708
nc73485691,NC,MCS,,EHZ,1,149.0,,41.4,,3.539334513678
nc73485696,NC,MCB,,HHZ,1,150.0,,67.2,,3.379213819374
nc73485696,NC,MCS,,EHZ,1,150.0,,43.3,,3.392557210566
nc73485696,NC,MEM,,EHZ,1,147.0,,349.8,,3.765060214676
nc73485696,NC,MDH,,HNZ,1,134.0,,21.4,,5.617567691832001
nc73485696,NC,MDH1,,DP1,-1,134.0,,21.4,,5.617567691832001
nc73485696,NC,MCO,,EHZ,-1,131.0,,104.0,,6.296968693358
nc73485696,NC,MCV,,EHZ,-1,114.0,,117.5,,10.25773197885
nc73485696,NC,MLH,,EHZ,1,110.0,,63.7,,11.53091388842
nc73485696,NC,MDC,2.0,EHZ,-1,104.0,,311.6,,12.90973097826
nc73485696,NC,MDPB,,HHZ,1,104.0,,269.8,,12.99868691954
nc73485751,NC,MGPB,,EHZ,-1,155.0,,117.7,,3.051188785904
nc73485751,NC,MMX1,,HN3,-1,153.0,,223.8,,3.344743392128
nc73485751,NC,MDH,,HNZ,1,141.0,,25.5,,5.03713017498
nc73485751,NC,MDH1,,DP1,-1,141.0,,25.5,,5.03713017498
nc73485751,NC,MDR,2.0,EHZ,-1,124.0,,90.6,,8.6176068115
nc73485751,NC,MMP,,EHZ,-1,122.0,,248.9,,9.005677105334001
nc73485751,NC,MCV,,EHZ,-1,117.0,,120.5,,10.692504141856
nc73485751,NC,MLH,,EHZ,1,115.0,,67.0,,11.35300200586
nc73485751,NC,MDC,2.0,EHZ,1,109.0,,309.6,,12.37599533058
nc73485751,NC,MBS1,,EP1,-1,108.0,,355.9,,13.599139523180002
nc73485751,NC,MMT,,EHZ,1,92.0,,216.7,,36.39409947618
nc73485751,CI,MLAC,,HHZ,1,124.0,,96.4,,8.65652503581
nc73485751,NC,MCB,,HHZ,-1,153.0,,79.1,,3.294705675158
nc73485751,NC,MCO,,EHZ,-1,133.0,,109.5,,6.606090589306
nc73485751,NC,MCS,,EHZ,1,155.0,,53.9,,3.026725902052
nc73485751,NC,MDPB,,HHZ,1,109.0,,266.8,,12.8986114856
nc73485751,NC,MEM,,EHZ,1,155.0,,349.7,,3.070091923426
nc73485751,NC,MLC,,EHZ,-1,153.0,,151.6,,3.37476602231
nc73485821,NC,MCS,,EHZ,1,165.0,,54.8,,1.6801553409260002
nc73485821,NC,MCB,,HHZ,1,161.0,,95.2,,2.171636916498
nc73485821,NC,MEM,,EHZ,1,156.0,,323.7,,2.7420668899560003
nc73485821,NC,MGPB,,EHZ,-1,156.0,,144.0,,2.760970027478
nc73485821,NC,MDH1,,DP1,1,148.0,,16.4,,3.888486583202
nc73485821,NC,MMX1,,HN3,1,143.0,,226.3,,4.6801944605940005
nc73485821,NC,MCO,,EHZ,1,135.0,,120.4,,5.97116755842
nc73485821,NC,MLH,,EHZ,-1,117.0,,68.9,,10.050909415374
nc73485821,NC,MCV,,EHZ,-1,117.0,,127.5,,10.254396131052
nc73485821,NC,MBS1,,EP1,1,107.0,,350.9,,12.90973097826
nc73485841,NC,MCB,,HHZ,1,157.0,,71.8,,2.523012884554
nc73485841,NC,MCS,,EHZ,1,157.0,,39.5,,2.526348732352
nc73485841,NC,MLC,,EHZ,1,155.0,,164.7,,2.9032995335260003
nc73485841,NC,MEM,,EHZ,1,150.0,,336.5,,3.477065354782
nc73485841,NC,MMX1,,HN3,1,147.0,,234.5,,3.872919293478
nc73485841,NC,MDH1,,DP1,-1,140.0,,15.8,,4.895912618198
nc73485841,NC,MDR,2.0,EHZ,1,125.0,,89.5,,7.779197064936
nc73485841,NC,MCV,,EHZ,-1,116.0,,122.2,,9.888564822538
nc73485841,NC,MLH,,EHZ,-1,114.0,,64.4,,10.654697866812
nc73485841,NC,MBS1,,EP1,1,105.0,,352.5,,13.8437683617
nc73485921,NC,MCB,,HHZ,1,157.0,,70.9,,2.458519827126
nc73485921,NC,MCS,,EHZ,1,157.0,,37.9,,2.494102203638
nc73485921,NC,MLC,,EHZ,-1,154.0,,166.0,,2.866605207748
nc73485921,NC,MDH1,,DP1,-1,139.0,,14.9,,4.893688719666
nc73485921,NC,MCO,,EHZ,1,134.0,,110.8,,5.685396597058
nc73485921,NC,MCV,,EHZ,-1,115.0,,122.3,,9.816288120248
nc73485921,NC,MLH,,EHZ,1,112.0,,64.2,,10.59687650498
nc73486001,NC,MDH1,,DP1,-1,145.0,,7.3,,3.236884313326
nc73486001,NC,MMX1,,HN3,1,127.0,,227.4,,5.538619293946
nc73486001,NC,MCO,,EHZ,-1,126.0,,128.5,,5.692068292654
nc73486001,NC,MCV,,EHZ,-1,107.0,,132.3,,10.054245263172
nc73486001,NC,MDC,2.0,EHZ,-1,97.0,,300.1,,13.07652336816
nc73486001,NC,MDPB,,HHZ,-1,97.0,,262.0,,14.7889252378
nc73486011,NC,MDH1,,DP1,-1,146.0,,13.1,,3.106786249204
nc73486011,NC,MLC,,EHZ,1,135.0,,178.3,,4.485603339044
nc73486011,NC,MMX1,,HN3,-1,127.0,,223.9,,5.457446997528
nc73486011,NC,MCO,,EHZ,-1,124.0,,128.1,,6.03788451438
nc73486011,NC,MDC,2.0,EHZ,1,97.0,,300.1,,12.7318190957
nc73486011,NC,MDPB,,HHZ,-1,97.0,,261.1,,14.52205741396
nc73486016,NC,MLC,,EHZ,1,68.0,,264.9,,5.713195328708
nc73486016,NC,MCS,,EHZ,1,63.0,,311.3,,6.441522097938001
nc73486016,NC,MLH,,EHZ,-1,61.0,,24.6,,7.563478907332
nc73486016,NC,MEM,,EHZ,1,60.0,,305.1,,9.574995129526
nc73486016,NC,MDPB,,HHZ,1,59.0,,275.0,,20.24859613386
nc73486016,CI,MLAC,,HHZ,1,129.0,,40.9,,1.989277236874
nc73486016,NC,MCB,,HHZ,-1,73.0,,307.3,,5.096063486078
nc73486016,NC,MCO,,EHZ,1,150.0,,283.6,,1.10082977334
nc73486016,NC,MCV,,EHZ,-1,104.0,,147.1,,3.52487917322
nc73486016,NC,MDR,2.0,EHZ,1,116.0,,29.1,,2.70759646271
nc73486021,NC,MCO,,EHZ,1,151.0,,281.2,,0.9556091992004
nc73486021,CI,MLAC,,HHZ,1,125.0,,45.1,,2.025971562652
nc73486021,NC,MDR,2.0,EHZ,1,113.0,,32.3,,2.712044259774
nc73486021,NC,MCV,,EHZ,-1,99.0,,146.0,,3.659425034406
nc73486021,NC,MGPB,,EHZ,1,73.0,,282.3,,4.567887584728
nc73486021,NC,MCB,,HHZ,1,70.0,,307.5,,4.945950335168
nc73486021,NC,MLC,,EHZ,1,64.0,,264.0,,5.588657010916
nc73486026,NC,MDH,,HNZ,1,55.0,,323.6,,8.466381711324
nc73486026,NC,MEM,,EHZ,-1,55.0,,304.3,,9.398195196232
nc73486026,NC,MMP,,EHZ,1,55.0,,266.5,,15.66736515794
nc73486026,NC,MBS1,,EP1,1,55.0,,332.7,,17.813427241320003
nc73486026,NC,MDPB,,HHZ,1,54.0,,274.4,,20.15964019258
nc73486026,NC,MRC,,EHZ,1,52.0,,78.4,,31.023384521400004
nc73486026,CI,MLAC,,HHZ,1,130.0,,46.6,,1.893649599998
nc73486026,NC,MCB,,HHZ,-1,71.0,,305.9,,4.915927704986
nc73486026,NC,MCO,,EHZ,1,151.0,,273.2,,0.9980856611616
nc73486026,NC,MCS,,EHZ,-1,61.0,,310.4,,6.253602671984
nc73486026,NC,MCV,,EHZ,-1,95.0,,147.9,,3.73614953376
nc73486026,NC,MDR,2.0,EHZ,1,115.0,,32.7,,2.5708267029920004
nc73486026,NC,MGPB,,EHZ,1,73.0,,280.6,,4.600134113442
nc73486026,NC,MLC,,EHZ,1,65.0,,262.8,,5.662045662472
nc73486026,NC,MLH,,EHZ,1,57.0,,25.8,,7.411141857890001
nc73486031,NC,MDR,2.0,EHZ,1,117.0,,31.5,,2.516341188958
nc73486031,NC,MLC,,EHZ,1,66.0,,262.7,,5.73765821256
nc73486031,NC,MLH,,EHZ,1,58.0,,25.4,,7.362216090186001
nc73486031,NC,MDPB,,HHZ,1,56.0,,274.4,,20.2374766412
nc73486031,CI,MLAC,,HHZ,1,132.0,,45.5,,1.826932644038
nc73486031,NC,MCB,,HHZ,-1,72.0,,305.2,,4.964853472690001
nc73486031,NC,MCO,,EHZ,1,150.0,,271.9,,1.0706959482314
nc73486031,NC,MCS,,EHZ,-1,62.0,,309.8,,6.298080642624001
nc73486031,NC,MCV,,EHZ,-1,99.0,,149.0,,3.712798599174001
nc73486031,NC,MEM,,EHZ,1,57.0,,304.0,,9.449344862468
nc73486031,NC,MGPB,,EHZ,1,74.0,,280.2,,4.669074967934
nc73486046,NC,MCO,,EHZ,1,151.0,,273.2,,0.9980856611616
nc73486046,CI,MLAC,,HHZ,1,129.0,,46.6,,1.893649599998
nc73486046,NC,MDR,2.0,EHZ,1,115.0,,32.7,,2.5708267029920004
nc73486046,NC,MCV,,EHZ,-1,96.0,,147.9,,3.73614953376
nc73486046,NC,MCB,,HHZ,1,70.0,,305.9,,4.915927704986
nc73486046,NC,MLC,,EHZ,1,64.0,,262.8,,5.662045662472
nc73486046,NC,MCS,,EHZ,-1,60.0,,310.4,,6.253602671984
nc73486091,NC,MCB,,HHZ,1,160.0,,99.0,,1.980381642746
nc73486091,NC,MGPB,,EHZ,1,153.0,,148.8,,2.738731042158
nc73486091,NC,MEM,,EHZ,1,153.0,,318.9,,2.784320962064
nc73486091,NC,MDH1,,DP1,-1,145.0,,13.9,,3.727253939632
nc73486091,NC,MLC,,EHZ,1,144.0,,175.2,,3.905165822192
nc73486091,NC,MMX1,,HN3,-1,137.0,,227.1,,4.905920161592
nc73486091,NC,MCO,,EHZ,-1,131.0,,122.4,,5.853300936224
nc73486091,NC,MDR,2.0,EHZ,-1,123.0,,97.9,,7.407806010092
nc73486091,NC,MCV,,EHZ,-1,112.0,,128.7,,10.159880443442
nc73486091,NC,MDC,2.0,EHZ,-1,102.0,,302.8,,12.87637250028
nc73486091,NC,MBS1,,EP1,1,102.0,,349.9,,12.8430140223
nc73486091,NC,MDPB,,HHZ,-1,101.0,,263.4,,14.25518959012
nc73486271,NC,MMLB,,HHZ,1,152.0,,328.9,,2.455183979328
nc73486271,NC,MMX1,,HN3,1,151.0,,170.4,,2.595289586844
nc73486271,NC,MEM,,EHZ,1,141.0,,37.3,,3.616059013032
nc73486271,NC,MLC,,EHZ,1,127.0,,125.6,,5.358483512854
nc73486271,NC,MQ1P,,EHZ,-1,125.0,,238.6,,5.852188986958001
nc73486271,NC,MCB,,HHZ,1,124.0,,85.5,,6.0056379856660005
nc73486271,NC,MMP,,EHZ,-1,120.0,,239.0,,6.587187451784001
nc73486271,NC,MDH1,,DP1,1,120.0,,48.1,,6.602754741508001
nc73486271,NC,MINS,,HHZ,-1,111.0,,280.1,,8.629838253426
nc73486271,NC,MDC,2.0,EHZ,-1,106.0,,318.7,,10.293314355362
nc73486271,NC,MCV,,EHZ,-1,97.0,,115.0,,13.19883778742
nc73486271,NC,MBS1,,EP1,1,96.0,,7.5,,13.53242256722
nc73486271,NC,MDPB,,HHZ,-1,106.0,,265.1,,10.162104341974
nc73486271,NC,MLM,,EHZ,1,107.0,,9.1,,9.878557279144
nc73486281,NP,1576,10.0,HNZ,-1,123.0,,61.0,,7.150945729646001
nc73486281,CI,MLAC,,HHZ,-1,111.0,,353.9,,10.236604942796
nc73486281,NC,MDR,2.0,EHZ,-1,108.0,,354.4,,11.092805877616
nc73486281,NC,MCB,,HHZ,-1,101.0,,331.3,,13.41010814796
nc73486281,NC,MCS,,EHZ,-1,100.0,,330.8,,14.811164223120002
nc73486281,NC,MMX1,,HN3,-1,100.0,,306.1,,14.85564219376
nc73486281,NC,MLH,,EHZ,-1,99.0,,2.8,,15.567289724000002
nc73486281,NC,MEM,,EHZ,-1,98.0,,324.2,,17.47984246152
nc73486281,NC,MMLB,,HHZ,1,96.0,,314.5,,19.17000534584
nc73486281,NC,MMP,,EHZ,1,96.0,,293.7,,19.75933845682
nc73486281,NC,MINS,,HHZ,-1,92.0,,301.6,,24.55183979328
nc73486281,NC,MDC,2.0,EHZ,-1,94.0,,314.8,,27.06484513444
nc73486281,NC,MRC,,EHZ,-1,83.0,,61.6,,31.73503205164
nc73486281,NC,MMT,,EHZ,1,82.0,,240.2,,36.29402404224
nc73486281,NC,MCO,,EHZ,-1,113.0,,338.9,,9.58500267292
nc73486281,NC,MCV,,EHZ,-1,131.0,,355.2,,5.739882111092
nc73486281,NC,MDPB,,HHZ,1,92.0,,294.9,,24.87430508042
nc73486281,NC,MGPB,,EHZ,-1,106.0,,324.4,,11.97569359482
nc73486281,NC,MLC,,EHZ,-1,107.0,,315.4,,11.49755541044
nc73486451,NC,MTU,2.0,EHZ,-1,126.0,,183.5,,10.509032512966
nc73486451,NC,MCV,,EHZ,-1,100.0,,303.4,,28.8550834527
nc73486451,NC,MDR,2.0,EHZ,1,98.0,,310.7,,32.5245160305
nc73486451,NC,MCO,,EHZ,1,98.0,,305.2,,33.1360881268
nc73486451,NC,MLH,,EHZ,-1,97.0,,318.4,,34.3592323194
nc73486451,NC,MLC,,EHZ,1,96.0,,300.1,,36.62760882204
nc73486451,NC,MCB,,HHZ,1,96.0,,306.2,,37.20582244036
nc73486451,NC,MMT,,EHZ,1,91.0,,262.0,,55.786494675220005
nc73486576,NC,MCO,,EHZ,-1,159.0,,267.9,,1.0266627572978
nc73486576,NC,MDR,2.0,EHZ,1,133.0,,33.3,,2.4774229646480004
nc73486576,NC,MCV,,EHZ,-1,116.0,,149.0,,3.799530641922
nc73486576,NC,MDH1,,DP1,-1,94.0,,323.0,,8.409672298758
nc73486616,NC,MCV,,EHZ,-1,113.0,,7.4,,11.68658678566
nc73486616,NC,MCO,,EHZ,-1,106.0,,354.3,,14.87788117908
nc73486616,NC,MLC,,EHZ,-1,106.0,,336.6,,15.31154139282
nc73486616,CI,MLAC,,HHZ,-1,105.0,,3.2,,16.0676668937
nc73486616,NC,MDR,2.0,EHZ,-1,104.0,,3.1,,16.92386782852
nc73486616,NC,MCB,,HHZ,-1,103.0,,345.8,,18.1803704991
nc73486616,NC,MCS,,EHZ,-1,101.0,,344.4,,19.50359012564
nc73486616,NC,MMP,,EHZ,-1,99.0,,310.7,,21.20487250262
nc73486616,NC,MLH,,EHZ,-1,98.0,,7.3,,21.58293525306
nc73486616,NC,MLI,,HHZ,1,96.0,,318.0,,22.61704807044
nc73486616,NC,MMT,,EHZ,1,92.0,,247.6,,31.92406342686
nc73486616,NC,MFB,,EHZ,1,91.0,,99.5,,37.45045127888
nc73486711,NC,MTU,2.0,EHZ,1,163.0,,18.1,,3.192406342686
nc73486711,NC,MFB,,EHZ,1,119.0,,48.1,,17.26857210098
nc73486711,NC,MCV,,EHZ,-1,100.0,,322.7,,36.98343258716
nc73486711,NC,MCO,,EHZ,-1,98.0,,322.1,,41.353393202540005
nc73486711,NC,MDR,2.0,EHZ,-1,98.0,,326.5,,41.65361950436
nc73486711,NC,MMP,,EHZ,1,95.0,,308.4,,51.06071029472
nc73486711,NC,MMT,,EHZ,1,95.0,,276.1,,53.907300415680005
nc73486721,NC,MCS,,EHZ,-1,156.0,,53.3,,2.773201469404
nc73486721,NC,MGPB,,EHZ,-1,154.0,,122.0,,2.923314620314
nc73486721,NC,MEM,,EHZ,1,154.0,,345.1,,2.992255474806
nc73486721,NC,MCB,,HHZ,-1,154.0,,80.8,,3.054524633702
nc73486721,NC,MMLB,,HHZ,1,142.0,,296.7,,4.7424636194900005
nc73486721,NC,MDH1,,DP1,-1,141.0,,23.8,,4.826971763706
nc73486721,NC,MCO,,EHZ,-1,131.0,,111.3,,6.443745996470001
nc73486721,NC,MDR,2.0,EHZ,-1,122.0,,91.5,,8.399664755364
nc73486721,NC,MCV,,EHZ,-1,115.0,,121.7,,10.56907777333
nc73486726,NC,MTU,2.0,EHZ,1,170.0,,341.4,,1.913664686786
nc73486726,NC,MFB,,EHZ,1,122.0,,47.6,,15.25594392952
nc73486726,NC,MCV,,EHZ,-1,101.0,,319.5,,37.05014954312
nc73486726,NC,MCO,,EHZ,-1,99.0,,319.3,,41.43122965116
nc73486726,NC,MLC,,EHZ,1,98.0,,314.1,,44.06654941158
nc73486726,NC,MGPB,,EHZ,1,98.0,,316.6,,44.38901469872
nc73486726,NC,MMT,,EHZ,1,95.0,,274.7,,55.39731243212
nc73486726,NC,MDC,2.0,EHZ,-1,94.0,,314.2,,59.62271964292
nc73486776,NC,MCV,,EHZ,-1,114.0,,6.1,,7.315514221014
nc73486776,NC,MCO,,EHZ,-1,102.0,,348.2,,10.718078974974
nc73486776,NC,MLC,,EHZ,-1,98.0,,325.1,,11.88673765354
nc73486776,NC,MGPB,,EHZ,-1,94.0,,333.2,,12.65398264708
nc73486866,NC,MCV,,EHZ,1,130.0,,70.1,,4.528969360418
nc73486866,NC,MCO,,EHZ,1,127.0,,14.9,,4.92037550205
nc73486866,NC,MLC,,EHZ,1,125.0,,320.1,,5.210594260476
nc73486866,CI,MLAC,,HHZ,-1,115.0,,31.2,,7.0175118177260005
nc73486866,NC,MCB,,HHZ,1,112.0,,347.2,,7.76696562301
nc73486866,NC,MDR,2.0,EHZ,1,111.0,,28.0,,7.774749267872
nc73486866,NC,MMX1,,HN3,1,108.0,,302.1,,8.582024434988
nc73486866,NC,MCS,,EHZ,-1,107.0,,344.0,,9.09018524955
nc73486866,NC,MEM,,EHZ,-1,100.0,,331.2,,11.3974799765
nc73486866,NC,MMLB,,HHZ,-1,94.0,,315.9,,12.86525300762
nc73486866,NC,MQ1P,,EHZ,1,94.0,,287.8,,13.35451068466
nc73486866,NC,MMP,,EHZ,1,94.0,,285.7,,13.87712683968
nc73486866,NC,MLM,,EHZ,-1,94.0,,340.1,,17.94686115324
nc73486866,NC,MINS,,HHZ,1,85.0,,298.1,,18.35828238166
nc73486866,NC,MDPB,,HHZ,1,85.0,,289.4,,18.89201802934
nc73486866,NC,MDC,2.0,EHZ,-1,85.0,,315.8,,20.74897330356
nc73486866,NC,MMT,,EHZ,1,75.0,,230.3,,34.75953405516
nc73486881,NC,MCS,,EHZ,1,157.0,,46.2,,2.71315620904
nc73486881,NC,MCB,,HHZ,-1,156.0,,75.5,,2.84103037463
nc73486881,NC,MLC,,EHZ,-1,154.0,,158.7,,3.08565921315
nc73486881,NC,MDH1,,DP1,-1,141.0,,20.0,,4.933718893242
nc73486881,NC,MCO,,EHZ,-1,134.0,,110.2,,6.117944861532
nc73486881,NC,MDR,2.0,EHZ,1,124.0,,90.0,,8.131684982258001
nc73486881,NC,MCV,,EHZ,-1,116.0,,121.5,,10.227709348668
nc73486881,NC,MLH,,EHZ,1,114.0,,65.6,,10.943804675972
nc73486881,NC,MBS1,,EP1,1,106.0,,353.9,,13.7325734351
nc73487036,NP,1576,10.0,HNZ,1,132.0,,8.5,,10.670265156536
nc73487036,NC,MCV,,EHZ,-1,123.0,,338.2,,13.82152937638
nc73487036,NC,MCO,,EHZ,1,118.0,,333.2,,17.99133912388
nc73487036,CI,MLAC,,HHZ,-1,117.0,,341.6,,18.22484846974
nc73487036,NC,MDR,2.0,EHZ,-1,116.0,,342.5,,19.03657143392
nc73487036,NC,MCB,,HHZ,-1,111.0,,329.6,,21.9054005402
nc73487036,NC,MTU,2.0,EHZ,-1,110.0,,126.3,,22.77272096768
nc73487036,NC,MLH,,EHZ,-1,110.0,,350.3,,22.98399132822
nc73487036,NC,MCS,,EHZ,1,110.0,,329.3,,23.30645661536
nc73487036,NC,MEM,,EHZ,-1,107.0,,325.1,,25.98625434642
nc73487036,NC,MRC,,EHZ,1,103.0,,46.3,,32.11309480208
nc73487036,NC,MDC,2.0,EHZ,-1,101.0,,317.7,,35.42670361476
nc73487036,NC,MMT,,EHZ,1,100.0,,253.3,,37.81739453666
nc73487036,NC,MDPB,,HHZ,-1,102.0,,302.9,,32.4133211039
nc73487036,NC,MLC,,EHZ,-1,115.0,,320.2,,19.91501135406
nc73487051,NC,MCV,,EHZ,1,120.0,,341.0,,13.94384379564
nc73487051,NC,MTU,2.0,EHZ,-1,107.0,,124.7,,23.06182777684
nc73487051,NC,MDC,2.0,EHZ,1,99.0,,318.8,,35.29326970284
nc73487051,NC,MMT,,EHZ,1,98.0,,253.5,,37.139105484400005
nc73487071,NC,MCB,,HHZ,1,168.0,,355.7,,0.9715100737042
nc73487071,NC,MGPB,,EHZ,-1,165.0,,209.6,,1.225368091132
nc73487071,NC,MLC,,EHZ,-1,146.0,,213.0,,3.120129640396
nc73487071,NC,MCO,,EHZ,-1,143.0,,122.5,,3.4548263694620003
nc73487071,NC,MDH1,1.0,DP1,1,130.0,,347.0,,5.022674834522
nc73487071,NC,MDR,2.0,EHZ,1,128.0,,87.2,,5.314005542214
nc73487071,NC,MCV,,EHZ,-1,115.0,,130.7,,7.781420963468
nc73487321,NC,MQ1P,,EHZ,1,174.0,,193.5,,0.367499232413
nc73487321,NC,MMP,,EHZ,1,165.0,,226.5,,1.016877603757
nc73487321,NC,MDY,,HHZ,1,126.0,,8.8,,4.722448532702
nc73487321,NC,MMX1,,HN3,-1,120.0,,88.7,,5.350699867992001
nc73487321,NC,MDPB,,HHZ,1,120.0,,289.2,,5.51526835936
nc73487321,NC,MINS,,HHZ,1,120.0,,319.6,,5.51526835936
nc73487321,NC,MLC,,EHZ,1,104.0,,92.6,,9.285888320366
nc73487321,NC,MDC,2.0,EHZ,1,100.0,,349.7,,10.572413621128
nc73487321,NC,MCO,,EHZ,1,91.0,,88.6,,13.899365825
nc73487416,NC,MCV,,EHZ,1,150.0,,359.0,,2.260592857778
nc73487416,NC,MCO,,EHZ,-1,118.0,,331.2,,6.256938519782
nc73487416,CI,MLAC,,HHZ,1,115.0,,354.5,,6.74953204462
nc73487416,NC,MDR,2.0,EHZ,1,111.0,,355.2,,7.606844928706
nc73487416,NC,MCB,,HHZ,1,102.0,,324.2,,10.248836384722
nc73487416,NC,MCS,,EHZ,-1,98.0,,324.4,,11.65322830768
nc73487416,NC,MLH,,EHZ,1,92.0,,5.7,,12.14248598472
nc73487416,NC,MEM,,EHZ,-1,93.0,,317.6,,14.5109379213
nc73487416,NC,MMP,,EHZ,1,85.0,,284.2,,18.22484846974
nc73487416,NC,MBS1,,EP1,-1,83.0,,334.4,,23.5733244392
nc73487586,NC,MCV,,EHZ,-1,77.0,,310.3,,30.75651669756
nc73487586,NC,MCO,,EHZ,1,74.0,,311.2,,35.11535782028
nc73487586,NC,MLC,,EHZ,1,73.0,,305.8,,38.27329373572
nc73487586,NC,MMT,,EHZ,1,71.0,,266.0,,54.730142872520005
nc73487726,NC,MMX1,,HN3,-1,151.0,,221.0,,3.076763619022
nc73487726,NC,MEM,,EHZ,1,151.0,,355.3,,3.1234654881940003
nc73487726,NC,MCS,,EHZ,1,149.0,,55.5,,3.321392457542
nc73487726,NC,MLC,,EHZ,-1,148.0,,146.6,,3.4470427246
nc73487726,NC,MMLB,,HHZ,-1,141.0,,302.3,,4.4022071440940005
nc73487726,NC,MDH1,,DP1,-1,135.0,,28.0,,5.252848332584
nc73487726,NC,MCO,,EHZ,-1,126.0,,108.0,,6.855167224890001
nc73487726,NC,MDR,2.0,EHZ,1,117.0,,90.0,,8.91227336699
nc73487726,CI,MLAC,,HHZ,-1,117.0,,95.6,,8.938960149374001
nc73487726,NC,MCV,,EHZ,-1,111.0,,119.3,,10.901550603864
nc73487726,NC,MDC,2.0,EHZ,1,103.0,,310.8,,12.22032243334
nc73487726,NC,MCB,,HHZ,1,147.0,,78.6,,3.6016036725740004
nc73487801,NP,1679,10.0,HNZ,1,121.0,,45.1,,21.91652003286
nc73487801,BK,OVRO,0.0,HHZ,-1,113.0,,127.3,,29.0218758426
nc73487801,NC,MRC,,EHZ,1,111.0,,5.8,,31.768390529620003
nc73487801,NC,MCV,,EHZ,1,109.0,,311.7,,33.70318225246
nc73487801,CI,MLAC,,HHZ,-1,107.0,,316.2,,37.22806142568
nc73487801,NC,MCO,,EHZ,1,106.0,,312.3,,38.07314286784
nc73487801,NC,MLC,,EHZ,1,105.0,,307.2,,41.16436182732
nc73487801,NC,MCB,,HHZ,-1,104.0,,312.4,,42.187355152040006
nc73487801,NC,MMX1,,HN3,1,103.0,,304.8,,44.67812150788
nc73487801,CI,TIN,,HHZ,-1,102.0,,143.2,,46.41276236284
nc73487801,NC,MEM,,EHZ,1,102.0,,311.5,,46.61291323072
nc73487801,NC,MQ1P,,EHZ,1,101.0,,300.7,,49.01472364528001
nc73487801,NC,MBS1,,EP1,-1,99.0,,319.6,,54.40767758538
nc73487801,NN,LHV,,HHZ,1,91.0,,2.0,,95.78330977324
nc73487801,GS,MCA04,0.0,HHZ,1,90.0,,43.6,,106.04660149842
nc73487801,NC,MMI,,EHZ,1,90.0,,272.2,,106.33570830758
nc73487801,NC,MHD,,EHZ,1,88.0,,256.2,,123.64875837920002
nc73487801,BK,LIND,0.0,HHZ,1,88.0,,201.8,,123.7599533058
nc73487801,NC,MPR,,EHZ,1,87.0,,290.1,,137.77051405740002
nc73487801,BK,BUCR,0.0,HHZ,1,86.0,,283.1,,145.4429639928
nc73487801,BK,HELL,0.0,HHZ,1,92.0,,208.5,,89.48967692768
nc73487801,BK,TOLH,0.0,HHZ,1,92.0,,238.7,,93.49269428528
nc73487801,BK,WINE,0.0,HHZ,1,86.0,,237.0,,145.22057413960002
nc73487801,NC,MCD,,EHZ,1,125.0,,26.5,,19.748218964160003
nc73487801,NC,MDPB,,HHZ,1,99.0,,299.9,,54.5411114973
nc73487801,NC,MGS,1.0,EHZ,1,87.0,,244.6,,135.7690053786
nc73487801,NC,MMT,,EHZ,1,99.0,,268.7,,56.364708293540005
nc73488056,NC,MCS,,EHZ,1,157.0,,48.0,,2.556371362534
nc73488056,NC,MCB,,HHZ,1,156.0,,78.5,,2.74651468702
nc73488056,NC,MEM,,EHZ,1,153.0,,339.6,,3.144592524248
nc73488056,NC,MLC,,EHZ,-1,152.0,,160.8,,3.221317023602
nc73488056,NC,MMX1,,HN3,-1,148.0,,228.9,,3.790635047794
nc73488056,NC,MDH1,,DP1,-1,141.0,,20.0,,4.756918959948
nc73488056,NC,MCO,,EHZ,1,133.0,,111.9,,6.122392658596
nc73488056,NC,MLH,,EHZ,1,114.0,,66.3,,10.822602205978
nc73488096,NC,MCV,,EHZ,1,136.0,,34.8,,6.546045328942
nc73488096,NC,MCO,,EHZ,1,127.0,,5.0,,8.616494862234001
nc73488096,NC,MLC,,EHZ,1,126.0,,333.8,,8.723241991770001
nc73488096,NC,MDR,2.0,EHZ,1,118.0,,16.3,,11.14173164532
nc73488096,NC,MLH,,EHZ,1,109.0,,18.1,,15.98983044508
nc73488096,NC,MMX1,,HN3,-1,117.0,,317.2,,11.44195794714
nc73488096,NC,MINS,,HHZ,-1,103.0,,306.8,,20.8490487375
nc73488096,NC,MDPB,,HHZ,-1,103.0,,298.9,,20.93800467878
nc73488096,NC,MDC,2.0,EHZ,-1,99.0,,321.3,,23.9625066823
nc73488096,NC,MMT,,EHZ,1,94.0,,236.0,,32.88033979562
nc73488121,NC,MLH,,EHZ,1,164.0,,347.4,,2.26281675631
nc73488121,NC,MDR,2.0,EHZ,1,158.0,,225.4,,3.282474233232
nc73488121,CI,MLAC,,HHZ,1,154.0,,216.6,,3.944084046502
nc73488121,NC,MCO,,EHZ,1,141.0,,227.0,,6.464873032524
nc73488121,NC,MCV,,EHZ,1,135.0,,192.9,,7.81700333998
nc73488121,NC,MLC,,EHZ,1,125.0,,241.0,,10.68583244626
nc73488171,NC,MDR,2.0,EHZ,-1,165.0,,231.6,,2.067113685494
nc73488171,CI,MLAC,,HHZ,-1,161.0,,217.3,,2.6975889193160003
nc73488171,NC,MLH,,EHZ,1,158.0,,4.0,,3.232436516262
nc73488171,NC,MCO,,EHZ,-1,146.0,,229.7,,5.250624434052
nc73488171,NC,MCV,,EHZ,-1,139.0,,188.8,,6.680591190128
nc73488171,NC,MLC,,EHZ,-1,127.0,,244.3,,9.578330977324
nc73488171,NC,MMLB,,HHZ,-1,114.0,,274.3,,14.29966756076
nc73488181,NC,MDR,2.0,EHZ,-1,163.0,,233.9,,2.276160147502
nc73488181,CI,MLAC,,HHZ,1,159.0,,220.1,,2.878836649674
nc73488181,NC,MCO,,EHZ,-1,143.0,,230.8,,5.456335048262001
nc73488181,NC,MCV,,EHZ,-1,136.0,,190.6,,6.772882979206
nc73488181,NC,MCB,,HHZ,-1,134.0,,265.1,,7.24990921432
nc73488181,NC,MCS,,EHZ,1,131.0,,273.9,,8.02827370052
nc73488181,NC,MDH1,,DP1,1,127.0,,291.9,,8.913385316255999
nc73488181,NC,MLC,,EHZ,-1,124.0,,244.5,,9.80183277979
nc73488181,NC,MEM,,EHZ,-1,120.0,,279.3,,11.15285113798
nc73488181,NC,MMLB,,HHZ,1,112.0,,274.1,,14.5109379213
nc73488186,NC,MDR,2.0,EHZ,-1,166.0,,239.5,,1.761327637344
nc73488186,CI,MLAC,,HHZ,-1,161.0,,221.1,,2.331757610802
nc73488186,NC,MLH,,EHZ,1,152.0,,5.1,,3.628290454958
nc73488186,NC,MCO,,EHZ,-1,144.0,,232.4,,4.927047197646
nc73488186,NC,MCV,,EHZ,-1,137.0,,188.4,,6.281401403634
nc73488186,NC,MCS,,EHZ,1,130.0,,277.4,,7.75028638402
nc73488186,NC,MLC,,EHZ,-1,123.0,,246.1,,9.322582646144
nc73488186,NC,MEM,,EHZ,1,118.0,,281.8,,10.917117893588
nc73488186,NC,MMLB,,HHZ,1,110.0,,275.9,,14.2329506048
nc73488191,NC,MDR,2.0,EHZ,-1,164.0,,245.4,,1.928120027244
nc73488191,NC,MLH,,EHZ,1,151.0,,1.4,,3.707238852844
nc73488191,NC,MCO,,EHZ,-1,143.0,,234.9,,5.061593058832
nc73488191,NC,MCV,,EHZ,-1,136.0,,190.7,,6.2291397881320005
nc73488191,NC,MCS,,EHZ,1,128.0,,277.8,,7.99491522254
nc73488196,NC,MDR,2.0,EHZ,-1,169.0,,258.2,,1.115285113798
nc73488196,NC,MCO,,EHZ,-1,143.0,,236.1,,4.19204873282
nc73488196,NC,MLH,,EHZ,-1,142.0,,9.9,,4.345497731528
nc73488196,NC,MCV,,EHZ,-1,134.0,,185.1,,5.568641924128
nc73488196,NC,MCS,,EHZ,-1,124.0,,282.9,,7.445612285136001
nc73488196,NC,MLC,,EHZ,1,119.0,,249.0,,8.674316224066
nc73488196,NC,MBS1,,EP1,-1,99.0,,321.7,,17.15737717438
nc73488201,CI,MLAC,,HHZ,-1,112.0,,356.0,,10.016438988128
nc73488201,NC,MCB,,HHZ,-1,102.0,,332.5,,13.0654038755
nc73488201,NC,MMX1,,HN3,-1,101.0,,306.5,,14.421981980020002
nc73488201,NC,MCS,,EHZ,-1,101.0,,331.8,,14.455340458
nc73488201,NC,MDH1,1.0,DP1,-1,99.0,,335.4,,17.05730174044
nc73488201,NC,MEM,,EHZ,-1,99.0,,324.9,,17.10177971108
nc73488201,NC,MINS,,HHZ,-1,90.0,,301.7,,24.11817957954
nc73488201,NC,MDPB,,HHZ,-1,91.0,,294.9,,24.42952537402
nc73488201,NC,MBS1,,EP1,-1,92.0,,337.4,,26.5755874574
nc73488201,NC,MDC,2.0,EHZ,-1,92.0,,315.1,,26.64230441336
nc73488201,NC,MRC,,EHZ,1,84.0,,62.2,,32.00189987548
nc73488201,NC,MMT,,EHZ,1,83.0,,239.6,,36.03827571106
nc73488201,NC,MMI,,EHZ,1,82.0,,260.9,,82.09521430878
nc73488201,NC,MHD,,EHZ,1,81.0,,243.8,,105.5795828067
nc73488201,NC,MCO,,EHZ,-1,115.0,,340.7,,9.27365687844
nc73488201,NC,MCV,,EHZ,-1,133.0,,359.1,,5.535283446148
nc73488201,NC,MDR,2.0,EHZ,-1,110.0,,356.4,,10.875975770746
nc73488201,NC,MLC,,EHZ,-1,109.0,,316.2,,11.090581979084
nc73488201,NC,MMLB,,HHZ,-1,97.0,,314.9,,18.75858411742
nc73488211,CI,MLAC,,HHZ,-1,163.0,,223.6,,2.581946195652
nc73488211,NC,MLH,,EHZ,1,157.0,,1.2,,3.5026401879
nc73488211,NC,MCO,,EHZ,-1,148.0,,233.1,,5.19280307222
nc73488211,NC,MCV,,EHZ,-1,142.0,,190.5,,6.431514554544
nc73488211,NC,MCB,,HHZ,-1,139.0,,267.7,,7.155393526710001
nc73488211,NC,MCS,,EHZ,1,135.0,,276.3,,7.984907679146
nc73488211,NC,MDH1,,DP1,-1,132.0,,294.0,,8.974542525886001
nc73488211,NC,MLC,,EHZ,-1,129.0,,246.1,,9.59612216558
nc73488211,NC,MEM,,EHZ,1,124.0,,281.0,,11.14173164532
nc73488211,NC,MMLB,,HHZ,-1,116.0,,275.4,,14.46645995066
nc73488211,NC,MDC,2.0,EHZ,-1,107.0,,289.4,,21.11591656134
nc73488211,NC,MINS,,HHZ,1,107.0,,272.1,,21.64965220902
nc73488211,NC,MDPB,,HHZ,1,105.0,,266.0,,23.31757610802
nc73488211,NC,MDR,2.0,EHZ,-1,166.0,,240.3,,2.033755207514
nc73488236,NC,MLH,,EHZ,1,120.0,,58.4,,2.2794959953
nc73488236,NC,MDR,2.0,EHZ,1,107.0,,178.3,,3.318056609744
nc73488236,CI,MLAC,,HHZ,1,78.0,,178.9,,4.179817290894
nc73488236,NC,MCB,,HHZ,1,66.0,,243.7,,5.886659414204
nc73488236,NC,MCO,,EHZ,1,66.0,,202.8,,5.885547464938
nc73488236,NC,MCS,,EHZ,1,63.0,,256.6,,6.235811483728
nc73488236,NC,MDH1,1.0,DP1,1,62.0,,281.9,,6.473768626652
nc73488236,NC,MCV,,EHZ,1,58.0,,175.4,,8.664308680672
nc73488236,NC,MEM,,EHZ,1,58.0,,268.8,,9.071282112028
nc73488236,NC,MLC,,EHZ,1,58.0,,228.1,,9.27365687844
nc73488236,NC,MMX1,,HN3,1,59.0,,242.5,,12.20920294068
nc73488236,NC,MMP,,EHZ,-1,58.0,,249.1,,18.11365354314
nc73488241,NC,MCV,,EHZ,1,137.0,,30.7,,6.594971096646001
nc73488241,NC,MCO,,EHZ,1,128.0,,2.5,,8.887810483138
nc73488241,CI,MLAC,,HHZ,-1,122.0,,15.2,,10.492353273976
nc73488241,NC,MDR,2.0,EHZ,1,119.0,,14.1,,11.33076302054
nc73488241,NC,MCB,,HHZ,-1,117.0,,347.5,,11.986813087480002
nc73488241,NC,MLH,,EHZ,1,110.0,,16.5,,16.16774232764
nc73488246,NC,MDH,,HNZ,1,138.0,,334.2,,6.034548666582
nc73488246,NC,MDH1,,DP1,-1,138.0,,334.2,,6.034548666582
nc73488246,NC,MCV,,EHZ,-1,136.0,,135.9,,6.319207678678
nc73488246,NC,MEM,,EHZ,1,135.0,,306.2,,6.637225168754
nc73488246,NC,MMX1,,HN3,-1,132.0,,257.9,,7.291051337162001
nc73488246,NC,MDY,,HHZ,-1,111.0,,284.5,,12.13136649206
nc73488246,NC,MQ1P,,EHZ,-1,111.0,,260.9,,12.72069960304
nc73488246,NC,MMP,,EHZ,-1,110.0,,259.9,,13.42122764062
nc73488246,NC,MBS1,,EP1,1,108.0,,338.3,,15.567289724000002
nc73488246,NC,MINS,,HHZ,1,108.0,,279.1,,16.25669826892
nc73488246,NC,MDC,2.0,EHZ,1,107.0,,301.5,,16.82379239458
nc73488246,NC,MRC,,EHZ,-1,94.0,,81.6,,33.16944660478
nc73488246,NC,MMT,,EHZ,-1,92.0,,223.2,,38.81814887606
nc73488246,NC,MMI,,EHZ,1,87.0,,253.1,,79.97139121072
nc73488246,BK,TOLH,0.0,HHZ,-1,87.0,,213.5,,90.59050670102
nc73488246,NC,MPR,,EHZ,1,86.0,,281.3,,101.93238921422
nc73488246,NC,MHD,,EHZ,1,86.0,,237.8,,106.54697866812
nc73488246,BK,HELL,0.0,HHZ,-1,86.0,,186.9,,106.29123033694
nc73488246,CI,MLAC,,HHZ,1,151.0,,91.1,,3.792858946326
nc73488246,NC,MCB,,HHZ,1,163.0,,313.8,,2.178308612094
nc73488246,NC,MCO,,EHZ,1,164.0,,133.0,,1.932567824308
nc73488246,NC,MCS,,EHZ,1,153.0,,318.6,,3.56379739753
nc73488246,NC,MDPB,,HHZ,1,106.0,,270.6,,17.69111282206
nc73488246,NC,MDR,2.0,EHZ,1,150.0,,78.2,,3.888486583202
nc73488246,NC,MLC,,EHZ,-1,151.0,,236.9,,3.818433779444
nc73488246,NC,MLH,,EHZ,1,130.0,,46.7,,7.745838586956
nc73488246,NC,MMLB,,HHZ,-1,123.0,,289.7,,9.372620363114
nc73488251,NC,MCO,,EHZ,1,167.0,,99.5,,1.69016288432
nc73488251,NC,MCV,,EHZ,-1,141.0,,127.0,,5.82105440751
nc73488251,NC,MMX1,,HN3,-1,135.0,,266.0,,6.897421296998
nc73488251,NC,MDH,,HNZ,1,135.0,,339.9,,6.890749601402
nc73488251,NC,MDH1,,DP1,-1,135.0,,339.9,,6.890749601402
nc73488251,NC,MEM,,EHZ,1,135.0,,314.2,,7.113139454602
nc73488251,NC,MMLB,,HHZ,-1,125.0,,296.1,,9.543860550078
nc73488251,NC,MDY,,HHZ,-1,114.0,,289.5,,12.19808344802
nc73488251,NC,MQ1P,,EHZ,-1,114.0,,265.5,,12.35375634526
nc73488251,NC,MMP,,EHZ,1,113.0,,264.3,,13.03204539752
nc73488251,NC,MBS1,,EP1,1,110.0,,340.4,,16.445729644140002
nc73488251,NC,MDC,2.0,EHZ,-1,109.0,,304.9,,17.1796161597
nc73488251,NC,MRC,,EHZ,-1,95.0,,79.9,,33.5808678332
nc73488251,NC,MMT,,EHZ,1,93.0,,224.0,,37.89523098528
nc73488251,NC,MTU,2.0,EHZ,-1,92.0,,136.6,,40.997569437420005
nc73488251,NC,MMI,,EHZ,1,87.0,,253.8,,79.43765556304001
nc73488251,BK,TOLH,0.0,HHZ,-1,87.0,,213.7,,89.58975236162
nc73488251,NC,MHD,,EHZ,1,86.0,,238.2,,105.77973367458
nc73488251,CI,MLAC,,HHZ,1,150.0,,76.5,,4.155354407042
nc73488251,NC,MCB,,HHZ,1,159.0,,332.6,,2.865493258482
nc73488251,NC,MCS,,EHZ,1,150.0,,330.4,,4.26432543511
nc73488251,NC,MDPB,,HHZ,1,108.0,,274.0,,17.47984246152
nc73488251,NC,MDR,2.0,EHZ,1,149.0,,65.7,,4.450020962532
nc73488251,NC,MINS,,HHZ,1,110.0,,282.9,,16.212220298280002
nc73488251,NC,MLC,,EHZ,-1,157.0,,250.5,,3.1323610823220003
nc73488251,NC,MLH,,EHZ,1,128.0,,42.8,,8.65652503581
nc73488251,NC,MLM,,EHZ,-1,113.0,,334.2,,13.14324032412
nc73488256,NC,MCB,,HHZ,1,172.0,,340.0,,1.543385581208
nc73488256,NC,MLC,,EHZ,-1,165.0,,225.2,,3.03562149618
nc73488256,NC,MMX1,,HN3,1,151.0,,255.4,,6.286961149964
nc73488256,NC,MCV,,EHZ,-1,147.0,,130.2,,7.123146997996001
nc73488256,NC,MLH,,EHZ,1,142.0,,51.8,,8.503076037102
nc73488266,NC,MCS,,EHZ,-1,156.0,,289.7,,3.038957343978
nc73488266,NC,MCO,,EHZ,-1,156.0,,162.9,,3.099002604342
nc73488266,NC,MDR,2.0,EHZ,-1,153.0,,104.6,,3.4147961958860003
nc73488266,CI,MLAC,,HHZ,-1,151.0,,117.7,,3.712798599174001
nc73488266,NC,MLC,,EHZ,-1,141.0,,224.7,,5.252848332584
nc73488266,NC,MCV,,EHZ,-1,131.0,,147.8,,7.306618626886
nc73488271,NC,MCO,,EHZ,1,165.0,,88.2,,1.785790521196
nc73488271,NC,MCB,,HHZ,-1,156.0,,337.3,,3.116793792598
nc73488271,NC,MDR,2.0,EHZ,1,145.0,,62.5,,4.700209547382
nc73488271,NC,MCV,,EHZ,-1,139.0,,123.6,,5.725426770634
nc73488271,NC,MLH,,EHZ,1,124.0,,41.9,,8.981214221482
nc73488271,NC,MMT,,EHZ,-1,92.0,,224.2,,37.57276569814
nc73488361,NC,MCO,,EHZ,1,104.0,,338.7,,11.30852403522
nc73488361,CI,MLAC,,HHZ,1,102.0,,351.6,,11.8978571462
nc73488361,NC,MLC,,EHZ,1,98.0,,318.3,,13.10988184614
nc73488361,NC,MMX1,,HN3,1,97.0,,309.3,,16.35677370286
nc73488361,NC,MLH,,EHZ,-1,96.0,,0.4,,17.135138189059997
nc73488361,NC,MEM,,EHZ,-1,95.0,,325.4,,19.158885853180003
nc73488361,NC,MDPB,,HHZ,1,83.0,,297.5,,26.16416622898
nc73488361,NC,MDC,2.0,EHZ,-1,81.0,,316.1,,28.65493258482
nc73488361,NC,MCV,,EHZ,-1,118.0,,351.1,,7.40002236523
nc73488361,NC,MDR,2.0,EHZ,-1,98.0,,352.2,,12.75405808102
nc73488366,NC,MCV,,EHZ,-1,119.0,,356.0,,5.8444053420960005
nc73488366,NC,MCO,,EHZ,1,103.0,,339.5,,9.66283912154
nc73488366,CI,MLAC,,HHZ,1,101.0,,354.4,,10.338904275268
nc73488366,NC,MDR,2.0,EHZ,-1,99.0,,354.9,,11.19732910862
nc73488366,NC,MLC,,EHZ,1,97.0,,316.1,,11.53091388842
nc73488366,NC,MMT,,EHZ,1,74.0,,240.3,,36.17170962298
nc73488536,NC,MLI,,HHZ,-1,171.0,,45.5,,1.575632109922
nc73488536,NC,MMLB,,HHZ,-1,150.0,,51.7,,5.79325567586
nc73488536,NC,MDC,2.0,EHZ,1,137.0,,353.9,,9.250305943854
nc73488536,NC,MLC,,EHZ,1,133.0,,99.1,,10.317777239214
nc73488536,NC,MLH,,EHZ,1,115.0,,73.1,,19.88165287608
nc73488536,NC,MDPB,,HHZ,1,157.0,,278.0,,4.339937985198
nc73488536,NC,MDY,,HHZ,1,159.0,,25.2,,3.829553272104
nc73488536,NC,MINS,,HHZ,1,158.0,,318.4,,4.009689053196
nc73488541,NC,MLI,,HHZ,1,173.0,,87.9,,0.287994859894
nc73488541,NC,MCY,,EHZ,-1,164.0,,314.8,,0.989078872107
nc73488541,NC,MDY,,HHZ,1,143.0,,18.5,,2.5018858485
nc73488541,NC,MQ1P,,EHZ,-1,141.0,,180.3,,2.650887050144
nc73488541,NC,MDPB,,HHZ,-1,117.0,,264.6,,5.15944459424
nc73488541,NC,MMX1,,HN3,-1,113.0,,111.9,,5.839957545032
nc73488541,NC,MDC,2.0,EHZ,1,102.0,,347.4,,8.308484915552
nc73488541,NC,MLC,,EHZ,1,98.0,,106.3,,9.737339722362
nc73488541,NC,MINS,,HHZ,1,126.0,,298.5,,3.989673966408001
nc73488591,NC,MLC,,EHZ,-1,134.0,,339.2,,10.805922966988
nc73488591,NP,1576,10.0,HNZ,1,132.0,,62.8,,11.79778171226
nc73488591,NC,MMX1,,HN3,-1,127.0,,324.0,,13.18771829476
nc73488591,NC,MDR,2.0,EHZ,1,126.0,,13.6,,13.343391192
nc73488591,NC,MCB,,HHZ,-1,126.0,,350.8,,13.85488785436
nc73488591,NC,MQ1P,,EHZ,1,122.0,,307.7,,16.679238989999998
nc73488591,NC,MEM,,EHZ,-1,121.0,,339.6,,17.168496667040003
nc73488591,NC,MLH,,EHZ,1,120.0,,15.9,,18.16925100644
nc73488591,NC,MDPB,,HHZ,1,113.0,,304.1,,22.10555140808
nc73488591,NC,MINS,,HHZ,1,113.0,,311.5,,22.27234379798
nc73488591,NC,MDC,2.0,EHZ,1,110.0,,324.5,,25.76386449322
nc73488591,NC,MMI,,EHZ,1,91.0,,261.9,,77.98100202458001
nc73488591,BK,TOLH,0.0,HHZ,-1,90.0,,218.6,,81.12781844736
nc73488591,NC,MHD,,EHZ,1,88.0,,243.9,,101.19850269866
nc73488591,NC,MPR,,EHZ,1,88.0,,287.7,,105.60182179202
nc73488591,CI,MLAC,,HHZ,1,127.0,,14.5,,12.5094292425
nc73488591,NC,MCO,,EHZ,1,134.0,,4.0,,10.88598331414
nc73488591,NC,MCV,,EHZ,1,142.0,,26.1,,8.518643326826
nc73488591,NC,MMT,,EHZ,1,105.0,,239.4,,31.65719560302
nc73488636,CI,MLAC,,HHZ,-1,111.0,,355.1,,8.210633380144001
nc73488636,NC,MDR,2.0,EHZ,1,108.0,,355.6,,9.069058213496
nc73488636,NC,MLC,,EHZ,-1,106.0,,308.8,,9.876333380612
nc73488636,NC,MCB,,HHZ,-1,101.0,,328.2,,11.49755541044
nc73488636,NC,MCS,,EHZ,-1,95.0,,328.0,,12.8986114856
nc73488636,NC,MMX1,,HN3,-1,95.0,,300.2,,13.44346662594
nc73488636,NC,MLH,,EHZ,1,95.0,,4.8,,13.599139523180002
nc73488636,NC,MMLB,,HHZ,-1,95.0,,310.7,,17.53543992482
nc73488636,NC,MDY,,HHZ,-1,85.0,,304.9,,19.78157744214
nc73488636,NC,MDPB,,HHZ,-1,84.0,,290.9,,23.7401168291
nc73488636,NC,MMT,,EHZ,1,75.0,,237.2,,37.00567157248
nc73488636,NC,MCO,,EHZ,-1,114.0,,336.1,,7.592389588247999
nc73488636,NC,MCV,,EHZ,-1,138.0,,358.5,,3.722806142568
nc73488706,NC,MCV,,EHZ,1,101.0,,17.5,,4.368848666114
nc73488706,NC,MCO,,EHZ,1,134.0,,347.3,,7.567926704395999
nc73488706,CI,MLAC,,HHZ,-1,41.0,,4.6,,8.652077238746001
nc73488706,NC,MLC,,EHZ,1,41.0,,316.6,,9.13466322019
nc73488706,NC,MDR,2.0,EHZ,1,41.0,,4.3,,9.51272597063
nc73488706,NC,MLH,,EHZ,-1,41.0,,10.3,,14.221831112140002
nc73488706,NC,MBS1,,EP1,1,40.0,,339.1,,24.78534913914
nc73488841,NC,MCO,,EHZ,1,178.0,,253.5,,0.1337674966998
nc73488841,NC,MCB,,HHZ,-1,147.0,,311.9,,4.179817290894
nc73488841,NC,MCV,,EHZ,-1,146.0,,138.8,,4.332154340336
nc73488841,NC,MLC,,EHZ,1,143.0,,260.4,,4.815852271046
nc73488841,NC,MLH,,EHZ,1,128.0,,31.9,,7.751398333286
nc73488841,NC,MQ1P,,EHZ,1,108.0,,267.1,,14.132875170859998
nc73488841,NC,MMP,,EHZ,-1,107.0,,265.9,,14.80004473046
nc73488841,NC,MDPB,,HHZ,1,103.0,,274.4,,19.2923197651
nc73488991,NC,MLH,,EHZ,1,143.0,,10.9,,3.98077837228
nc73488991,NC,MCV,,EHZ,-1,130.0,,184.8,,5.93780908044
nc73488991,NC,MCS,,EHZ,1,123.0,,280.1,,7.37222363358
nc73488991,NC,MDH1,,DP1,-1,117.0,,298.4,,8.545330109210001
nc73488991,NC,MLC,,EHZ,-1,117.0,,246.8,,8.813309882316
nc73488991,NC,MBS1,,EP1,1,99.0,,320.9,,16.86827036522
nc73489001,NC,MDR,2.0,EHZ,-1,171.0,,267.2,,0.843413518261
nc73489001,CI,MLAC,,HHZ,-1,167.0,,223.4,,1.246495127186
nc73489001,NC,MCV,,EHZ,-1,134.0,,182.6,,5.367379106982
nc73489001,NC,MCS,,EHZ,-1,124.0,,284.8,,7.246573366522001
nc73489001,NC,MLC,,EHZ,-1,119.0,,249.6,,8.375201871512
nc73489021,NC,MCB,,HHZ,-1,160.0,,303.8,,2.014852069992
nc73489021,NC,MLC,,EHZ,-1,143.0,,233.2,,4.12533177686
nc73489021,NC,MCV,,EHZ,-1,127.0,,138.9,,6.534925836282
nc73489021,NC,MLH,,EHZ,1,123.0,,48.4,,7.407806010092
nc73489041,NC,MDR,2.0,EHZ,-1,164.0,,244.8,,2.230570227596
nc73489041,NC,MLH,,EHZ,1,156.0,,357.2,,3.5615734989980004
nc73489041,NC,MCO,,EHZ,-1,146.0,,235.2,,5.364043259184
nc73489041,NC,MCV,,EHZ,-1,141.0,,192.7,,6.428178706746
nc73489041,NC,MCB,,HHZ,1,136.0,,268.2,,7.403358213028
nc73489041,NC,MCS,,EHZ,-1,133.0,,276.5,,8.23954406106
nc73489041,NC,MDH1,,DP1,-1,129.0,,293.7,,9.225843060002
nc73489041,NC,MLC,,EHZ,-1,127.0,,247.0,,9.804056678322
nc73489041,NC,MEM,,EHZ,1,122.0,,281.1,,11.3974799765
nc73489041,NC,MMLB,,HHZ,1,114.0,,275.5,,14.72220828184
nc73489041,NC,MBS1,,EP1,1,112.0,,317.8,,17.21297463768
nc73489041,NC,MMP,,EHZ,-1,109.0,,257.9,,19.48135114032
nc73489061,NP,1576,10.0,HNZ,-1,123.0,,15.8,,8.18394659776
nc73489061,NC,MCV,,EHZ,-1,112.0,,336.2,,11.096141725414
nc73489061,NC,MCO,,EHZ,-1,103.0,,330.8,,15.31154139282
nc73489061,CI,MLAC,,HHZ,-1,103.0,,340.8,,15.46721429006
nc73489061,NC,MDR,2.0,EHZ,-1,102.0,,341.8,,16.27893725424
nc73489061,NC,MLC,,EHZ,-1,101.0,,316.3,,17.47984246152
nc73489061,NC,MCB,,HHZ,-1,99.0,,327.2,,19.28120027244
nc73489061,NC,MLH,,EHZ,-1,98.0,,350.8,,20.22635714854
nc73489061,NC,MCS,,EHZ,-1,97.0,,327.1,,20.6822563476
nc73489061,NC,MMX1,,EP1,1,97.0,,309.5,,20.74897330356
nc73489061,NC,MDH,,HNZ,-1,93.0,,330.3,,23.17302270344
nc73489061,NC,MDH1,,DP1,1,93.0,,330.3,,23.17302270344
nc73489061,NC,MEM,,EHZ,-1,93.0,,322.6,,23.42877103462
nc73489061,NC,MQ1P,,EHZ,-1,92.0,,300.7,,24.94102203638
nc73489061,NC,MMLB,,HHZ,-1,92.0,,315.3,,25.14117290426
nc73489061,NC,MMP,,EHZ,-1,92.0,,299.3,,25.34132377214
nc73489061,NC,MLI,,HHZ,-1,91.0,,306.1,,26.14192724366
nc73489061,NC,MDY,,HHZ,-1,91.0,,310.7,,27.20939853902
nc73489061,NC,MCY,,EHZ,-1,90.0,,306.0,,27.3539519436
nc73489061,NC,MINS,,HHZ,-1,90.0,,304.8,,30.33397597648
nc73489061,NC,MDPB,,HHZ,-1,90.0,,299.3,,30.4674098884
nc73489061,NC,MRC,,EHZ,1,90.0,,50.7,,30.83435314618
nc73489061,NC,MDC,2.0,EHZ,-1,90.0,,315.4,,33.0248932002
nc73489061,NP,1679,10.0,HNZ,1,91.0,,84.7,,36.46081643214001
nc73489061,NC,MMT,,EHZ,1,91.0,,249.1,,38.05090388252
nc73489061,BK,OVRO,0.0,HHZ,-1,88.0,,124.1,,53.00662151022
nc73489061,BK,TOLH,0.0,HHZ,1,86.0,,224.1,,84.74165356186
nc73489061,NC,MMI,,EHZ,1,86.0,,264.4,,85.8980807985
nc73489061,NN,LHV,,HHZ,-1,86.0,,15.9,,86.94331310854001
nc73489061,BK,HELL,0.0,HHZ,-1,85.0,,193.5,,93.41485783666
nc73489061,NC,MHD,,EHZ,1,85.0,,247.1,,107.6922864121
nc73489061,GS,MCA04,0.0,HHZ,1,84.0,,55.3,,113.974799765
nc73489061,NC,MPR,,EHZ,1,84.0,,287.7,,114.1971896182
nc73489061,BK,BUCR,0.0,HHZ,1,84.0,,279.5,,122.6480040398
nc73489061,BK,LEGD,0.0,HHZ,1,84.0,,255.8,,125.5390721314
nc73489061,BK,LIND,0.0,HHZ,-1,84.0,,191.1,,129.542089489
nc73489061,CI,CWC,,HHZ,1,84.0,,152.0,,132.9891322136
nc73489061,BK,WINE,0.0,HHZ,1,83.0,,227.7,,136.213785085
nc73489061,CI,CGO,,HHZ,1,83.0,,140.3,,136.43617493820005
nc73489061,BK,MERC,0.0,HHZ,1,83.0,,265.8,,149.3347864238
nc73489061,CI,POR,,HHZ,1,82.0,,187.4,,156.1176769464
nc73489061,CI,WNM,,EHZ,-1,80.0,,156.8,,199.7060881736
nc73489061,NC,BMS,,EHZ,-1,81.0,,243.1,,201.7075968524
nc73489061,CI,ISA,,HHZ,-1,76.0,,172.3,,205.5994192834
nc73489061,CI,WOR,,HHZ,-1,76.0,,166.4,,205.71061421
nc73489061,NC,HSL,2.0,EHZ,-1,60.0,,256.1,,211.6039453198
nc73489061,CI,SRT,,HHZ,1,48.0,,155.1,,220.4995394478
nc73489066,NC,MLH,,EHZ,1,154.0,,2.9,,3.85846395302
nc73489066,NC,MCB,,HHZ,-1,138.0,,270.5,,7.031967158184001
nc73489066,NC,MDH1,,DP1,-1,130.0,,296.4,,9.01790854726
nc73489066,NC,MLC,,EHZ,-1,129.0,,247.8,,9.350381377794
nc73489066,NC,MDY,,HHZ,1,112.0,,275.3,,17.279691593640003
nc73489066,NC,MMP,,EHZ,1,109.0,,258.6,,19.05881041924
nc73489066,NC,MDC,2.0,EHZ,1,106.0,,290.4,,21.127036054
nc73489066,NC,MINS,,HHZ,1,106.0,,273.0,,21.53845728242
nc73489066,NC,MDPB,,HHZ,1,104.0,,266.9,,23.1841421961
nc73489066,NC,MRC,,EHZ,-1,101.0,,83.0,,27.56522230414
nc73489066,NC,MMT,,EHZ,-1,94.0,,227.1,,43.71072564646
nc73489066,CI,MLAC,,HHZ,-1,164.0,,227.6,,2.25169726365
nc73489066,NC,MCO,,EHZ,-1,148.0,,235.6,,4.8925767704
nc73489066,NC,MCS,,EHZ,1,134.0,,279.0,,7.914854875387999
nc73489066,NC,MCV,,EHZ,-1,143.0,,190.0,,6.064571296764
nc73489066,NC,MDR,2.0,EHZ,-1,168.0,,248.4,,1.7757829778020002
nc73489066,NC,MEM,,EHZ,1,123.0,,282.9,,11.09725367468
nc73489066,NC,MMLB,,HHZ,1,115.0,,276.8,,14.38862350204
nc73489116,NC,MCO,,EHZ,1,172.0,,163.4,,0.5802151269988001
nc73489116,CI,MLAC,,HHZ,1,149.0,,74.8,,2.631983912622
nc73489116,NC,MDR,2.0,EHZ,1,145.0,,58.7,,2.9889196270080003
nc73489116,NC,MCB,,HHZ,-1,139.0,,308.8,,3.620506810096
nc73489116,NC,MLC,,EHZ,1,130.0,,253.4,,4.645724033347999
nc73489116,NC,MCS,,EHZ,-1,128.0,,313.6,,4.979308813148
nc73489116,NC,MLH,,EHZ,1,114.0,,35.9,,7.485642458712
nc73489141,NC,MDR,2.0,EHZ,-1,166.0,,242.2,,1.682379239458
nc73489141,NC,MLH,,EHZ,1,150.0,,5.4,,3.74170928009
nc73489141,NC,MCO,,EHZ,-1,143.0,,233.2,,4.835867357834
nc73489141,NC,MCV,,EHZ,-1,136.0,,188.3,,6.1668706292360005
nc73489141,NC,MCS,,EHZ,1,128.0,,278.2,,7.735831043562001
nc73489141,NC,MDH1,,DP1,-1,124.0,,296.1,,8.815533780848
nc73489141,NC,MLC,,EHZ,-1,122.0,,246.7,,9.25141789312
nc73489191,NC,MCV,,EHZ,-1,94.0,,310.6,,28.77724700408
nc73489191,CI,MLAC,,HHZ,1,84.0,,315.9,,32.25764820666
nc73489191,NC,MCO,,EHZ,1,83.0,,311.5,,33.1360881268
nc73489191,NC,MDR,2.0,EHZ,-1,83.0,,317.0,,32.869220302959995
nc73489191,NC,MMT,,EHZ,1,82.0,,264.6,,53.24013085608
nc73489191,NP,1679,10.0,HNZ,1,90.0,,58.0,,22.26122430532
nc73489191,NC,MLH,,EHZ,1,82.0,,324.2,,35.17095528358001
nc73489191,NC,MDPB,,HHZ,1,82.0,,298.2,,49.83756610212
nc73489221,NP,1576,10.0,HNZ,1,126.0,,19.7,,6.513798800228
nc73489221,NC,MCV,,EHZ,-1,113.0,,331.7,,9.552756144206
nc73489221,NC,MLC,,EHZ,-1,99.0,,311.9,,16.30117623956
nc73489221,NC,MLH,,EHZ,-1,97.0,,349.8,,18.52507477156
nc73489221,NC,MCS,,EHZ,-1,96.0,,324.2,,19.27008077978
nc73489221,NC,MMX1,,HN3,-1,96.0,,305.5,,19.72597997884
nc73489221,NC,MEM,,EHZ,-1,91.0,,319.8,,22.10555140808
nc73489221,NC,MDY,,HHZ,1,93.0,,307.8,,26.14192724366
nc73489221,NC,MINS,,HHZ,-1,94.0,,301.9,,29.42217757836
nc73489221,NC,MDPB,,HHZ,-1,85.0,,296.3,,29.70016489486
nc73489221,NC,MRC,,EHZ,1,85.0,,53.3,,29.733523372840004
nc73489221,NC,MBS1,,EP1,-1,84.0,,331.9,,31.09010147736
nc73489221,NC,MDC,2.0,EHZ,-1,84.0,,313.1,,31.84622697824
nc73489221,NC,MMT,,EHZ,1,82.0,,246.7,,38.74031242744
nc73489221,NC,MMI,,EHZ,1,81.0,,263.3,,86.1204706517
nc73489221,BK,TOLH,0.0,HHZ,1,81.0,,223.3,,86.02039521776
nc73489221,NC,MPR,,EHZ,1,80.0,,286.9,,113.7524099118
nc73489221,CI,MLAC,,HHZ,-1,101.0,,338.2,,13.85488785436
nc73489221,NC,MCB,,HHZ,-1,98.0,,324.1,,17.869024704620003
nc73489221,NC,MCO,,EHZ,-1,101.0,,327.2,,13.8437683617
nc73489221,NC,MDR,2.0,EHZ,-1,100.0,,339.6,,14.65549132588
nc73489221,NC,MMLB,,HHZ,-1,91.0,,312.3,,23.973626174960003
nc73489311,NC,MTU,2.0,EHZ,1,123.0,,158.0,,16.66811949734
nc73489311,NC,MCV,,EHZ,-1,117.0,,302.3,,20.38203004578
nc73489311,NC,MFB,,EHZ,1,119.0,,111.1,,19.43687316968
nc73489311,NC,MDR,2.0,EHZ,-1,112.0,,312.3,,24.08482110156
nc73489311,NC,MCO,,EHZ,1,112.0,,305.0,,24.65191522722
nc73489311,NC,MGPB,,EHZ,-1,108.0,,302.2,,28.03224099586
nc73489311,NC,MLC,,EHZ,1,108.0,,298.3,,28.19903338576
nc73489311,NC,MMX1,,HN3,1,105.0,,295.9,,31.95742190484
nc73489311,NC,MEM,,EHZ,-1,105.0,,305.7,,33.20280508276
nc73489311,NC,MINS,,HHZ,1,100.0,,295.6,,41.77593392362
nc73489311,NC,MDPB,,HHZ,1,100.0,,291.8,,42.32078906396
nc73489311,NC,MDC,2.0,EHZ,-1,99.0,,304.0,,43.366021374
nc73489311,BK,TOLH,0.0,HHZ,-1,90.0,,230.1,,93.63724768986
nc73489311,NC,MMI,,EHZ,1,88.0,,265.6,,98.55206344558
nc73489311,NC,MHD,,EHZ,1,87.0,,249.9,,119.3121562418
nc73489311,NC,MPR,,EHZ,1,87.0,,286.4,,126.6510213974
nc73489311,NC,MCD,,EHZ,1,121.0,,69.7,,17.93574166058
nc73489311,NC,MRC,,EHZ,-1,113.0,,28.9,,23.03958879152
nc73489311,BK,HELL,0.0,HHZ,-1,88.0,,201.0,,96.55055476678
nc73491010,NC,MMX1,,HN3,1,176.0,,227.8,,0.3673880374864
nc73491010,NC,MQ1P,,EHZ,-1,138.0,,262.7,,5.75433745155
nc73491010,NC,MCS,,EHZ,1,137.0,,48.6,,5.980063152548
nc73491010,NC,MDH1,,DP1,-1,127.0,,32.1,,7.924862418782
nc73491010,NC,MCO,,EHZ,1,126.0,,90.2,,8.275126437572
nc73491010,NC,MDR,2.0,EHZ,1,117.0,,78.9,,10.862632379554
nc73491010,NC,MDPB,,HHZ,-1,116.0,,277.6,,10.926013487716
nc73491010,NC,MCV,,EHZ,1,114.0,,106.1,,11.71994526364
nc73491010,NC,MDC,2.0,EHZ,1,109.0,,323.3,,12.53166822782
nc73491010,NC,MCB,,HHZ,1,137.0,,62.1,,5.9700556091540005
nc73491010,NC,MEM,,EHZ,1,140.0,,16.0,,5.395177838632001
nc73491010,NC,MMLB,,HHZ,-1,143.0,,336.0,,4.835867357834
nc73491260,NC,MDR,2.0,EHZ,-1,165.0,,242.6,,1.825820694772
nc73491260,NC,MLH,,EHZ,1,152.0,,3.5,,3.676104273396
nc73491260,NC,MCV,,EHZ,-1,137.0,,189.4,,6.242483179324
nc73491260,NC,MCS,,EHZ,-1,129.0,,277.7,,7.859257412088
nc73491260,NC,MLC,,EHZ,-1,123.0,,246.7,,9.394859348434
nc73491380,NC,MDR,2.0,EHZ,-1,175.0,,279.2,,0.5550850735872
nc73491380,NC,MCO,,EHZ,-1,154.0,,235.4,,3.564909346796
nc73491380,NC,MLH,,EHZ,1,147.0,,15.7,,4.773598198938
nc73491380,NC,MCV,,EHZ,-1,144.0,,179.5,,5.232833245796
nc73491380,NC,MCB,,HHZ,1,140.0,,277.8,,5.983399000346
nc73491380,NC,MCS,,EHZ,1,135.0,,286.4,,6.998608680204
nc73491380,NC,MLC,,EHZ,-1,131.0,,249.7,,8.054960482904
nc73491380,NC,MDH1,,DP1,1,129.0,,304.2,,8.43413518261
nc73491380,NC,MMP,,EHZ,-1,108.0,,260.2,,17.835666226639997
nc73491545,NC,MDR,2.0,EHZ,-1,167.0,,257.2,,1.783566622664
nc73491545,CI,MLAC,,HHZ,-1,164.0,,234.3,,2.158293525306
nc73491545,NC,MCV,,EHZ,-1,143.0,,191.3,,5.8266141538400005
nc73491545,NC,MCB,,HHZ,-1,136.0,,272.6,,7.12759479506
nc73491545,NC,MGPB,,EHZ,1,133.0,,257.4,,7.84480207163
nc73491545,NC,MCS,,EHZ,-1,132.0,,280.7,,8.046064888776
nc73491545,NC,MDH1,,DP1,-1,128.0,,297.6,,9.213611618076
nc73491545,NC,MLC,,EHZ,-1,128.0,,249.5,,9.339261885134
nc73491545,NC,MEM,,EHZ,1,121.0,,284.1,,11.24180707926
nc73491545,NC,MQ1P,,EHZ,-1,109.0,,260.0,,18.39164085964
nc73491545,NC,MMP,,EHZ,-1,108.0,,259.4,,19.09216889722
nc73491545,NC,MINS,,HHZ,1,104.0,,273.7,,21.64965220902
nc73491545,NC,MDPB,,HHZ,1,102.0,,267.5,,23.25085915206
nc73491545,NC,MRC,,EHZ,1,100.0,,82.4,,27.50962484084
nc73491545,NC,MCD,,EHZ,1,96.0,,107.4,,34.5260247093
nc73491545,NC,MCO,,EHZ,-1,148.0,,238.7,,4.826971763706
nc73491545,NC,MLH,,EHZ,1,152.0,,1.5,,4.1142122842
nc73491660,NC,MMT,,EHZ,-1,97.0,,245.5,,15.36713885612
nc73491660,NC,MMP,,EHZ,-1,95.0,,358.2,,19.59254606692
nc73491660,NC,MQ1P,,EHZ,-1,95.0,,0.1,,19.91501135406
nc73491660,NC,MMX1,,HN3,1,85.0,,14.9,,21.11591656134
nc73491660,NC,MLC,,EHZ,1,86.0,,25.2,,21.9609980035
nc73491660,NC,MDPB,,HHZ,1,86.0,,347.1,,22.66152604108
nc73491660,NC,MGPB,,EHZ,-1,85.0,,26.0,,23.82907277038
nc73491660,NC,MCV,,EHZ,1,84.0,,44.2,,24.34056943274
nc73491660,NC,MCO,,EHZ,1,84.0,,34.1,,24.92990254372
nc73491660,NC,MDC,2.0,EHZ,1,80.0,,356.7,,30.72315821958
nc73491660,NC,MLH,,EHZ,-1,79.0,,33.7,,32.780264361680004
nc73491660,NC,MTU,2.0,EHZ,1,77.0,,102.3,,41.56466356308
nc73491840,NC,MCO,,EHZ,1,168.0,,181.8,,1.296532844156
nc73491840,NC,MDR,2.0,EHZ,-1,158.0,,70.9,,2.4863185587760004
nc73491840,NC,MCB,,HHZ,-1,151.0,,296.8,,3.392557210566
nc73491840,NC,MLC,,EHZ,1,140.0,,246.1,,5.094951536812
nc73492030,NC,MDR,2.0,EHZ,1,157.0,,251.8,,2.217226836404
nc73492030,NC,MLH,,EHZ,1,143.0,,356.1,,3.826217424306
nc73492030,NC,MCO,,EHZ,-1,133.0,,238.1,,5.295102404692001
nc73492030,NC,MCV,,EHZ,-1,128.0,,194.1,,6.196893259418
nc73492030,NC,MCB,,HHZ,1,121.0,,270.2,,7.487866357244
nc73492030,NC,MLC,,EHZ,-1,112.0,,248.6,,9.788489388598
nc73492155,NC,MDR,2.0,EHZ,-1,162.0,,251.4,,2.688693325188
nc73492155,NC,MLH,,EHZ,-1,155.0,,349.1,,3.717246396238
nc73492155,NC,MCO,,EHZ,1,144.0,,239.0,,5.758785248614
nc73492155,NC,MCV,,EHZ,-1,141.0,,197.5,,6.477104474450001
nc73492155,NC,MLC,,EHZ,1,126.0,,248.7,,10.259955877382
nc73492295,CI,MLAC,,HHZ,-1,164.0,,223.1,,1.747984246152
nc73492295,NC,MLH,,EHZ,1,145.0,,9.2,,4.14757076218
nc73492295,NC,MCO,,EHZ,-1,144.0,,234.7,,4.368848666114
nc73492295,NC,MCV,,EHZ,-1,135.0,,185.8,,5.762121096412
nc73492295,NC,MCB,,HHZ,1,130.0,,272.7,,6.568284314262
nc73492295,NC,MCS,,EHZ,1,126.0,,281.4,,7.493426103574
nc73492295,NC,MDH1,,DP1,-1,121.0,,299.2,,8.71212249911
nc73492295,NC,MLC,,EHZ,-1,120.0,,248.1,,8.824429374976
nc73492315,NC,MDR,2.0,EHZ,-1,177.0,,172.4,,0.3032285648382
nc73492315,CI,MLAC,,HHZ,1,170.0,,178.8,,1.163098932236
nc73492315,NC,MCO,,EHZ,-1,153.0,,224.2,,3.36364652965
nc73492315,NC,MCV,,EHZ,-1,138.0,,173.6,,5.657597865408
nc73492315,NC,MLC,,EHZ,-1,128.0,,245.5,,7.656882645676001
nc73492315,NC,MMP,,EHZ,1,105.0,,258.6,,17.324169564279998
nc73492325,NC,MDR,2.0,EHZ,-1,166.0,,253.6,,2.119375300996
nc73492325,CI,MLAC,,HHZ,1,164.0,,234.4,,2.515229239692
nc73492325,NC,MCO,,EHZ,-1,149.0,,238.5,,5.183907478092
nc73492325,NC,MCV,,EHZ,-1,144.0,,193.6,,6.089034180616
nc73492325,NC,MLC,,EHZ,1,130.0,,249.0,,9.686190056126
nc73492345,NC,MDR,2.0,EHZ,-1,168.0,,230.8,,1.387712683968
nc73492345,NC,MLH,,EHZ,1,150.0,,11.9,,3.711686649908
nc73492345,NC,MCO,,EHZ,-1,144.0,,229.2,,4.572335381792
nc73492345,NC,MCV,,EHZ,-1,134.0,,184.4,,6.213572498408
nc73492345,NC,MCB,,HHZ,1,133.0,,268.6,,6.46042523546
nc73492345,NC,MDH1,,DP1,1,124.0,,296.7,,8.405224501694
nc73492410,CI,MLAC,,HHZ,-1,163.0,,222.7,,2.51856508749
nc73492410,NC,MLH,,EHZ,1,157.0,,2.4,,3.5237672239540005
nc73492410,NC,MCO,,EHZ,-1,147.0,,232.8,,5.122750268462
nc73492410,NC,MCB,,HHZ,-1,138.0,,267.8,,7.0808929258880005
nc73492410,NC,MCS,,EHZ,1,135.0,,276.5,,7.913742926122
nc73492410,NC,MDH1,,DP1,1,131.0,,294.3,,8.915609214788
nc73492410,NC,MLC,,EHZ,-1,129.0,,246.1,,9.521621564758
nc73492410,NC,MEM,,EHZ,1,124.0,,281.2,,11.071678841562
nc73492410,NC,MMLB,,HHZ,1,115.0,,275.5,,14.3997429947
nc73492410,NC,MLM,,EHZ,1,115.0,,308.3,,14.59989386258
nc73492410,NC,MMP,,EHZ,1,110.0,,257.6,,19.17000534584
nc73492410,NC,MINS,,HHZ,-1,106.0,,272.1,,21.5718157604
nc73492410,NC,MDPB,,HHZ,1,104.0,,266.1,,23.2397396594
nc73492410,NC,MCV,,EHZ,-1,141.0,,189.8,,6.400379975096
nc73492410,NC,MDR,2.0,EHZ,-1,166.0,,239.7,,1.961478505224
nc73492480,NC,MDR,2.0,EHZ,-1,168.0,,239.0,,1.70128237698
nc73492480,NC,MLH,,EHZ,1,155.0,,6.0,,3.651641389544
nc73492480,NC,MCS,,EHZ,1,134.0,,277.6,,7.693576971454
nc73492480,NC,MDH1,,DP1,-1,130.0,,295.6,,8.748816824888
nc73492480,NC,MLC,,EHZ,-1,128.0,,246.1,,9.261425436514
nc73492480,NC,MEM,,EHZ,1,122.0,,282.0,,10.86374432882
nc73492480,NC,MDY,,HHZ,1,110.0,,274.6,,17.0684212331
nc73492480,NC,MQ1P,,EHZ,1,109.0,,258.4,,18.20260948442
nc73492480,NC,MMP,,EHZ,1,108.0,,257.8,,18.91425701466
nc73492480,NC,MDC,2.0,EHZ,1,105.0,,290.0,,20.87128772282
nc73492480,NC,MINS,,HHZ,1,105.0,,272.4,,21.33830641454
nc73492480,NC,MDPB,,HHZ,1,102.0,,266.3,,23.00623031354
nc73492480,NC,MRC,,EHZ,1,99.0,,83.5,,27.73201469404
nc73492480,CI,MLAC,,HHZ,-1,163.0,,220.2,,2.278384046034
nc73492480,NC,MCO,,EHZ,-1,147.0,,232.2,,4.869225835814
nc73492480,NC,MCV,,EHZ,-1,140.0,,187.9,,6.254714621250001
nc73492480,NC,MMLB,,HHZ,1,114.0,,276.0,,14.1773531415
nc73492510,NC,MDR,2.0,EHZ,-1,164.0,,246.7,,2.405146262358
nc73492510,NC,MLH,,EHZ,1,157.0,,354.2,,3.5760288394560003
nc73492510,NC,MCO,,EHZ,-1,146.0,,236.3,,5.5219400549560005
nc73492510,NC,MCV,,EHZ,-1,142.0,,194.4,,6.472656677386
nc73492510,NC,MCS,,EHZ,-1,134.0,,276.4,,8.429687385546
nc73492510,NC,MLC,,EHZ,-1,128.0,,247.5,,9.97974466235
nc73492510,NC,MMP,,EHZ,-1,110.0,,258.0,,19.65926302288
nc73492555,NC,MCV,,EHZ,-1,146.0,,9.1,,4.780269894534
nc73492555,NC,MCO,,EHZ,-1,129.0,,344.3,,8.243991858124
nc73492555,NC,MLC,,EHZ,-1,123.0,,316.4,,9.921923300518
nc73492555,NC,MDR,2.0,EHZ,-1,123.0,,0.9,,10.042013821246
nc73492555,NC,MCB,,HHZ,-1,117.0,,334.2,,11.9534546095
nc73492555,NC,MMX1,,HN3,1,112.0,,305.8,,13.26555474338
nc73492555,NC,MCS,,EHZ,-1,112.0,,333.3,,13.35451068466
nc73492555,NC,MLH,,EHZ,-1,111.0,,7.8,,14.68884980386
nc73492555,NC,MMP,,EHZ,-1,107.0,,292.4,,18.2359679624
nc73492555,NC,MINS,,HHZ,1,101.0,,301.1,,22.97287183556
nc73492555,NC,MDPB,,HHZ,1,101.0,,293.9,,23.32869560068
nc73492555,NC,MMT,,EHZ,1,94.0,,237.8,,35.7491689019
nc73492585,NC,MDR,2.0,EHZ,-1,166.0,,242.5,,1.942575367702
nc73492585,CI,MLAC,,HHZ,-1,162.0,,224.6,,2.471863218318
nc73492585,NC,MLH,,EHZ,1,155.0,,1.9,,3.614947063766
nc73492585,NC,MCO,,EHZ,-1,146.0,,233.8,,5.091615689014
nc73492585,NC,MCV,,EHZ,-1,140.0,,190.3,,6.314759881614
nc73492585,NC,MCB,,HHZ,1,136.0,,268.6,,7.1075797082720005
nc73492585,NC,MCS,,EHZ,-1,133.0,,277.2,,7.953773099698
nc73492585,NC,MDH1,,DP1,-1,129.0,,294.8,,8.980102272216
nc73492585,NC,MLC,,EHZ,-1,127.0,,246.6,,9.511614021364
nc73492585,NC,MEM,,EHZ,-1,122.0,,281.6,,11.118380710734
nc73492585,NC,MMLB,,HHZ,1,113.0,,275.9,,14.43310147268
nc73492610,NC,MDR,2.0,EHZ,-1,167.0,,244.8,,1.449981842864
nc73492610,CI,MLAC,,HHZ,-1,163.0,,221.8,,1.987053338342
nc73492610,NC,MLH,,EHZ,-1,148.0,,7.8,,3.927404807512
nc73492610,NC,MCO,,EHZ,1,144.0,,233.6,,4.595686316378
nc73492610,NC,MCV,,EHZ,1,136.0,,186.9,,5.978951203282
nc73492610,NC,MCB,,HHZ,-1,132.0,,270.9,,6.69393458132
nc73492610,NC,MCS,,EHZ,1,128.0,,279.6,,7.586829841918
nc73492610,NC,MDH1,,DP1,-1,123.0,,297.6,,8.732137585898
nc73492610,NC,MLC,,EHZ,-1,122.0,,247.2,,9.02346829359
nc73492625,NC,MDR,2.0,EHZ,-1,169.0,,250.3,,1.113061215266
nc73492625,NC,MCO,,EHZ,-1,144.0,,234.1,,4.239862551258
nc73492625,NC,MCV,,EHZ,-1,135.0,,184.5,,5.713195328708
nc73492625,NC,MCS,,EHZ,1,126.0,,281.8,,7.371111684314
nc73492625,NC,MLC,,EHZ,-1,120.0,,248.0,,8.687659615258001
nc73492635,NP,1576,10.0,HNZ,-1,119.0,,352.1,,9.141334915786
nc73492635,NC,MCV,,EHZ,1,105.0,,324.9,,13.86600734702
nc73492635,CI,MLAC,,HHZ,-1,101.0,,331.5,,17.980219631220002
nc73492635,NC,MCO,,EHZ,-1,100.0,,323.1,,18.2359679624
nc73492635,NC,MCB,,HHZ,-1,94.0,,321.3,,22.2945827833
nc73492635,NC,MCS,,EHZ,-1,93.0,,321.6,,23.69563885846
nc73492635,NC,MMX1,,HN3,1,93.0,,306.4,,24.2404939988
nc73492635,NC,MEM,,EHZ,-1,91.0,,318.2,,26.58670695006
nc73492635,NC,MFB,,EHZ,1,90.0,,103.3,,28.15455541512
nc73492635,NC,MMLB,,HHZ,-1,90.0,,312.0,,28.49925968758
nc73492635,NC,MRC,,EHZ,1,90.0,,44.6,,29.03299533526
nc73492635,NC,MDC,2.0,EHZ,1,91.0,,312.8,,36.38297998352
nc73492635,NC,MMT,,EHZ,1,91.0,,252.4,,40.9753304521
nc73492635,BK,TOLH,0.0,HHZ,-1,86.0,,226.3,,86.3984579682
nc73492635,NC,MMI,,EHZ,1,86.0,,265.4,,89.27840656714
nc73492635,BK,HELL,0.0,HHZ,-1,85.0,,195.8,,93.15910950548
nc73492635,NC,MPR,,EHZ,1,84.0,,287.8,,117.9778171226
nc73492635,NC,MDPB,,HHZ,1,90.0,,298.2,,34.11460348088
nc73492635,NC,MDR,2.0,EHZ,-1,100.0,,332.8,,18.7363451321
nc73492635,NC,MDY,,HHZ,1,90.0,,308.2,,30.66756075628
nc73492635,NC,MINS,,HHZ,1,90.0,,303.1,,33.914452613
nc73492635,NC,MLC,,EHZ,1,97.0,,311.6,,20.82680975218
nc73492635,NC,MLH,,EHZ,-1,94.0,,342.4,,22.20562684202
nc73492635,NC,MMP,,EHZ,1,90.0,,298.0,,28.98851736462
nc73492635,NC,MQ1P,,EHZ,1,90.0,,299.2,,28.5770961362
nc73492635,NC,MTU,2.0,EHZ,-1,96.0,,134.0,,21.56069626774
nc73492715,NC,MCV,,EHZ,-1,100.0,,341.4,,22.61704807044
nc73492715,NC,MMP,,EHZ,-1,94.0,,313.7,,34.3036348561
nc73492715,NC,MMT,,EHZ,1,92.0,,266.6,,38.362249677
nc73492715,NC,MTU,2.0,EHZ,-1,107.0,,106.6,,17.0128237698
nc73492715,NC,MGPB,,EHZ,-1,96.0,,331.7,,28.910680916
nc73492715,NC,MCB,,HHZ,1,95.0,,334.4,,30.478529381060003
nc73492715,NC,MMX1,,HN3,1,95.0,,322.6,,30.82323365352
nc73492715,NC,MDPB,,HHZ,1,92.0,,311.9,,39.29628706044
nc73492730,NC,MDR,2.0,EHZ,-1,171.0,,229.6,,1.0656921765344
nc73492730,NC,MLH,,EHZ,1,149.0,,15.1,,3.954091589896
nc73492730,NC,MCO,,EHZ,-1,147.0,,228.8,,4.250982043918
nc73492730,NC,MCV,,EHZ,-1,136.0,,182.0,,6.013421630528001
nc73492730,NC,MCS,,EHZ,-1,131.0,,279.7,,7.0808929258880005
nc73492730,NC,MLC,,EHZ,-1,124.0,,245.5,,8.594255876914
nc73492730,NC,MMP,,EHZ,1,104.0,,257.9,,18.24708745506
nc73492805,NP,1576,10.0,HNZ,1,51.0,,45.7,,10.244388587658
nc73492805,NC,MLC,,EHZ,-1,51.0,,329.5,,13.76593191308
nc73492805,NC,MCB,,HHZ,-1,50.0,,340.9,,16.3456542102
nc73492805,NC,MMX1,,HN3,-1,50.0,,318.8,,16.53468558542
nc73492805,NC,MCS,,EHZ,-1,50.0,,339.7,,17.70223231472
nc73492805,NC,MEM,,EHZ,-1,50.0,,332.9,,20.05956475864
nc73492805,NC,MDH,,HNZ,-1,50.0,,341.7,,20.4042690311
nc73492805,NC,MDH1,1.0,DP1,-1,50.0,,341.7,,20.4042690311
nc73492805,NC,MMP,,EHZ,1,50.0,,304.4,,20.59330040632
nc73492805,NC,MDY,,HHZ,-1,50.0,,317.6,,23.00623031354
nc73492805,NC,MINS,,HHZ,1,49.0,,309.9,,25.80834246386
nc73492805,NC,MDC,2.0,EHZ,1,49.0,,321.5,,29.066353813240003
nc73492805,NC,MTU,2.0,EHZ,1,49.0,,125.0,,29.466655549
nc73492805,NC,MMT,,EHZ,1,48.0,,244.7,,33.62534580384
nc73492805,NC,MRC,,EHZ,1,47.0,,57.0,,34.54826369462
nc73492805,NC,MMI,,EHZ,1,45.0,,263.5,,80.88318960884001
nc73492805,BK,TOLH,0.0,HHZ,1,45.0,,221.1,,81.80610749962
nc73492805,BK,HELL,0.0,HHZ,-1,45.0,,190.3,,93.08127305686
nc73492805,NC,MHD,,EHZ,1,45.0,,245.6,,103.3000868114
nc73492805,NC,MPR,,EHZ,1,45.0,,288.1,,109.1378204579
nc73492805,CI,MLAC,,HHZ,-1,51.0,,360.0,,13.85488785436
nc73492805,NC,MCO,,EHZ,-1,51.0,,349.4,,12.8430140223
nc73492805,NC,MCV,,EHZ,-1,51.0,,3.7,,9.420434181552
nc73492805,NC,MDPB,,HHZ,1,49.0,,303.4,,25.70826702992
nc73492805,NC,MDR,2.0,EHZ,-1,51.0,,0.0,,14.72220828184
nc73492805,NC,MGPB,,EHZ,-1,51.0,,336.3,,14.64437183322
nc73492805,NC,MLH,,EHZ,-1,50.0,,5.5,,19.31455875042
nc73492805,NC,MQ1P,,EHZ,1,50.0,,306.2,,20.25971562652
nc73492870,NC,MCS,,EHZ,1,160.0,,354.2,,2.272824299704
nc73492870,NC,MEM,,EHZ,1,142.0,,317.4,,4.76470260481
nc73492870,NC,MDH,,HNZ,1,140.0,,354.4,,5.04824966764
nc73492870,CI,MLAC,,HHZ,1,135.0,,94.6,,5.944480776036
nc73492870,NC,MDR,2.0,EHZ,1,135.0,,86.3,,5.9522644208980005
nc73492870,NC,MCV,,EHZ,-1,125.0,,127.1,,8.193954141154
nc73492870,NC,MMP,,EHZ,1,113.0,,256.0,,11.41971896182
nc73492870,NC,MINS,,HHZ,-1,107.0,,278.8,,14.08839720022
nc73492870,NC,MDC,2.0,EHZ,1,106.0,,304.5,,14.811164223120002
nc73492870,NC,MDPB,,HHZ,1,105.0,,269.1,,15.55617023134
nc73492870,NC,MMT,,EHZ,-1,91.0,,220.4,,37.6950801174
nc73492870,NC,MCB,,HHZ,1,169.0,,26.9,,1.232039786728
nc73492870,NC,MCO,,EHZ,-1,148.0,,115.9,,3.945195995768
nc73492870,NC,MLC,,EHZ,-1,157.0,,203.2,,2.705372564178
nc73492870,NC,MLH,,EHZ,1,121.0,,57.7,,9.192484582022
nc73492905,NC,MDR,2.0,EHZ,-1,164.0,,241.0,,1.73464085496
nc73492905,NC,MLH,,EHZ,1,148.0,,5.1,,3.682775968992
nc73492905,NC,MCV,,EHZ,-1,131.0,,188.5,,6.225803940334
nc73492905,NC,MCS,,EHZ,-1,124.0,,277.8,,7.756958079616
nc73492915,NC,MDR,2.0,EHZ,-1,167.0,,231.4,,1.79023831826
nc73492915,CI,MLAC,,HHZ,-1,162.0,,215.5,,2.431833044742
nc73492915,NC,MCV,,EHZ,-1,138.0,,187.1,,6.484888119312
nc73492915,NC,MCS,,EHZ,1,133.0,,275.8,,7.607956877972
nc73492915,NC,MDH1,,DP1,-1,129.0,,294.3,,8.594255876914
nc73492915,NC,MLC,,EHZ,-1,126.0,,244.6,,9.30701535642
nc73492915,NC,MEM,,EHZ,1,121.0,,280.8,,10.75810914855
nc73492915,NC,MQ1P,,EHZ,1,108.0,,257.6,,18.19148999176
nc73492915,NC,MMP,,EHZ,1,107.0,,257.0,,18.91425701466
nc73492915,NC,MDC,2.0,EHZ,1,105.0,,289.4,,20.7378538109
nc73492915,NC,MINS,,HHZ,1,104.0,,271.8,,21.27158945858
nc73492915,NC,MDPB,,HHZ,1,102.0,,265.7,,22.9617523429
nc73492915,NC,MRC,,EHZ,1,98.0,,84.0,,27.76537317202
nc73492915,NC,MTU,2.0,EHZ,-1,93.0,,145.3,,39.830022708120005
nc73492915,NC,MCB,,HHZ,-1,136.0,,266.6,,6.7940100152600005
nc73492915,NC,MCO,,EHZ,-1,146.0,,229.6,,4.9748610160840006
nc73492915,NC,MLH,,EHZ,1,156.0,,7.4,,3.420355942216
nc73492915,NC,MMLB,,HHZ,1,113.0,,275.1,,14.08839720022
nc73493040,NC,MDR,2.0,EHZ,-1,147.0,,125.4,,2.537468225012
nc73493040,NC,MCB,,HHZ,1,138.0,,257.2,,3.3947811090980005
nc73493040,NC,MCO,,EHZ,-1,136.0,,185.1,,3.58603638285
nc73493040,NC,MCS,,EHZ,1,131.0,,275.8,,4.118660081263999
nc73493040,NC,MLH,,EHZ,-1,124.0,,52.0,,4.9570698278280005
nc73493040,NC,MDH1,1.0,DP1,1,121.0,,306.1,,5.397401737164
nc73493040,NC,MLC,,EHZ,1,114.0,,228.6,,6.57162016206
nc73493040,NC,MCV,,EHZ,-1,111.0,,158.6,,7.292163286428
nc73493260,NC,MDR,2.0,EHZ,-1,176.0,,238.3,,0.6437074300874
nc73493260,NC,MCO,,EHZ,-1,161.0,,230.2,,3.821769627242
nc73493260,NC,MLH,,EHZ,1,158.0,,17.2,,4.365512818316001
nc73493260,NC,MCV,,EHZ,-1,153.0,,179.5,,5.658709814674
nc73493260,NC,MCS,,EHZ,1,148.0,,283.0,,6.890749601402
nc73493260,NC,MLC,,EHZ,-1,143.0,,246.9,,8.210633380144001
nc73493260,NC,MMP,,EHZ,1,120.0,,258.8,,17.91350267526
nc73493260,NC,MMT,,EHZ,1,99.0,,226.4,,42.68773232174
nc73493290,NC,MDR,2.0,EHZ,-1,175.0,,187.6,,0.583217390017
nc73493290,NC,MCO,,EHZ,-1,150.0,,222.5,,3.646081643214
nc73493290,NC,MCV,,EHZ,-1,136.0,,175.0,,5.92112984145
nc73493290,NC,MLC,,EHZ,1,127.0,,244.0,,7.881496397408
nc73493290,NC,MMP,,EHZ,-1,104.0,,257.8,,17.502081446840002
nc73493410,NC,MCS,,EHZ,-1,103.0,,330.3,,13.3989886553
nc73493410,NC,MMX1,,HN3,-1,103.0,,303.1,,13.64361749382
nc73493410,NC,MLH,,EHZ,-1,102.0,,5.4,,14.310787053420002
nc73493410,NC,MDH,,HNZ,1,101.0,,334.3,,15.97871095242
nc73493410,NC,MQ1P,,EHZ,-1,99.0,,292.5,,18.25820694772
nc73493410,NC,MMP,,EHZ,-1,98.0,,290.8,,18.74746462476
nc73493410,NC,MDY,,HHZ,-1,96.0,,306.9,,20.03732577332
nc73493410,NC,MINS,,HHZ,-1,90.0,,299.6,,23.39541255664
nc73493410,NC,MDPB,,HHZ,-1,90.0,,292.7,,23.81795327772
nc73493410,NC,MDC,2.0,EHZ,-1,90.0,,313.6,,25.7416255079
nc73493410,NC,MRC,,EHZ,1,90.0,,64.1,,31.65719560302
nc73493410,NC,MMI,,EHZ,1,86.0,,260.1,,82.10633380144
nc73493410,NC,MHD,,EHZ,1,85.0,,243.2,,105.9131675865
nc73493410,NC,MPR,,EHZ,1,85.0,,285.5,,108.1926635818
nc73493410,CI,MLAC,,HHZ,-1,118.0,,356.7,,8.897818026531999
nc73493410,NC,MCB,,HHZ,-1,108.0,,330.7,,11.99793258014
nc73493410,NC,MCO,,EHZ,-1,121.0,,339.3,,8.170603206568
nc73493410,NC,MCV,,EHZ,-1,142.0,,1.2,,4.42555807868
nc73493410,NC,MDR,2.0,EHZ,-1,115.0,,357.1,,9.758466758416
nc73493410,NC,MEM,,EHZ,-1,101.0,,323.2,,16.101025371680002
nc73493410,NC,MLC,,EHZ,-1,114.0,,312.6,,10.188791124358
nc73493410,NC,MMLB,,HHZ,-1,99.0,,312.8,,17.85790521196
nc73493445,NC,MLI,,HHZ,-1,173.0,,39.9,,0.4245422297588
nc73493445,NC,MCY,,EHZ,1,163.0,,324.7,,1.2387114823240002
nc73493445,NC,MQ1P,,EHZ,-1,150.0,,180.7,,2.337317357132
nc73493445,NC,MDPB,,HHZ,1,124.0,,268.1,,5.153884847910001
nc73493445,NC,MMX1,,HN3,-1,121.0,,109.0,,5.716531176506
nc73493445,NC,MEM,,EHZ,1,109.0,,63.4,,8.010482512264002
nc73493445,NC,MCB,,HHZ,-1,100.0,,83.8,,11.022753073858
nc73493445,NC,MCV,,EHZ,1,85.0,,106.0,,17.624395866100002
nc73493445,NC,MMT,,EHZ,1,77.0,,206.1,,31.86846596356
nc73493445,NC,MDC,2.0,EHZ,1,107.0,,347.7,,8.618718760765999
nc73493445,NC,MDY,,HHZ,1,145.0,,16.1,,2.797664353256
nc73493445,NC,MINS,,HHZ,1,132.0,,302.2,,4.162026102637999
nc73493445,NC,MMLB,,HHZ,1,128.0,,52.7,,4.643500134816
nc73493445,NC,MMP,,EHZ,-1,145.0,,194.2,,2.76319392601
nc73493465,NC,MMP,,EHZ,-1,149.0,,142.2,,2.174972764296
nc73493465,NC,MQ1P,,EHZ,-1,146.0,,124.8,,2.417377704284
nc73493465,NC,MINS,,HHZ,-1,134.0,,334.7,,3.514871629826
nc73493465,NC,MDY,,HHZ,1,125.0,,37.3,,4.596798265644
nc73493465,NC,MMLB,,HHZ,1,110.0,,56.5,,6.846271630762
nc73493465,NC,MMX1,,HN3,1,108.0,,96.9,,7.476746864583999
nc73493465,NC,MDC,2.0,EHZ,-1,102.0,,1.1,,9.383739855774
nc73493465,NC,MEM,,EHZ,1,100.0,,63.6,,10.244388587658
nc73493465,NC,MDR,2.0,EHZ,1,85.0,,85.5,,18.41387984496
nc73493465,NC,MDPB,,HHZ,1,137.0,,284.2,,3.2335484655280005
nc73493545,NC,MCV,,EHZ,-1,141.0,,1.6,,4.388863752902
nc73493545,NC,MLC,,EHZ,-1,113.0,,312.5,,10.142089255186
nc73493545,NC,MCS,,EHZ,-1,102.0,,330.3,,13.35451068466
nc73493545,NC,MINS,,HHZ,1,90.0,,299.6,,23.36205407866
nc73493545,NC,MDPB,,HHZ,1,90.0,,292.6,,23.78459479974
nc73493545,NC,MTU,2.0,EHZ,-1,92.0,,132.8,,32.23540922134
nc73493545,NC,MCO,,EHZ,-1,120.0,,339.4,,8.125013286662
nc73493545,NC,MDR,2.0,EHZ,-1,114.0,,357.2,,9.719548534106
nc73493550,NC,MLH,,EHZ,1,154.0,,356.2,,3.899606075862
nc73493550,NC,MCO,,EHZ,-1,147.0,,238.7,,5.257296129648
nc73493550,NC,MCV,,EHZ,-1,143.0,,194.2,,6.124616557127999
nc73493550,NC,MCB,,HHZ,1,136.0,,270.8,,7.488978306509999
nc73493550,NC,MDH1,,DP1,-1,129.0,,295.3,,9.443785116138
nc73493550,NC,MLC,,EHZ,1,128.0,,249.0,,9.761802606214
nc73493550,NC,MEM,,EHZ,1,122.0,,282.6,,11.55315287374
nc73493550,NC,MMLB,,HHZ,1,115.0,,276.8,,14.8445227011
nc73493575,CI,MLAC,,HHZ,1,94.0,,353.8,,17.0128237698
nc73493575,NC,MCB,,HHZ,-1,84.0,,338.7,,19.8482943981
nc73493575,NC,MMX1,,HN3,-1,84.0,,320.6,,20.0706842513
nc73493575,NC,MCS,,EHZ,-1,84.0,,337.9,,21.22711148794
nc73493575,NC,MLH,,EHZ,-1,84.0,,0.0,,22.28346329064
nc73493575,NC,MQ1P,,EHZ,-1,83.0,,309.6,,23.59556342452
nc73493575,NC,MEM,,EHZ,-1,83.0,,332.3,,23.61780240984
nc73493575,NC,MMP,,EHZ,-1,82.0,,308.0,,23.89578972634
nc73493575,NC,MDH,,HNZ,1,82.0,,339.8,,23.89578972634
nc73493575,NC,MDH1,1.0,DP1,-1,82.0,,339.8,,23.89578972634
nc73493575,NC,MTU,2.0,EHZ,1,81.0,,121.9,,26.23088318494
nc73493575,NC,MINS,,HHZ,1,79.0,,312.1,,29.21090721782
nc73493575,NC,MBS1,,EP1,1,76.0,,340.1,,33.44743392128
nc73493575,NC,MMT,,EHZ,1,75.0,,250.7,,34.1924399295
nc73493575,NC,MCO,,EHZ,-1,93.0,,344.9,,16.2344592836
nc73493575,NC,MCV,,EHZ,-1,92.0,,354.3,,12.52054873516
nc73493575,NC,MLC,,EHZ,-1,85.0,,329.4,,17.3464085496
nc73493670,NC,MLH,,EHZ,1,167.0,,0.5,,2.04042690311
nc73493670,NC,MDR,2.0,EHZ,-1,161.0,,216.4,,3.06897997416
nc73493670,NC,MCO,,EHZ,-1,145.0,,222.6,,6.219132244738
nc73493670,NC,MCB,,HHZ,-1,140.0,,256.3,,7.417813553486001
nc73493670,NC,MCV,,EHZ,-1,138.0,,189.0,,7.882608346674
nc73493670,NC,MDH1,,DP1,-1,136.0,,284.8,,8.545330109210001
nc73493670,NC,MLC,,EHZ,-1,130.0,,238.8,,10.323336985544
nc73493670,NC,MEM,,EHZ,-1,128.0,,273.4,,11.014969428996
nc73493785,NC,MDR,2.0,EHZ,-1,170.0,,180.8,,1.280965554432
nc73493785,CI,MLAC,,HHZ,1,164.0,,180.9,,2.143838184848
nc73493785,NC,MLH,,EHZ,1,154.0,,29.4,,3.706126903578
nc73493785,NC,MCO,,EHZ,-1,151.0,,215.3,,4.155354407042
nc73493785,NC,MCS,,EHZ,1,140.0,,275.6,,6.214684447674
nc73493785,NC,MCV,,EHZ,1,138.0,,175.0,,6.62721762536
nc73493785,NC,MLC,,EHZ,-1,131.0,,239.4,,8.162819561706
nc73493925,NC,MMP,,EHZ,1,140.0,,329.0,,3.420355942216
nc73493925,NC,MQ1P,,EHZ,1,139.0,,341.2,,3.4548263694620003
nc73493925,NC,MDPB,,HHZ,1,109.0,,311.2,,8.275126437572
nc73493925,NC,MDY,,HHZ,1,109.0,,357.9,,8.298477372158
nc73493925,NC,MINS,,HHZ,1,107.0,,329.6,,9.07906575689
nc73493925,NC,MDC,2.0,EHZ,1,94.0,,348.3,,14.333026038739998
nc73493925,NC,MCV,,EHZ,1,94.0,,87.3,,15.87863551848
nc73493925,NC,MDR,2.0,EHZ,-1,94.0,,68.2,,16.42349065882
nc73493965,NC,MCV,,EHZ,-1,94.0,,17.4,,6.985265289012
nc73493965,NC,MCO,,EHZ,-1,89.0,,354.9,,9.91858745272
nc73493965,NC,MLC,,EHZ,1,88.0,,328.9,,10.654697866812
nc73493965,NC,MDR,2.0,EHZ,-1,89.0,,7.1,,12.07576902876
nc73493965,NC,MMP,,EHZ,1,82.0,,299.8,,17.88014419728
nc73493965,NC,MMX1,,HN3,-1,87.0,,315.8,,13.52130307456
nc73493965,NC,MEM,,EHZ,-1,83.0,,333.2,,16.94610681384
nc73493965,NC,MDPB,,HHZ,1,79.0,,299.7,,23.00623031354
nc73493965,NC,MDC,2.0,EHZ,1,77.0,,320.3,,26.00849333174
nc73493980,NC,MDR,2.0,EHZ,-1,174.0,,191.4,,0.7596837385312001
nc73493980,CI,MLAC,,HHZ,-1,167.0,,185.9,,1.615662283498
nc73493980,NC,MCO,,EHZ,-1,151.0,,221.6,,3.818433779444
nc73493980,NC,MLH,,EHZ,1,149.0,,24.2,,4.12533177686
nc73493980,NC,MCV,,EHZ,-1,138.0,,175.8,,6.081250535754
nc73493980,NC,MCS,,EHZ,-1,136.0,,280.2,,6.419283112617999
nc73493980,NC,MDH1,,DP1,-1,130.0,,300.7,,7.652434848612001
nc73493980,NC,MLC,,EHZ,1,129.0,,243.2,,8.021602004924
nc73493990,NC,MCS,,EHZ,1,129.0,,48.5,,1.322107677274
nc73493990,NC,MCB,,HHZ,-1,119.0,,99.3,,1.803581709452
nc73493990,NC,MEM,,EHZ,-1,102.0,,316.6,,2.916642924718
nc73493990,NC,MDH1,,DP1,-1,96.0,,11.2,,3.706126903578
nc73493990,NC,MLC,,EHZ,-1,96.0,,177.8,,3.876255141276
nc73493990,NC,MCO,,EHZ,-1,96.0,,123.2,,5.694292191186
nc73493990,NC,MDR,2.0,EHZ,-1,62.0,,98.0,,7.231006076798001
nc73493990,CI,MLAC,,HHZ,1,59.0,,104.7,,7.385567024772001
nc73493990,NC,MLH,,EHZ,-1,40.0,,68.6,,9.661727172274
nc73493990,NC,MCV,,EHZ,-1,40.0,,129.3,,10.010879241798
nc73494005,NC,MCV,,EHZ,-1,118.0,,177.7,,4.551208345738
nc73494005,NC,MLH,,EHZ,1,111.0,,15.1,,5.4685664901880005
nc73494005,NC,MCS,,EHZ,-1,103.0,,292.0,,7.097572164878
nc73494005,NC,MLC,,EHZ,1,101.0,,254.2,,7.71692790604
nc73494005,NC,MDH1,1.0,DP1,1,98.0,,308.4,,8.732137585898
nc73494005,NC,MEM,,EHZ,1,94.0,,292.2,,10.344464021598
nc73494005,CI,MLAC,,HHZ,1,171.0,,258.2,,0.440331909336
nc73494005,NC,MCB,,HHZ,-1,108.0,,284.5,,5.984510949612
nc73494005,NC,MCO,,EHZ,1,132.0,,244.5,,3.106786249204
nc73494005,NC,MDR,2.0,EHZ,1,164.0,,331.8,,0.8772167759474
nc73494185,CI,MLAC,,HHZ,-1,176.0,,192.3,,0.4329930441804
nc73494185,NC,MDR,2.0,EHZ,-1,176.0,,350.1,,0.4462252404458
nc73494185,NC,MCO,,EHZ,-1,157.0,,235.9,,2.977800134348
nc73494185,NC,MCV,,EHZ,-1,144.0,,173.9,,4.90925600939
nc73494185,NC,MLC,,EHZ,-1,130.0,,251.0,,7.493426103574
nc73494185,NC,MDH1,,DP1,-1,127.0,,308.1,,8.260671097113999
nc73494185,NC,MMT,,EHZ,1,91.0,,226.8,,41.82041189426
nc73494330,NC,MDR,2.0,EHZ,-1,165.0,,251.9,,2.34065320493
nc73494330,CI,MLAC,,HHZ,1,162.0,,234.6,,2.74651468702
nc73494330,NC,MLH,,EHZ,1,156.0,,354.3,,3.798418692656
nc73494330,NC,MCO,,EHZ,-1,147.0,,238.4,,5.41519292542
nc73494330,NC,MCB,,HHZ,1,138.0,,269.9,,7.605732979440001
nc73494330,NC,MCS,,EHZ,-1,134.0,,277.9,,8.471941457654
nc73494330,NC,MLC,,EHZ,1,129.0,,248.7,,9.910803807858
nc73494330,NC,MBS1,,EP1,1,113.0,,317.8,,17.5132009395
nc73494330,NC,MMP,,EHZ,1,110.0,,258.7,,19.63702403756
nc73494330,NC,MMT,,EHZ,1,94.0,,227.6,,44.18886383084
nc73494370,CI,MLAC,,HHZ,1,147.0,,291.4,,1.789126368994
nc73494370,NC,MDR,2.0,EHZ,1,138.0,,312.6,,2.2394658217240004
nc73494370,NC,MCV,,EHZ,1,118.0,,195.4,,3.951867691364
nc73494370,NC,MCO,,EHZ,1,117.0,,261.6,,4.085301603284
nc73494370,NC,MLH,,EHZ,1,104.0,,1.8,,6.02120527539
nc73494370,NC,MLC,,EHZ,1,95.0,,261.1,,8.768831911676001
nc73494370,NC,MBS1,,EP1,-1,82.0,,323.6,,18.88089853668
nc73494385,NC,MDR,2.0,EHZ,-1,169.0,,253.5,,1.522258545154
nc73494385,NC,MLH,,EHZ,1,153.0,,5.4,,4.094197197412
nc73494385,NC,MCO,,EHZ,-1,150.0,,236.5,,4.610141656835999
nc73494385,NC,MCV,,EHZ,-1,144.0,,188.5,,5.81549466118
nc73494385,NC,MCB,,HHZ,-1,139.0,,272.4,,6.846271630762
nc73494385,NC,MLC,,EHZ,-1,130.0,,248.7,,9.091297198816
nc73494385,NC,MEM,,EHZ,1,124.0,,284.3,,10.96381976276
nc73494385,NC,MMLB,,HHZ,-1,116.0,,277.8,,14.221831112140002
nc73494385,NC,MBS1,,EP1,-1,112.0,,320.3,,17.235213623
nc73494385,NC,MMP,,EHZ,1,110.0,,259.1,,18.82530107338
nc73494385,NC,MMT,,EHZ,1,94.0,,227.2,,43.4216188373
nc73494425,NC,MDR,2.0,EHZ,-1,178.0,,181.1,,0.189587349853
nc73494425,NC,MCO,,EHZ,-1,152.0,,226.1,,3.316944660478
nc73494425,NC,MCV,,EHZ,-1,137.0,,173.9,,5.541955141744
nc73494425,NC,MLC,,EHZ,-1,126.0,,246.4,,7.652434848612001
nc73494425,NC,MMP,,EHZ,-1,102.0,,259.0,,17.3464085496
nc73494490,NC,MCO,,EHZ,-1,121.0,,332.7,,17.724471300039998
nc73494490,NC,MDR,2.0,EHZ,-1,119.0,,342.1,,18.74746462476
nc73494490,NC,MLC,,EHZ,-1,118.0,,319.6,,19.6815020082
nc73494490,NC,MTU,2.0,EHZ,-1,113.0,,127.0,,22.95063285024
nc73494490,NC,MMT,,EHZ,1,101.0,,252.8,,37.9174699706
nc73494490,NC,MCD,,EHZ,1,106.0,,74.7,,29.97815221136
nc73494490,NC,MRC,,EHZ,1,105.0,,46.7,,31.89070494888
nc73494490,NC,MDPB,,HHZ,1,105.0,,302.4,,32.25764820666
nc73494630,NC,MLH,,EHZ,1,149.0,,2.6,,3.950755742098
nc73494630,NC,MCO,,EHZ,-1,143.0,,236.6,,4.85365854609
nc73494630,NC,MCV,,EHZ,-1,136.0,,190.3,,5.97672730475
nc73494630,NC,MCS,,EHZ,-1,127.0,,279.6,,7.943765556304
nc73494630,NC,MDH1,,DP1,-1,122.0,,296.8,,9.072394061294
nc73494630,NC,MLC,,EHZ,-1,121.0,,248.4,,9.330366291006
nc73494630,NC,MEM,,EHZ,1,115.0,,283.4,,11.13061215266
nc73494675,NC,MDR,2.0,EHZ,-1,165.0,,259.2,,2.295063285024
nc73494675,NC,MLH,,EHZ,1,155.0,,354.3,,4.096421095944
nc73494675,NC,MCO,,EHZ,-1,148.0,,241.3,,5.291766556894
nc73494675,NC,MCV,,EHZ,-1,145.0,,196.0,,5.984510949612
nc73494675,NC,MDH1,,DP1,-1,130.0,,296.0,,9.65727937521
nc73494675,NC,MLC,,EHZ,1,130.0,,250.4,,9.83519125777
nc73494675,NC,MMP,,EHZ,-1,111.0,,259.5,,19.60366555958
nc73494675,NC,MMT,,EHZ,1,95.0,,227.9,,44.01095194828
nc73494710,NC,MDR,2.0,EHZ,-1,166.0,,236.8,,1.636789319552
nc73494710,NC,MLH,,EHZ,1,150.0,,7.4,,3.643857744682
nc73494710,NC,MCO,,EHZ,-1,142.0,,231.3,,4.810292524716
nc73494710,NC,MCV,,EHZ,-1,134.0,,187.1,,6.261386316846
nc73494710,NC,MCB,,HHZ,1,131.0,,268.5,,6.75509179095
nc73494710,NC,MCS,,EHZ,1,127.0,,277.5,,7.603509080908
nc73494710,NC,MDH1,,DP1,-1,123.0,,295.8,,8.660972832874
nc73494710,NC,MLC,,EHZ,-1,121.0,,245.8,,9.188036784958
nc73494770,NC,MDR,2.0,EHZ,-1,168.0,,256.0,,1.474444726716
nc73494770,CI,MLAC,,HHZ,-1,164.0,,229.8,,1.891425701466
nc73494770,NC,MLH,,EHZ,1,148.0,,5.7,,4.170921696766
nc73494770,NC,MCO,,EHZ,-1,145.0,,237.1,,4.5456485994080005
nc73494770,NC,MCV,,EHZ,-1,138.0,,188.3,,5.73765821256
nc73494770,NC,MCS,,EHZ,1,128.0,,281.4,,7.749174434754001
nc73494770,NC,MLC,,EHZ,1,123.0,,249.0,,9.036811684782
nc73494770,NC,MEM,,EHZ,1,117.0,,284.7,,10.953812219366
nc73494895,NC,MCV,,EHZ,-1,111.0,,310.9,,26.14192724366
nc73494895,NC,MCO,,EHZ,-1,107.0,,311.9,,30.50076836638
nc73494895,NC,MDR,2.0,EHZ,1,107.0,,317.9,,30.27837851318
nc73494895,NC,MLC,,EHZ,1,105.0,,305.6,,33.64758478916
nc73494895,NC,MMT,,EHZ,1,98.0,,262.6,,51.30533913324
nc73494895,NC,MCD,,EHZ,1,121.0,,48.9,,18.93649599998
nc73494895,NP,1679,10.0,HNZ,1,114.0,,64.0,,23.36205407866
nc73494895,NC,MLH,,EHZ,-1,106.0,,325.6,,32.657949942420004
nc73494895,NC,MDPB,,HHZ,1,99.0,,297.7,,47.224485327020005
nc73494935,NC,MDR,2.0,EHZ,-1,159.0,,236.4,,3.727253939632
nc73494935,NC,MCV,,EHZ,-1,141.0,,198.7,,7.79476435466
nc73494935,NC,MLC,,EHZ,-1,130.0,,244.0,,11.25292657192
nc73494975,NC,MDR,2.0,EHZ,-1,165.0,,228.0,,2.0015086788
nc73494975,CI,MLAC,,HHZ,-1,161.0,,214.3,,2.664230441336
nc73494975,NC,MLH,,EHZ,1,157.0,,6.4,,3.189070494888
nc73494975,NC,MCO,,EHZ,-1,145.0,,228.3,,5.18724332589
nc73494975,NC,MCB,,HHZ,1,137.0,,264.8,,6.898533246264
nc73494975,NC,MCS,,EHZ,1,133.0,,274.1,,7.676897732464001
nc73494975,NC,MDH1,,DP1,-1,129.0,,292.7,,8.586472232052
nc73494975,NC,MLC,,EHZ,1,126.0,,243.6,,9.483815289714
nc73494975,NC,MEM,,EHZ,1,122.0,,279.6,,10.805922966988
nc73494975,NC,MINS,,HHZ,1,104.0,,271.2,,21.36054539986
nc73494975,NC,MDPB,,HHZ,1,102.0,,265.2,,23.06182777684
nc73494975,NC,MRC,,EHZ,1,99.0,,84.4,,27.65417824542
nc73494975,NC,MCV,,EHZ,-1,137.0,,187.6,,6.71617356664
nc73494975,NC,MMLB,,HHZ,1,113.0,,274.2,,14.166233648840002
nc73495075,NC,MDR,2.0,EHZ,-1,164.0,,235.0,,2.174972764296
nc73495075,NC,MLH,,EHZ,-1,157.0,,1.1,,3.2624591464440003
nc73495075,NC,MCO,,EHZ,-1,144.0,,231.2,,5.351811817258
nc73495075,NC,MCV,,EHZ,-1,137.0,,190.2,,6.670583646734
nc73495075,NC,MDH1,,DP1,-1,128.0,,292.6,,8.893370229468
nc73495075,NC,MLC,,EHZ,-1,125.0,,244.9,,9.708429041446
nc73495080,NC,MDR,2.0,EHZ,-1,164.0,,241.1,,2.0026206280660004
nc73495080,CI,MLAC,,HHZ,-1,161.0,,223.9,,2.5452518698740003
nc73495080,NC,MLH,,EHZ,1,154.0,,1.5,,3.540446462944
nc73495080,NC,MCO,,EHZ,-1,143.0,,233.4,,5.15944459424
nc73495080,NC,MCV,,EHZ,-1,137.0,,190.4,,6.392596330234
nc73495080,NC,MCS,,EHZ,-1,130.0,,276.6,,7.974900135752001
nc73495080,NC,MDH1,,DP1,-1,126.0,,294.3,,8.976766424417999
nc73495080,NC,MLC,,EHZ,1,124.0,,246.3,,9.567211484664
nc73495175,NC,MCV,,EHZ,-1,148.0,,315.1,,4.009689053196
nc73495175,NC,MCO,,EHZ,-1,124.0,,316.2,,8.397440856832
nc73495175,NC,MDR,2.0,EHZ,-1,122.0,,337.3,,8.847780309562001
nc73495175,NC,MLC,,EHZ,-1,113.0,,297.0,,11.70882577098
nc73495175,NC,MCB,,HHZ,-1,108.0,,315.3,,12.5094292425
nc73495175,NC,MMT,,EHZ,1,91.0,,238.3,,39.79666423014
nc73495175,NP,1576,10.0,HNZ,-1,148.0,,81.8,,3.9474198943
nc73495175,NC,MMX1,,HN3,1,106.0,,292.2,,15.511692260700002
nc73495175,NC,MEM,,EHZ,1,104.0,,312.0,,16.91274833586
nc73495175,NC,MINS,,HHZ,-1,95.0,,293.2,,25.33020427948
nc73495265,NC,MDPB,,HHZ,-1,144.0,,265.7,,2.067113685494
nc73495265,NC,MCY,,EHZ,-1,137.0,,66.5,,2.584170094184
nc73495265,NC,MQ1P,,EHZ,1,121.0,,127.2,,3.84178471403
nc73495265,NC,MDY,,HHZ,1,115.0,,54.9,,4.722448532702
nc73495265,NC,MMLB,,HHZ,-1,100.0,,67.3,,7.353320496057999
nc73495265,NC,MDC,2.0,EHZ,1,97.0,,8.4,,8.530874768752
nc73495265,NC,MMX1,,HN3,1,97.0,,102.2,,8.693219361588
nc73495265,NC,MEM,,EHZ,1,93.0,,70.6,,10.86930407515
nc73495265,NC,MLC,,EHZ,1,90.0,,100.9,,12.65398264708
nc73495265,NC,MCS,,EHZ,1,89.0,,79.8,,13.46570561126
nc73495265,NC,MCB,,HHZ,1,89.0,,85.1,,14.09951669288
nc73495265,NC,MCO,,EHZ,1,84.0,,95.4,,17.1240186964
nc73495265,NC,MCV,,EHZ,1,82.0,,103.6,,20.61553939164
nc73495265,NC,MINS,,HHZ,-1,140.0,,349.0,,2.27393624897
nc73495265,NC,MMP,,EHZ,1,124.0,,137.9,,3.5893722306480003
nc73495315,NC,MDR,2.0,EHZ,-1,164.0,,247.1,,1.919224433116
nc73495315,NC,MLH,,EHZ,1,151.0,,1.2,,3.761724366878
nc73495315,NC,MCO,,EHZ,-1,143.0,,235.5,,5.04268992131
nc73495315,NC,MCV,,EHZ,-1,136.0,,190.9,,6.17687817263
nc73495315,NC,MCB,,HHZ,1,132.0,,269.8,,7.14983378038
nc73495315,NC,MCS,,EHZ,1,128.0,,278.2,,8.017154207859999
nc73495315,NC,MLC,,EHZ,-1,122.0,,247.6,,9.494934782374
nc73495365,NC,MQ1P,,EHZ,1,112.0,,143.1,,3.181286850026
nc73495365,NC,MDPB,,HHZ,1,111.0,,263.3,,3.231324566996
nc73495365,NC,MDY,,HHZ,1,107.0,,47.5,,3.684999867524001
nc73495365,NC,MMLB,,HHZ,-1,125.0,,65.1,,6.213572498408
nc73495365,NC,MMX1,,HN3,1,43.0,,105.7,,7.632419761824001
nc73495365,NC,MDC,2.0,EHZ,1,42.0,,0.7,,8.217305075739999
nc73495365,NC,MEM,,EHZ,1,41.0,,69.6,,9.713988787776
nc73495365,NC,MLC,,EHZ,1,42.0,,103.1,,11.57539185906
nc73495365,NC,MGPB,,EHZ,1,42.0,,94.9,,12.42047330122
nc73495365,NC,MCB,,HHZ,1,42.0,,85.6,,12.94308945624
nc73495365,NC,MINS,,HHZ,-1,116.0,,321.9,,2.5574833118
nc73495365,NC,MMP,,EHZ,1,112.0,,156.4,,3.145704473514
nc73495430,NC,MCO,,EHZ,1,159.0,,271.4,,1.5411616826760002
nc73495430,NC,MDR,2.0,EHZ,-1,149.0,,21.6,,2.303958879152
nc73495430,NC,MCV,,EHZ,1,137.0,,155.6,,3.492632644506
nc73495430,NC,MGPB,,EHZ,-1,123.0,,279.3,,5.132757811856
nc73495430,NC,MLC,,EHZ,1,117.0,,263.3,,6.20467690428
nc73495430,NC,MLH,,EHZ,1,112.0,,22.0,,7.173184714966
nc73495445,NC,MDR,2.0,EHZ,-1,165.0,,172.9,,1.75687984028
nc73495445,NC,MLH,,EHZ,1,152.0,,36.6,,3.4470427246
nc73495445,NC,MCO,,EHZ,-1,146.0,,209.4,,4.4199983323500005
nc73495445,NC,MCB,,HHZ,1,140.0,,258.7,,5.26507977451
nc73495445,NC,MCS,,EHZ,1,136.0,,271.3,,5.9522644208980005
nc73495445,NC,MDH1,,DP1,-1,132.0,,295.1,,6.86072697122
nc73495445,NC,MCV,,EHZ,-1,131.0,,173.4,,7.110915556070001
nc73495445,NC,MLC,,EHZ,-1,126.0,,235.7,,8.21174532941
nc73495445,NC,MMP,,EHZ,1,104.0,,253.8,,17.502081446840002
nc73495455,NC,MDR,2.0,EHZ,-1,165.0,,251.0,,1.839164085964
nc73495455,NC,MLH,,EHZ,1,149.0,,1.5,,3.910725568522
nc73495455,NC,MCO,,EHZ,-1,142.0,,236.7,,4.935942791774
nc73495455,NC,MCV,,EHZ,-1,136.0,,190.9,,6.02676502172
nc73495455,NC,MDH1,,DP1,-1,122.0,,296.4,,9.121319828998
nc73495455,NC,MLC,,EHZ,-1,121.0,,248.3,,9.411538587424
nc73495490,NC,MEM,,EHZ,-1,122.0,,304.5,,5.551962685138
nc73495490,NC,MMX1,,HN3,1,115.0,,250.0,,6.752867892418
nc73495490,NC,MCV,,EHZ,-1,112.0,,135.8,,7.420037452018
nc73495490,NC,MMLB,,HHZ,1,108.0,,286.4,,8.390769161236
nc73495490,NC,MDY,,HHZ,1,100.0,,281.6,,11.19732910862
nc73495490,NC,MQ1P,,EHZ,1,93.0,,256.7,,12.10912750674
nc73495490,NC,MINS,,HHZ,1,94.0,,276.7,,15.37825834878
nc73495490,NC,MDC,2.0,EHZ,1,94.0,,300.6,,15.75632109922
nc73495490,NC,MMT,,EHZ,1,74.0,,221.6,,38.8626268467
nc73495490,CI,MLAC,,HHZ,1,128.0,,100.5,,4.649059881146
nc73495490,NC,MCB,,HHZ,1,165.0,,312.6,,1.0778124235338
nc73495490,NC,MCO,,EHZ,1,143.0,,133.7,,3.033397597648
nc73495490,NC,MCS,,EHZ,-1,149.0,,320.2,,2.466303471988
nc73495490,NC,MDPB,,HHZ,1,94.0,,268.0,,16.91274833586
nc73495490,NC,MDR,2.0,EHZ,1,129.0,,89.8,,4.58679072225
nc73495490,NC,MLC,,EHZ,-1,135.0,,220.2,,3.745045127888
nc73495490,NC,MLH,,EHZ,1,110.0,,54.8,,7.860369361354
nc73495490,NC,MMP,,EHZ,1,93.0,,255.9,,12.82077503698
nc73495495,NC,MCB,,HHZ,1,165.0,,317.3,,1.169770627832
nc73495495,NC,MCS,,EHZ,-1,148.0,,322.1,,2.566378905928
nc73495495,NC,MCO,,EHZ,1,145.0,,131.9,,2.945553605634
nc73495495,NC,MDR,2.0,EHZ,1,130.0,,88.2,,4.589014620782001
nc73495495,CI,MLAC,,HHZ,1,130.0,,99.0,,4.627932845091999
nc73495495,NC,MDH,,HNZ,-1,126.0,,338.9,,5.128310014792
nc73495495,NC,MMX1,,HN3,1,116.0,,251.1,,6.71061382031
nc73495495,NC,MCV,,EHZ,1,114.0,,135.1,,7.32774566294
nc73495495,NC,MMP,,EHZ,1,94.0,,256.5,,12.787416559
nc73495495,NC,MDC,2.0,EHZ,-1,94.0,,301.0,,15.82303805518
nc73495495,NC,MMT,,EHZ,1,74.0,,221.7,,38.76255141276
nc73495495,NC,MDPB,,HHZ,1,94.0,,268.4,,16.91274833586
nc73495495,NC,MINS,,HHZ,1,94.0,,277.2,,15.400497334100002
nc73495495,NC,MLC,,EHZ,-1,137.0,,221.5,,3.64719359248
nc73495495,NC,MLH,,EHZ,1,111.0,,54.0,,7.934869962176001
nc73495495,NC,MQ1P,,EHZ,1,94.0,,257.3,,12.07576902876
nc73495505,NC,MCB,,HHZ,1,160.0,,293.1,,1.294308945624
nc73495505,NC,MCO,,EHZ,1,138.0,,142.2,,2.9310982651760003
nc73495505,NC,MLC,,EHZ,-1,125.0,,222.4,,4.174257544564
nc73495505,NC,MDR,2.0,EHZ,1,125.0,,92.8,,4.194272631352
nc73495505,CI,MLAC,,HHZ,1,124.0,,104.4,,4.30880340575
nc73495505,NC,MDH1,1.0,DP1,-1,118.0,,333.2,,4.969301269754
nc73495505,NC,MCV,,EHZ,1,106.0,,139.2,,7.313290322482
nc73495505,NC,MLH,,EHZ,1,106.0,,54.4,,7.407806010092
nc73495580,NC,MDR,2.0,EHZ,-1,169.0,,232.2,,1.641237116616
nc73495580,NC,MLH,,EHZ,1,156.0,,8.8,,3.544894260008
nc73495580,NC,MCO,,EHZ,-1,149.0,,229.8,,4.824747865174
nc73495580,NC,MCV,,EHZ,-1,141.0,,186.3,,6.362573700052
nc73495580,NC,MCS,,EHZ,1,136.0,,276.7,,7.516777038159999
nc73495580,NC,MDH1,,DP1,-1,132.0,,295.3,,8.546442058476
nc73495580,NC,MLC,,EHZ,1,130.0,,244.9,,9.166909748904
nc73495580,NC,MEM,,EHZ,1,125.0,,281.5,,10.678048801398
nc73495580,NC,MMLB,,HHZ,1,116.0,,275.6,,13.99944125894
nc73495580,NC,MQ1P,,EHZ,1,111.0,,257.9,,18.0691755725
nc73495580,NC,MMP,,EHZ,1,110.0,,257.3,,18.78082310274
nc73495580,NC,MINS,,HHZ,1,107.0,,272.1,,21.17151402464
nc73495580,NC,MDPB,,HHZ,1,104.0,,266.0,,22.8505574163
nc73495580,NC,MRC,,EHZ,1,101.0,,83.8,,27.87656809862
nc73495580,CI,MLAC,,HHZ,-1,164.0,,215.0,,2.281719893832
nc73495585,NC,MDR,2.0,EHZ,-1,176.0,,220.1,,0.7573486450726
nc73495585,CI,MLAC,,HHZ,-1,172.0,,199.2,,1.5267063422179998
nc73495585,NC,MCO,,EHZ,-1,161.0,,226.9,,3.93630040164
nc73495585,NC,MLH,,EHZ,1,161.0,,19.0,,4.155354407042
nc73495585,NC,MCV,,EHZ,-1,153.0,,179.0,,5.900002805396
nc73495585,NC,MCB,,HHZ,-1,153.0,,271.4,,5.8710921244800005
nc73495585,NC,MCS,,EHZ,1,150.0,,281.1,,6.7828905226
nc73495585,NC,MDH1,,DP1,-1,145.0,,300.5,,8.029385649786
nc73495585,NC,MLC,,EHZ,-1,145.0,,245.2,,8.253999401518001
nc73495585,NC,MMP,,EHZ,-1,122.0,,258.0,,17.9023831826
nc73495610,NC,MDPB,,HHZ,1,135.0,,265.6,,2.288391589428
nc73495610,NC,MLI,,HHZ,1,125.0,,84.1,,3.1590478647060003
nc73495610,NC,MDY,,HHZ,1,110.0,,53.5,,4.532305208216
nc73495610,NC,MMLB,,HHZ,1,97.0,,66.8,,7.1431620847840005
nc73495610,NC,MMX1,,HN3,-1,94.0,,102.7,,8.481949001048001
nc73495610,NC,MDC,2.0,EHZ,1,94.0,,6.9,,8.483060950314
nc73495610,NC,MLC,,EHZ,1,89.0,,101.2,,12.44271228654
nc73495610,NC,MINS,,HHZ,-1,135.0,,343.6,,2.3084066762160003
nc73495610,NC,MMP,,EHZ,1,120.0,,140.8,,3.459274166526
nc73495610,NC,MQ1P,,EHZ,1,117.0,,129.5,,3.679440121194
nc73495835,NC,MCB,,HHZ,1,168.0,,280.2,,0.8817757679379999
nc73495835,NC,MGPB,,EHZ,1,151.0,,216.6,,2.3439890527280003
nc73495835,NC,MCO,,EHZ,1,140.0,,141.6,,3.407012551024
nc73495835,NC,MLC,,EHZ,-1,133.0,,216.0,,4.24208644979
nc73495835,NC,MDH1,1.0,DP1,-1,131.0,,334.8,,4.511178172162
nc73495835,NC,MDR,2.0,EHZ,1,131.0,,97.1,,4.546760548674
nc73495835,CI,MLAC,,HHZ,-1,129.0,,107.6,,4.716888786372
nc73495835,NC,MCV,,EHZ,1,112.0,,139.1,,7.791428506861999
nc73495835,NC,MMLB,,HHZ,1,109.0,,282.5,,8.319604408212
nc73495915,NC,MDR,2.0,EHZ,-1,166.0,,243.5,,2.172748865764
nc73495915,CI,MLAC,,HHZ,-1,163.0,,226.9,,2.682021629592
nc73495915,NC,MLH,,EHZ,1,157.0,,358.4,,3.540446462944
nc73495915,NC,MCO,,EHZ,-1,148.0,,234.6,,5.314005542214
nc73495915,NC,MCV,,EHZ,-1,142.0,,192.1,,6.430402605278
nc73495915,NC,MCB,,HHZ,1,139.0,,268.0,,7.329969561472001
nc73495915,NC,MCS,,EHZ,1,135.0,,276.5,,8.163931510972
nc73495915,NC,MDH1,,DP1,-1,131.0,,293.8,,9.15134245918
nc73495915,NC,MLC,,EHZ,-1,129.0,,246.8,,9.742899468692
nc73495915,NC,MEM,,EHZ,1,124.0,,281.0,,11.31964352788
nc73495915,NC,MMLB,,HHZ,1,116.0,,275.5,,14.64437183322
nc73495915,NC,MDY,,HHZ,1,113.0,,274.2,,17.54655941748
nc73495915,NC,MMP,,EHZ,1,111.0,,257.8,,19.4035146917
nc73495915,NC,MDC,2.0,EHZ,1,108.0,,289.3,,21.30494793656
nc73495915,NC,MINS,,HHZ,1,107.0,,272.2,,21.82756409158
nc73495915,NC,MDPB,,HHZ,1,105.0,,266.2,,23.49548799058
nc73496080,NC,MDR,2.0,EHZ,-1,168.0,,263.0,,1.248719025718
nc73496080,NC,MCO,,EHZ,-1,144.0,,238.0,,4.27544492777
nc73496080,NC,MLH,,EHZ,1,144.0,,7.9,,4.395535448498
nc73496080,NC,MCV,,EHZ,-1,136.0,,186.7,,5.510820562296
nc73496080,NC,MCS,,EHZ,-1,126.0,,283.2,,7.605732979440001
nc73496080,NC,MLC,,EHZ,-1,121.0,,249.8,,8.786623099932001
nc73496080,NC,MEM,,EHZ,-1,114.0,,286.0,,10.822602205978
nc73496080,NC,MBS1,,EP1,-1,102.0,,321.5,,17.31305007162
nc73496120,NC,MDR,2.0,EHZ,-1,131.0,,16.8,,6.798457812324
nc73496120,NC,MMX1,,HN3,-1,119.0,,295.2,,9.904132112262
nc73496120,NC,MLH,,EHZ,1,113.0,,19.0,,11.65322830768
nc73496120,NC,MQ1P,,EHZ,1,106.0,,284.6,,14.87788117908
nc73496120,NC,MDPB,,HHZ,1,100.0,,286.9,,20.393149538440003
nc73496120,NC,MDC,2.0,EHZ,-1,98.0,,311.9,,21.72748865764
nc73496120,NC,MMT,,EHZ,1,92.0,,231.5,,36.3051435349
nc73496120,NC,MMI,,EHZ,1,87.0,,257.5,,80.30497599051999
nc73496120,NC,MPR,,EHZ,-1,85.0,,284.2,,104.97913020306
nc73496120,NC,MHD,,EHZ,-1,85.0,,241.0,,105.23487853424
nc73496120,NC,MCB,,HHZ,-1,126.0,,334.8,,7.988243526944
nc73496120,NC,MCO,,EHZ,-1,145.0,,354.5,,4.422222230882
nc73496120,NC,MCV,,EHZ,-1,156.0,,65.1,,2.8276869834380003
nc73496120,NC,MLC,,EHZ,-1,134.0,,305.9,,6.220244194004
nc73496130,CI,MLAC,,HHZ,1,141.0,,23.5,,5.432984113676
nc73496130,NC,MDR,2.0,EHZ,-1,137.0,,20.5,,6.23803538226
nc73496130,NC,MCB,,HHZ,-1,132.0,,334.1,,7.292163286428
nc73496130,NC,MCS,,EHZ,-1,126.0,,332.8,,8.685435716726
nc73496130,NC,MMX1,,HN3,1,123.0,,292.1,,9.436001471276
nc73496130,NC,MLH,,EHZ,1,117.0,,21.2,,11.106149268808
nc73496130,NC,MQ1P,,EHZ,1,109.0,,282.2,,14.5109379213
nc73496130,NC,MMT,,EHZ,1,92.0,,230.5,,36.54977237342
nc73496130,NC,MMI,,EHZ,1,87.0,,257.0,,80.23825903456
nc73496130,NC,MCO,,EHZ,-1,151.0,,356.9,,3.74170928009
nc73496130,NC,MCV,,EHZ,-1,158.0,,79.4,,2.8354706283
nc73496130,NC,MDPB,,HHZ,1,103.0,,285.2,,20.00396729534
nc73496130,NC,MLC,,EHZ,-1,140.0,,301.8,,5.6653815102700005
nc73496160,NC,MDR,2.0,EHZ,-1,165.0,,244.8,,1.888089853668
nc73496160,NC,MLH,,EHZ,1,151.0,,2.1,,3.70835080211
nc73496160,NC,MCO,,EHZ,-1,143.0,,234.6,,5.02601068232
nc73496160,NC,MCV,,EHZ,-1,136.0,,190.3,,6.22135614327
nc73496160,NC,MCB,,HHZ,1,132.0,,269.3,,7.090900469282
nc73496160,NC,MGPB,,EHZ,1,128.0,,254.4,,7.914854875387999
nc73496160,NC,MCS,,EHZ,1,128.0,,277.8,,7.951549201166
nc73496160,NC,MLC,,EHZ,-1,122.0,,247.1,,9.461576304394
nc73496230,NC,MCV,,EHZ,-1,131.0,,352.7,,6.401491924362
nc73496230,NC,MCO,,EHZ,-1,114.0,,338.4,,10.294426304628
nc73496230,NC,MDR,2.0,EHZ,-1,110.0,,353.1,,11.75330374162
nc73496230,NC,MLC,,EHZ,1,105.0,,316.4,,12.18696395536
nc73496230,NC,MLH,,EHZ,1,102.0,,1.5,,16.1788618203
nc73496230,NC,MMP,,EHZ,-1,97.0,,295.0,,20.32643258248
nc73496230,NC,MMT,,EHZ,1,91.0,,241.3,,36.28290454958
nc73496295,NC,MCV,,EHZ,-1,107.0,,351.8,,11.76442323428
nc73496295,NC,MCO,,EHZ,-1,100.0,,342.6,,15.57840921666
nc73496295,NC,MLC,,EHZ,-1,99.0,,326.7,,16.89050935054
nc73496295,NC,MDR,2.0,EHZ,-1,98.0,,352.4,,17.11289920374
nc73496295,NC,MMP,,EHZ,-1,91.0,,305.8,,23.76235581442
nc73496295,NC,MTU,2.0,EHZ,-1,93.0,,123.9,,26.2976001409
nc73496295,NC,MFB,,EHZ,1,83.0,,100.3,,34.28139587078
nc73496295,NC,MMT,,EHZ,1,82.0,,249.7,,34.892967967080004
nc73496335,NC,MMX1,,HN3,-1,172.0,,187.8,,1.0327784782608
nc73496335,NC,MLC,,EHZ,1,150.0,,112.7,,4.101980842274
nc73496335,NC,MEM,,EHZ,1,147.0,,20.1,,4.696873699584
nc73496335,NC,MQ1P,,EHZ,-1,140.0,,254.9,,5.774352538337999
nc73496335,NC,MMP,,EHZ,-1,137.0,,253.4,,6.496007611972
nc73496335,NC,MDH1,,DP1,-1,133.0,,36.2,,7.356656343856
nc73496335,NC,MINS,,HHZ,1,124.0,,288.7,,9.56832343393
nc73496335,NC,MDPB,,HHZ,-1,120.0,,273.6,,10.71919092424
nc73496335,NC,MDC,2.0,EHZ,-1,117.0,,321.5,,11.8422596829
nc73496335,NC,MCV,,EHZ,1,113.0,,109.5,,12.08688852142
nc73496335,NC,MLH,,EHZ,1,111.0,,65.2,,13.899365825
nc73496335,NC,MBS1,,EP1,1,110.0,,4.6,,15.00019559834
nc73496335,NC,MMT,,EHZ,1,94.0,,215.1,,33.992289061620006
nc73496335,NC,MCB,,HHZ,1,140.0,,69.6,,5.773240589072
nc73496335,NC,MCO,,EHZ,1,128.0,,95.5,,8.446366624536001
nc73496335,NC,MCS,,EHZ,1,141.0,,55.5,,5.606448199172
nc73496435,NC,MMX1,,HN3,-1,144.0,,357.5,,3.864023699350001
nc73496435,NC,MLC,,EHZ,-1,136.0,,48.5,,5.004883646266
nc73496435,NC,MQ1P,,EHZ,-1,127.0,,301.2,,6.546045328942
nc73496435,NC,MMP,,EHZ,-1,125.0,,296.0,,6.957466557362
nc73496435,NC,MCV,,EHZ,1,109.0,,85.6,,11.3974799765
nc73496435,NC,MDR,2.0,EHZ,-1,103.0,,60.0,,12.40935380856
nc73496435,NC,MLH,,EHZ,-1,99.0,,49.6,,16.523566092760003
nc73496435,NC,MBS1,,EP1,-1,96.0,,3.4,,19.87053338342
nc73496435,NC,MEM,,EHZ,-1,115.0,,9.7,,9.428217826414
nc73496460,NC,MCV,,EHZ,1,101.0,,30.0,,10.273299268574
nc73496460,NC,MLC,,EHZ,-1,97.0,,347.8,,11.59763084438
nc73496460,NC,MCO,,EHZ,-1,91.0,,10.1,,12.2870393893
nc73496460,CI,MLAC,,HHZ,-1,92.0,,18.7,,14.09951669288
nc73496460,NC,MMP,,EHZ,-1,93.0,,311.7,,16.679238989999998
nc73496460,NC,MMT,,EHZ,1,78.0,,240.1,,29.82247931412
nc73496585,CI,MLAC,,HHZ,-1,164.0,,224.4,,2.22945827833
nc73496585,NC,MCB,,HHZ,-1,138.0,,269.9,,6.928555876446
nc73496585,NC,MCS,,EHZ,1,134.0,,278.5,,7.801436050256
nc73496585,NC,MDH,,HNZ,-1,130.0,,296.2,,8.892258280202
nc73496585,NC,MDH1,,DP1,-1,130.0,,296.2,,8.892258280202
nc73496585,NC,MEM,,EHZ,1,123.0,,282.7,,10.98049900175
nc73496585,NC,MMX1,,HN3,1,116.0,,256.3,,12.85413351496
nc73496585,NC,MMLB,,HHZ,1,114.0,,276.6,,14.277428575439998
nc73496585,NC,MDY,,HHZ,-1,111.0,,275.1,,17.168496667040003
nc73496585,NC,MQ1P,,EHZ,1,110.0,,258.9,,18.25820694772
nc73496585,NC,MDC,2.0,EHZ,-1,106.0,,290.3,,21.00472163474
nc73496585,NC,MINS,,HHZ,1,105.0,,272.8,,21.43838184848
nc73496585,NC,MRC,,EHZ,1,100.0,,83.1,,27.65417824542
nc73496585,NC,MCD,,EHZ,1,96.0,,107.9,,34.8040120258
nc73496585,NC,MTU,2.0,EHZ,1,95.0,,145.1,,39.42972097236
nc73496585,NC,MMT,,EHZ,-1,93.0,,227.0,,43.68848666114
nc73496585,NC,MMI,,EHZ,1,89.0,,253.2,,85.53113754072
nc73496585,NC,MHD,,EHZ,1,86.0,,238.7,,111.8620961596
nc73496585,NC,MCO,,EHZ,-1,148.0,,234.2,,4.851434647558
nc73496585,NC,MCV,,EHZ,-1,142.0,,188.9,,6.121280709330001
nc73496585,NC,MDPB,,HHZ,1,103.0,,266.7,,23.084066762160003
nc73496585,NC,MDR,2.0,EHZ,-1,168.0,,244.8,,1.710177971108
nc73496585,NC,MLC,,EHZ,-1,129.0,,247.2,,9.283664421834
nc73496585,NC,MLH,,EHZ,1,154.0,,4.5,,3.79174699706
nc73496585,NC,MMP,,EHZ,1,109.0,,258.3,,18.96985447796
nc73496970,NC,MCS,,EHZ,-1,135.0,,277.8,,7.86148131062
nc73496970,NC,MLC,,EHZ,-1,129.0,,246.8,,9.387075703572
nc73496970,NC,MDH1,,DP1,-1,131.0,,295.5,,8.918945062586001
nc73496970,NC,MDC,2.0,EHZ,1,107.0,,290.0,,21.04919960538
nc73496970,NC,MINS,,HHZ,1,106.0,,272.6,,21.50509880444
nc73496970,NC,MDPB,,HHZ,1,104.0,,266.5,,23.16190321078
nc73496970,NC,MRC,,EHZ,1,101.0,,83.3,,27.5763417968
nc73496970,NC,MDR,2.0,EHZ,-1,167.0,,243.1,,1.816925100644
nc73496970,NC,MLH,,EHZ,1,156.0,,3.5,,3.693895461652
nc73496970,NC,MCO,,EHZ,-1,149.0,,233.8,,4.964853472690001
nc73496970,NC,MCV,,EHZ,-1,142.0,,189.4,,6.223580041802
nc73496970,NC,MCB,,HHZ,-1,139.0,,269.2,,7.003056477267999
nc73496970,NC,MEM,,EHZ,-1,124.0,,282.1,,11.032760617252
nc73496970,NC,MMX1,,HN3,1,117.0,,256.0,,12.94308945624
nc73497100,NC,MCS,,EHZ,-1,159.0,,344.2,,1.909216889722
nc73497100,NC,MDH,,HNZ,1,134.0,,350.3,,4.665739120136
nc73497100,NC,MDH1,1.0,DP1,-1,134.0,,350.3,,4.665739120136
nc73497100,NC,MDR,2.0,EHZ,1,127.0,,90.4,,5.645366423482001
nc73497100,CI,MLAC,,HHZ,1,127.0,,99.1,,5.703187785314
nc73497100,NC,MMX1,,HN3,-1,127.0,,245.9,,5.7910317773280005
nc73497100,NC,MMLB,,HHZ,1,118.0,,288.3,,7.363328039452
nc73497100,NC,MCV,,EHZ,-1,114.0,,130.7,,8.231760416198
nc73497100,NC,MLH,,EHZ,1,112.0,,59.1,,8.718794194706
nc73497100,NC,MMP,,EHZ,1,103.0,,254.4,,11.80890120492
nc73497100,NC,MDPB,,HHZ,1,97.0,,267.6,,15.856396533160002
nc73497100,NC,MCB,,HHZ,-1,171.0,,21.4,,0.7229894127532001
nc73497100,NC,MCO,,EHZ,-1,140.0,,123.5,,3.899606075862
nc73497100,NC,MEM,,EHZ,-1,134.0,,311.2,,4.677970562062001
nc73497100,NC,MLC,,EHZ,-1,146.0,,205.0,,3.214645328006
nc73497145,NC,MTU,2.0,EHZ,-1,146.0,,177.4,,6.59385914738
nc73497145,NC,MRC,,EHZ,-1,103.0,,10.2,,29.466655549
nc73497145,NC,MCV,,EHZ,-1,103.0,,310.5,,30.44517090308
nc73497145,NC,MDR,2.0,EHZ,-1,101.0,,316.6,,34.53714420196
nc73497145,NC,MLH,,EHZ,-1,99.0,,323.6,,36.794401211940006
nc73497145,NC,MLC,,EHZ,1,99.0,,305.9,,37.96194794124
nc73497145,NC,MMX1,,HN3,1,98.0,,303.4,,41.52018559244
nc73497145,NC,MBS1,,EP1,1,95.0,,319.4,,51.094068772700005
nc73497145,NC,MDPB,,HHZ,1,95.0,,298.5,,51.47213152314
nc73497145,NC,MMT,,EHZ,1,94.0,,265.9,,54.4299165707
nc73497145,BK,HELL,0.0,HHZ,-1,89.0,,206.6,,90.85737452486
nc73497145,NC,MMI,,EHZ,1,87.0,,270.8,,104.22300470218
nc73497145,NC,MHD,,EHZ,1,86.0,,254.8,,122.31441926
nc73497145,NC,MPR,,EHZ,1,85.0,,289.3,,134.9906408924
nc73497145,BK,LEGD,0.0,HHZ,1,85.0,,261.5,,141.9959212682
nc73497145,BK,TOLH,0.0,HHZ,1,88.0,,236.7,,93.14799001282
nc73497145,NC,MCO,,EHZ,-1,101.0,,311.4,,34.8040120258
nc73497145,NC,MFB,,EHZ,1,124.0,,81.2,,12.33151735994
nc73497290,NC,MDR,2.0,EHZ,-1,166.0,,248.5,,2.042650801642
nc73497290,CI,MLAC,,HHZ,-1,164.0,,229.9,,2.5018858485
nc73497290,NC,MLH,,EHZ,1,156.0,,359.2,,3.761724366878
nc73497290,NC,MCV,,EHZ,1,143.0,,192.1,,6.203564955014
nc73497300,NC,MCV,,EHZ,-1,109.0,,6.5,,13.16547930944
nc73497300,NC,MCO,,EHZ,-1,106.0,,354.8,,16.36789319552
nc73497300,NC,MLC,,EHZ,-1,105.0,,338.6,,16.70147797532
nc73497300,CI,MLAC,,HHZ,-1,105.0,,2.9,,17.55767891014
nc73497300,NC,MDR,2.0,EHZ,-1,104.0,,2.8,,18.42499933762
nc73497300,NC,MMX1,,EP1,-1,103.0,,328.1,,18.96985447796
nc73497300,NC,MCB,,HHZ,-1,102.0,,346.8,,19.63702403756
nc73497300,NC,MCS,,EHZ,-1,100.0,,345.5,,20.9602436641
nc73497300,NC,MMP,,EHZ,-1,98.0,,313.6,,22.22786582734
nc73497300,NC,MEM,,EHZ,-1,98.0,,339.1,,23.06182777684
nc73497300,NC,MLH,,EHZ,-1,98.0,,6.8,,23.0729472695
nc73497300,NC,MDH,,HNZ,-1,97.0,,346.5,,23.70675835112
nc73497300,NC,MDH1,,DP1,1,97.0,,346.5,,23.70675835112
nc73497300,NC,MLI,,HHZ,-1,97.0,,320.4,,23.76235581442
nc73497300,NC,MMLB,,HHZ,-1,97.0,,330.6,,23.8513117557
nc73497300,NC,MCY,,EHZ,-1,97.0,,319.7,,24.91878305106
nc73497300,NC,MDY,,HHZ,-1,96.0,,324.7,,25.319084786820003
nc73497300,NC,MDPB,,HHZ,-1,95.0,,310.9,,27.22051803168
nc73497300,NC,MINS,,HHZ,-1,95.0,,316.9,,27.69865621606
nc73497300,NC,MTU,2.0,EHZ,1,95.0,,117.8,,28.2991088197
nc73497300,NC,MLM,,EHZ,-1,94.0,,342.7,,29.76688185082
nc73497300,NC,MMT,,EHZ,1,93.0,,250.2,,31.40144727184
nc73497300,NC,MDC,2.0,EHZ,-1,93.0,,326.9,,31.534881183760003
nc73497300,NC,MBS1,,EP1,1,93.0,,344.9,,33.22504406808
nc73497300,NC,MFB,,EHZ,1,92.0,,97.2,,37.21694193302
nc73497300,NC,MRC,,EHZ,1,92.0,,53.0,,37.38373432292
nc73497300,NP,1587,10.0,HNZ,1,89.0,,76.8,,55.25275902754
nc73497300,BK,OVRO,0.0,HHZ,1,89.0,,118.2,,56.63157611738
nc73497300,CI,TIN,,HHZ,-1,88.0,,130.3,,71.67624968636
nc73497300,BK,TOLH,0.0,HHZ,1,87.0,,222.4,,78.48137919428
nc73497300,NC,MMI,,EHZ,1,87.0,,266.1,,79.67116490890001
nc73497300,BK,HELL,0.0,HHZ,-1,86.0,,190.2,,89.30064555246001
nc73497300,WR,FRI,,EHZ,-1,86.0,,235.3,,93.2369459541
nc73497300,NC,MHD,,EHZ,1,85.0,,247.3,,101.0205908161
nc73497300,NC,MPR,,EHZ,1,85.0,,290.1,,109.50476371568
nc73497300,NN,SJC,,EHZ,-1,85.0,,332.1,,110.48327906976
nc73497300,BK,KARE,0.0,HHZ,-1,85.0,,211.2,,113.418825132
nc73497300,BK,BUCR,0.0,HHZ,-1,85.0,,281.4,,117.310647563
nc73497300,NC,MGS,1.0,EHZ,1,85.0,,234.7,,117.310647563
nc73497300,BK,LEGD,0.0,HHZ,1,84.0,,256.4,,118.978571462
nc73497300,GS,MCA04,0.0,HHZ,1,84.0,,55.7,,120.646495361
nc73497300,BK,LIND,0.0,HHZ,-1,84.0,,188.6,,125.650267058
nc73497300,BK,WINE,0.0,HHZ,1,84.0,,226.9,,129.76447934220002
nc73497300,CI,CWC,,HHZ,-1,84.0,,149.1,,133.3227169934
nc73497300,CI,SPG2,,HHZ,-1,83.0,,177.1,,141.32875170859998
nc73497300,BK,MERC,0.0,HHZ,1,83.0,,266.8,,143.1078705342
nc73497300,BK,WSRE,0.0,HHZ,-1,82.0,,222.2,,169.572263065
nc73497300,CI,WAS2,,HHZ,1,80.0,,172.3,,194.2575367702
nc73497300,CI,ISA,,HHZ,-1,80.0,,170.5,,203.486715678
nc73497300,NC,HSL,2.0,EHZ,-1,77.0,,256.4,,205.0434446504
nc73497300,CI,SRT,,HHZ,1,49.0,,153.4,,220.4995394478
nc73497335,NC,MDR,2.0,EHZ,-1,160.0,,261.7,,2.219450734936
nc73497335,CI,MLAC,,HHZ,-1,158.0,,241.8,,2.50744559483
nc73497335,NC,MLH,,EHZ,1,145.0,,355.2,,4.200944326948
nc73497335,NC,MCO,,EHZ,1,139.0,,242.1,,5.188355275156
nc73497335,NC,MCV,,EHZ,-1,135.0,,195.8,,5.8621965303520005
nc73497335,NC,MLC,,EHZ,1,117.0,,250.9,,9.742899468692
nc73497380,NC,MLI,,HHZ,-1,120.0,,6.0,,7.173184714966
nc73497380,NC,MMX1,,HN3,1,118.0,,49.8,,7.699136717783999
nc73497380,NC,MINS,,HHZ,1,111.0,,341.5,,9.519397666226
nc73497380,NC,MCS,,EHZ,1,98.0,,49.2,,14.04391922958
nc73497380,NC,MDC,2.0,EHZ,1,98.0,,354.9,,15.2893024075
nc73497380,CI,MLAC,,HHZ,1,96.0,,69.0,,18.00245861654
nc73497380,NC,MDR,2.0,EHZ,1,96.0,,66.5,,18.33604339634
nc73497380,NC,MLM,,EHZ,-1,96.0,,22.0,,18.63626969816
nc73497380,NC,MLH,,EHZ,1,86.0,,57.6,,22.0721929301
nc73497380,NP,1576,10.0,HNZ,-1,85.0,,90.7,,24.1848965355
nc73497380,NC,MMT,,EHZ,1,84.0,,211.8,,25.67490855194
nc73497380,NC,MRC,,EHZ,1,78.0,,76.0,,47.21336583436
nc73497380,NC,MTU,2.0,EHZ,1,78.0,,120.7,,47.66926503342
nc73497380,NC,MMI,,EHZ,1,78.0,,255.2,,65.67172364996
nc73497380,BK,TOLH,0.0,HHZ,-1,78.0,,208.1,,78.32570629704
nc73497380,NC,MPR,,EHZ,1,77.0,,286.8,,90.83513553954
nc73497380,NC,MHD,,EHZ,-1,77.0,,236.9,,92.08051871746
nc73497380,BK,BUCR,0.0,HHZ,-1,77.0,,276.8,,99.78632713084
nc73497380,NC,MCB,,HHZ,1,98.0,,55.0,,13.9549632883
nc73497380,NC,MCO,,EHZ,1,98.0,,70.2,,15.33378037814
nc73497380,NC,MCV,,EHZ,1,97.0,,83.5,,17.54655941748
nc73497380,NC,MCY,,EHZ,-1,117.0,,358.3,,7.821451137044
nc73497380,NC,MDPB,,HHZ,-1,116.0,,325.0,,8.11166989547
nc73497380,NC,MEM,,EHZ,1,99.0,,36.3,,12.8986114856
nc73497380,NC,MLC,,EHZ,1,107.0,,65.8,,10.762556945614
nc73497380,NC,MMP,,EHZ,-1,139.0,,357.3,,4.134227370988
nc73497385,NC,MMP,,EHZ,-1,122.0,,358.4,,5.778800335402001
nc73497385,NC,MMX1,,HN3,1,108.0,,41.8,,8.868907345616
nc73497385,NC,MDPB,,HHZ,1,106.0,,330.9,,9.491598934576
nc73497385,NC,MINS,,HHZ,1,101.0,,344.3,,11.083910283488
nc73497385,NC,MLC,,EHZ,1,100.0,,58.3,,11.5642723664
nc73497385,NC,MCO,,EHZ,1,94.0,,64.7,,16.00094993774
nc73497385,NC,MDC,2.0,EHZ,-1,94.0,,355.5,,16.92386782852
nc73497385,NC,MCV,,EHZ,1,94.0,,78.3,,17.835666226639997
nc73497385,NC,MDR,2.0,EHZ,1,85.0,,62.0,,19.08104940456
nc73497385,NC,MBS1,,EP1,1,83.0,,17.7,,23.71787784378
nc73497405,NC,MEM,,EHZ,1,154.0,,341.9,,2.906635381324
nc73497405,NC,MLC,,EHZ,-1,150.0,,158.8,,3.461498065058
nc73497405,NC,MMX1,,HN3,-1,148.0,,224.9,,3.776179707336
nc73497405,NC,MDH1,,DP1,-1,142.0,,23.0,,4.655731576742
nc73497405,NC,MDR,2.0,EHZ,1,122.0,,92.4,,8.271790589774
nc73497405,NC,MCV,,EHZ,1,114.0,,122.7,,10.526823701222
nc73497405,NC,MCB,,HHZ,1,154.0,,82.9,,2.905523432058
nc73497405,NC,MCS,,EHZ,1,157.0,,53.9,,2.5897298405140003
nc73497405,NC,MDPB,,HHZ,-1,105.0,,265.8,,13.26555474338
nc73497460,NP,1576,10.0,HNZ,1,123.0,,52.2,,7.004168426534001
nc73497460,NC,MCB,,HHZ,-1,99.0,,330.4,,14.48869893598
nc73497460,NC,MCS,,EHZ,-1,99.0,,330.0,,15.88975501114
nc73497460,NC,MMX1,,HN3,-1,99.0,,307.0,,15.93423298178
nc73497460,NC,MDH,,HNZ,1,97.0,,333.6,,18.458357815600003
nc73497460,NC,MDH1,1.0,DP1,1,97.0,,333.6,,18.458357815600003
nc73497460,NC,MDPB,,HHZ,-1,94.0,,295.9,,25.87505941982
nc73497460,NC,MBS1,,EP1,-1,84.0,,336.1,,27.954404547240003
nc73497460,NC,MRC,,EHZ,1,82.0,,59.6,,31.51264219844
nc73497460,NC,MMT,,EHZ,1,80.0,,241.9,,36.5275333881
nc73497460,NC,MHD,,EHZ,1,79.0,,244.6,,106.14667693236
nc73497460,CI,MLAC,,HHZ,-1,107.0,,350.7,,11.16397063064
nc73497460,NC,MCO,,EHZ,-1,109.0,,336.9,,10.629123033694
nc73497460,NC,MCV,,EHZ,-1,124.0,,349.6,,6.661688052606
nc73497460,NC,MDR,2.0,EHZ,-1,101.0,,351.4,,12.0090520728
nc73497460,NC,MEM,,EHZ,-1,97.0,,323.9,,18.58067223486
nc73497460,NC,MLC,,EHZ,-1,101.0,,315.8,,12.59838518378
nc73497460,NC,MLH,,EHZ,-1,98.0,,0.2,,16.379012688179998
nc73497475,NC,MCO,,EHZ,-1,167.0,,152.5,,1.6923867828519998
nc73497475,NC,MLC,,EHZ,-1,148.0,,239.4,,4.454468759596
nc73497475,NC,MMX1,,HN3,-1,130.0,,257.6,,7.948213353368001
nc73497515,NC,MEM,,EHZ,1,119.0,,329.2,,4.081965755486
nc73497515,NC,MMX1,,HN3,-1,117.0,,243.4,,4.317698999878001
nc73497515,NC,MDH,,HNZ,1,110.0,,7.2,,5.062705008098
nc73497515,NC,MDR,2.0,EHZ,-1,100.0,,86.9,,7.083116824420001
nc73497515,NC,MCV,,EHZ,1,95.0,,122.8,,9.12354372753
nc73497515,NC,MDC,2.0,EHZ,-1,89.0,,307.1,,13.88824633234
nc73497515,NC,MBS1,,EP1,-1,89.0,,349.9,,14.26630908278
nc73497515,NC,MDPB,,HHZ,-1,88.0,,269.1,,14.421981980020002
nc73497515,NC,MCB,,HHZ,1,144.0,,56.9,,2.017075968524
nc73497515,NC,MCO,,EHZ,-1,111.0,,110.2,,4.989316356542
nc73497515,NC,MCS,,EHZ,1,138.0,,21.7,,2.43516889254
nc73497515,NC,MLC,,EHZ,-1,137.0,,178.5,,2.4863185587760004
nc73497515,NC,MLM,,EHZ,-1,92.0,,345.3,,10.734758213964
nc73497565,NC,MDR,2.0,EHZ,-1,147.0,,132.9,,3.083435314618
nc73497565,NC,MCS,,EHZ,1,139.0,,266.8,,3.911837517788
nc73497565,NC,MCO,,EHZ,1,137.0,,181.7,,4.202056276214
nc73497565,NC,MLH,,EHZ,-1,133.0,,59.5,,4.761366757012
nc73497565,NC,MLC,,EHZ,1,120.0,,223.6,,6.869622565348
nc73497565,NC,MCV,,EHZ,-1,115.0,,159.0,,7.948213353368001
nc73497565,NC,MINS,,HHZ,-1,96.0,,268.9,,17.60215688078
nc73497565,NC,MDPB,,HHZ,-1,95.0,,262.0,,19.42575367702
nc73497565,NC,MCB,,HHZ,1,143.0,,246.0,,3.410348398822
nc73497820,NC,MCV,,EHZ,1,152.0,,355.6,,2.211667090074
nc73497820,NC,MCB,,HHZ,-1,103.0,,323.4,,10.283306811968002
nc73497820,NC,MCS,,EHZ,-1,98.0,,323.7,,11.68658678566
nc73497820,NC,MLH,,EHZ,-1,94.0,,5.1,,12.07576902876
nc73497820,NC,MMX1,,HN3,1,94.0,,294.1,,12.82077503698
nc73497820,NC,MDH1,1.0,DP1,1,94.0,,329.5,,14.14399466352
nc73497820,NC,MEM,,EHZ,1,94.0,,317.1,,14.566535384600002
nc73497820,NC,MMP,,EHZ,1,85.0,,284.0,,18.33604339634
nc73497820,NC,MLM,,EHZ,1,85.0,,329.0,,20.4598664944
nc73497820,NC,MINS,,HHZ,1,84.0,,294.4,,22.6281675631
nc73497820,NC,MDC,2.0,EHZ,-1,82.0,,309.4,,24.47400334466
nc73497820,NC,MMT,,EHZ,-1,74.0,,235.3,,37.90635047794
nc73497820,CI,MLAC,,HHZ,-1,116.0,,353.3,,6.708389921778
nc73497820,NC,MCO,,EHZ,1,118.0,,329.9,,6.273617758772
nc73497820,NC,MDR,2.0,EHZ,-1,112.0,,354.2,,7.564590856598
nc73497820,NC,MLC,,EHZ,1,107.0,,301.0,,9.069058213496
nc73497845,NC,MDR,2.0,EHZ,-1,175.0,,309.0,,0.8177274902164
nc73497845,NC,MCV,,EHZ,-1,156.0,,180.5,,4.806956676917999
nc73497845,NC,MLC,,EHZ,-1,143.0,,252.8,,8.001586918135999
nc73497950,NC,MCO,,EHZ,-1,157.0,,128.7,,2.434056943274
nc73497950,NC,MLC,,EHZ,-1,148.0,,229.9,,3.5482301078060003
nc73497950,NC,MDR,2.0,EHZ,1,142.0,,82.2,,4.332154340336
nc73497950,NC,MCV,,EHZ,-1,127.0,,134.2,,6.806241457186
nc73497950,NC,MMLB,,HHZ,1,118.0,,289.5,,8.846668360296
nc73497950,NC,MQ1P,,EHZ,1,104.0,,259.6,,12.27591989664
nc73497950,NC,MMP,,EHZ,1,103.0,,258.7,,12.98756742688
nc73497950,NC,MDC,2.0,EHZ,-1,100.0,,301.8,,16.30117623956
nc73497950,NC,MMT,,EHZ,-1,87.0,,222.5,,38.62911750084
nc73497950,NC,MLH,,EHZ,1,122.0,,50.2,,7.974900135752001
nc73497950,NC,MLM,,EHZ,-1,108.0,,332.6,,11.931215624180002
nc73497955,NC,MTU,2.0,EHZ,1,150.0,,154.3,,5.753225502284001
nc73497955,NC,MFB,,EHZ,1,122.0,,77.1,,14.76668625248
nc73497955,NC,MCV,,EHZ,1,104.0,,315.3,,29.789120836140004
nc73497955,NC,MDR,2.0,EHZ,-1,102.0,,320.9,,34.1368424662
nc73497955,NC,MCO,,EHZ,-1,102.0,,315.6,,34.17020094418
nc73497955,NC,MMT,,EHZ,1,95.0,,267.3,,52.1504205754
nc73497955,NC,MDC,2.0,EHZ,-1,95.0,,311.1,,52.606319774460005
nc73497985,NC,MCO,,EHZ,-1,171.0,,84.7,,1.407727770756
nc73497985,NC,MLC,,EHZ,-1,159.0,,258.8,,3.2802503347
nc73497985,NC,MCB,,HHZ,1,159.0,,331.8,,3.349191189192
nc73497985,CI,MLAC,,HHZ,1,155.0,,70.0,,4.018584647324
nc73497985,NC,MDR,2.0,EHZ,1,153.0,,59.4,,4.401095194828
nc73497985,NC,MCV,,EHZ,-1,148.0,,125.2,,5.367379106982
nc73497985,NC,MDY,,HHZ,-1,119.0,,290.9,,12.58726569112
nc73497985,NC,MQ1P,,EHZ,1,119.0,,267.5,,12.59838518378
nc73497985,NC,MMP,,EHZ,1,118.0,,266.1,,13.26555474338
nc73497985,NC,MLM,,EHZ,-1,118.0,,334.0,,13.63249800116
nc73497985,NC,MLH,,EHZ,1,133.0,,39.8,,8.786623099932001
nc73497995,NC,MCO,,EHZ,-1,157.0,,128.4,,2.537468225012
nc73497995,NC,MCS,,EHZ,1,153.0,,323.5,,3.001151068934
nc73497995,NC,MLC,,EHZ,-1,149.0,,228.3,,3.518207477624
nc73497995,NC,MDR,2.0,EHZ,-1,143.0,,83.0,,4.413326636754
nc73497995,NC,MCV,,EHZ,-1,128.0,,134.0,,6.908540789658
nc73497995,NC,MLH,,EHZ,1,123.0,,50.9,,8.008258613732
nc73497995,NC,MMP,,EHZ,-1,105.0,,258.4,,12.90973097826
nc73498035,CI,MLAC,,HHZ,1,144.0,,93.7,,4.227631109332
nc73498035,NC,MEM,,EHZ,-1,131.0,,307.0,,6.172430375566
nc73498035,NC,MCV,,EHZ,-1,128.0,,134.5,,6.763987385078001
nc73498035,NC,MMX1,,HN3,1,127.0,,255.5,,6.92188418085
nc73498035,NC,MLM,,EHZ,-1,108.0,,332.4,,11.96457410216
nc73498035,NC,MQ1P,,EHZ,1,104.0,,259.7,,12.33151735994
nc73498035,NC,MINS,,HHZ,1,102.0,,278.6,,15.80079906986
nc73498035,NC,MDC,2.0,EHZ,1,101.0,,301.7,,16.35677370286
nc73498035,NC,MCB,,HHZ,1,164.0,,318.7,,1.7357528042260002
nc73498035,NC,MCO,,EHZ,-1,158.0,,129.6,,2.388467023368
nc73498035,NC,MDR,2.0,EHZ,1,143.0,,82.1,,4.274332978504001
nc73498035,NC,MLC,,EHZ,-1,148.0,,230.5,,3.5938200277120003
nc73498035,NC,MLH,,EHZ,1,123.0,,49.9,,7.929310215846
nc73498035,NC,MMP,,EHZ,1,104.0,,258.7,,13.04316489018
nc73498045,NC,MCB,,HHZ,-1,166.0,,317.6,,1.414399466352
nc73498045,NC,MCO,,EHZ,-1,154.0,,131.2,,2.700924767114
nc73498045,NC,MLC,,EHZ,-1,146.0,,225.4,,3.62495460716
nc73498045,NC,MDR,2.0,EHZ,1,141.0,,85.7,,4.43667757134
nc73498045,CI,MLAC,,HHZ,-1,141.0,,96.9,,4.44223731767
nc73498045,NC,MCV,,EHZ,-1,125.0,,134.9,,7.082004875154
nc73498045,NC,MLM,,EHZ,-1,108.0,,332.6,,11.64210881502
nc73498045,NC,MMP,,EHZ,1,103.0,,257.4,,12.90973097826
nc73498045,NC,MDC,2.0,EHZ,-1,100.0,,301.2,,16.05654740104
nc73498045,NC,MLH,,EHZ,1,121.0,,52.2,,7.915966824654
nc73498055,NC,MLC,,EHZ,-1,149.0,,226.0,,3.667208679268001
nc73498055,NC,MDR,2.0,EHZ,1,144.0,,85.7,,4.377744260242
nc73498055,NC,MMX1,,HN3,1,129.0,,253.1,,6.864062819018
nc73498055,NC,MCV,,EHZ,-1,129.0,,135.3,,7.040862752312
nc73498055,NC,MMP,,EHZ,1,106.0,,257.5,,12.96532844156
nc73498055,NC,MCB,,HHZ,-1,167.0,,315.9,,1.455541589194
nc73498055,NC,MCO,,EHZ,-1,157.0,,132.1,,2.6575587457400003
nc73498055,NC,MLH,,EHZ,1,125.0,,52.0,,7.870376904747999
nc73498060,NC,MCB,,HHZ,1,166.0,,323.7,,1.411063618554
nc73498060,NC,MCO,,EHZ,-1,155.0,,128.2,,2.7331712958280003
nc73498060,NC,MLC,,EHZ,-1,149.0,,225.1,,3.4759534055160004
nc73498060,CI,MLAC,,HHZ,-1,141.0,,95.6,,4.548984447206
nc73498060,NC,MDR,2.0,EHZ,1,141.0,,84.7,,4.562327838398
nc73498060,NC,MCV,,EHZ,-1,126.0,,133.7,,7.102019961942
nc73498060,NC,MLH,,EHZ,1,122.0,,52.2,,8.066079975564
nc73498060,NC,MQ1P,,EHZ,1,104.0,,258.6,,12.0646495361
nc73498060,NC,MMP,,EHZ,1,104.0,,257.7,,12.77629706634
nc73498060,NC,MDC,2.0,EHZ,1,101.0,,301.7,,16.00094993774
nc73498065,NC,MCB,,HHZ,1,168.0,,318.2,,1.277629706634
nc73498065,NC,MCO,,EHZ,-1,155.0,,131.3,,2.839918425364
nc73498065,NC,MLC,,EHZ,-1,149.0,,223.2,,3.61939486083
nc73498065,NC,MCV,,EHZ,-1,128.0,,134.9,,7.220998533404
nc73498065,NC,MLH,,EHZ,1,124.0,,53.2,,7.942653607037999
nc73498065,NC,MMP,,EHZ,-1,106.0,,256.9,,12.83189452964
nc73498070,NC,MCB,,HHZ,-1,164.0,,323.3,,1.671259746798
nc73498070,NC,MLC,,EHZ,-1,149.0,,229.4,,3.457050267994
nc73498070,NC,MMX1,,HN3,-1,127.0,,255.5,,6.769547131407999
nc73498070,NC,MCV,,EHZ,-1,127.0,,133.4,,6.845159681496
nc73498070,NC,MDY,,HHZ,-1,109.0,,284.4,,11.54203338108
nc73498070,NC,MQ1P,,EHZ,1,104.0,,259.7,,12.18696395536
nc73498070,NC,MMP,,EHZ,1,103.0,,258.8,,12.88749199294
nc73498070,NC,MINS,,HHZ,-1,101.0,,278.8,,15.66736515794
nc73498070,NC,MDC,2.0,EHZ,-1,100.0,,302.1,,16.24557877626
nc73498070,NC,MCO,,EHZ,-1,157.0,,126.8,,2.480758812446
nc73498070,NC,MDR,2.0,EHZ,1,142.0,,81.8,,4.424446129414
nc73498070,NC,MLH,,EHZ,1,121.0,,50.4,,8.06719192483
nc73498075,NC,MCB,,HHZ,-1,165.0,,327.0,,1.510027103228
nc73498075,NC,MCO,,EHZ,-1,155.0,,125.8,,2.667566289134
nc73498075,NC,MLC,,EHZ,-1,149.0,,226.5,,3.375877971576
nc73498075,NC,MDR,2.0,EHZ,1,140.0,,83.1,,4.590126570048
nc73498075,NC,MCV,,EHZ,1,125.0,,132.9,,7.024183513322001
nc73498075,NC,MLH,,EHZ,1,120.0,,51.6,,8.157259815376
nc73498075,NC,MQ1P,,EHZ,1,103.0,,259.2,,12.02017156546
nc73498075,NC,MMP,,EHZ,1,103.0,,258.3,,12.7318190957
nc73498075,NC,MINS,,HHZ,-1,101.0,,278.7,,15.47833378272
nc73498090,NC,MMP,,EHZ,-1,112.0,,167.5,,2.837694526832
nc73498120,NC,MCS,,EHZ,1,153.0,,325.8,,3.2524516030500004
nc73498120,CI,MLAC,,HHZ,-1,145.0,,90.7,,4.322146796942
nc73498120,NC,MDR,2.0,EHZ,1,145.0,,79.4,,4.411102738222
nc73498120,NC,MDH,,HNZ,1,136.0,,339.0,,5.839957545032
nc73498120,NC,MEM,,EHZ,-1,134.0,,309.2,,6.228027838866
nc73498120,NC,MMX1,,HN3,1,131.0,,257.1,,6.769547131407999
nc73498120,NC,MMLB,,HHZ,-1,122.0,,290.9,,8.882250736808
nc73498120,NC,MDY,,HHZ,-1,112.0,,285.2,,11.63098932236
nc73498120,NC,MLM,,EHZ,-1,108.0,,333.3,,12.10912750674
nc73498120,NC,MQ1P,,EHZ,1,108.0,,260.6,,12.19808344802
nc73498120,NC,MBS1,,EP1,-1,105.0,,340.1,,15.38937784144
nc73498120,NC,MINS,,HHZ,1,105.0,,279.5,,15.7340821139
nc73498120,NC,MDC,2.0,EHZ,-1,104.0,,302.5,,16.390132180840002
nc73498120,NC,MCB,,HHZ,-1,164.0,,325.7,,1.848059680092
nc73498120,NC,MCO,,EHZ,-1,160.0,,123.8,,2.338429306398
nc73498120,NC,MCV,,EHZ,-1,131.0,,132.5,,6.6861509364580005
nc73498120,NC,MLC,,EHZ,-1,152.0,,232.3,,3.37476602231
nc73498120,NC,MLH,,EHZ,1,125.0,,49.2,,8.151700069046
nc73498120,NC,MMP,,EHZ,1,107.0,,259.6,,12.8986114856
nc73498160,NC,MCO,,EHZ,-1,158.0,,128.2,,2.698700868582
nc73498160,NC,MLC,,EHZ,-1,153.0,,225.7,,3.483737050378
nc73498160,NC,MDR,2.0,EHZ,1,146.0,,84.4,,4.534529106748
nc73498160,NC,MCV,,EHZ,-1,132.0,,133.8,,7.067549534696001
nc73498160,NC,MLH,,EHZ,1,127.0,,52.0,,8.053848533638
nc73498160,NC,MMP,,EHZ,-1,110.0,,257.8,,12.79853605166
nc73498170,NC,MCO,,EHZ,-1,174.0,,321.9,,0.6350342258126
nc73498170,NC,MDR,2.0,EHZ,1,152.0,,37.4,,3.281362283966
nc73498170,NC,MCB,,HHZ,1,141.0,,314.6,,4.740239720958
nc73498170,NC,MLC,,EHZ,-1,139.0,,267.0,,5.021562885256
nc73498170,NC,MCS,,EHZ,1,133.0,,317.2,,6.123504607862
nc73498170,NC,MLH,,EHZ,1,124.0,,28.3,,8.081647265288
nc73498185,NC,MCB,,HHZ,1,163.0,,299.4,,1.905881041924
nc73498185,NC,MCO,,EHZ,-1,160.0,,145.0,,2.3084066762160003
nc73498185,NC,MDR,2.0,EHZ,1,149.0,,86.6,,3.7250300411
nc73498185,CI,MLAC,,HHZ,1,149.0,,99.9,,3.759500468346
nc73498185,NC,MLC,,EHZ,-1,146.0,,231.0,,4.226519160066
nc73498185,NC,MCV,,EHZ,-1,131.0,,139.9,,6.683927037926
nc73498185,NC,MMP,,EHZ,-1,107.0,,257.6,,13.6213785085
nc73498185,NC,MINS,,HHZ,1,105.0,,277.1,,16.26781776158
nc73498185,NC,MDC,2.0,EHZ,1,104.0,,299.7,,16.61252203404
nc73498190,NC,MLC,,EHZ,-1,153.0,,230.8,,3.0645321770960003
nc73498190,NC,MCS,,EHZ,-1,152.0,,331.5,,3.209085581676
nc73498190,NC,MMX1,,HN3,-1,130.0,,257.7,,6.4537535398640005
nc73498190,NC,MCV,,EHZ,-1,128.0,,130.1,,6.822920696176
nc73498190,NC,MMP,,EHZ,1,105.0,,259.9,,12.58726569112
nc73498190,NC,MINS,,HHZ,1,103.0,,280.1,,15.46721429006
nc73498190,NC,MCB,,HHZ,-1,163.0,,335.7,,1.815813151378
nc73498190,NC,MCO,,EHZ,-1,157.0,,117.6,,2.526348732352
nc73498190,NC,MLH,,EHZ,1,121.0,,49.8,,8.459710015728
nc73498200,NC,MCO,,EHZ,-1,158.0,,125.3,,2.345101001994
nc73498200,NC,MCS,,EHZ,1,151.0,,324.8,,3.223540922134
nc73498200,CI,MLAC,,HHZ,1,143.0,,91.4,,4.293236116026
nc73498200,NC,MDH,,HNZ,1,133.0,,338.5,,5.798815422190001
nc73498200,NC,MMX1,,HN3,-1,127.0,,256.7,,6.81068925425
nc73498200,NC,MDY,,HHZ,-1,109.0,,284.9,,11.64210881502
nc73498200,NC,MQ1P,,EHZ,1,104.0,,260.4,,12.231441926
nc73498200,NC,MCY,,EHZ,-1,103.0,,275.9,,12.82077503698
nc73498200,NC,MINS,,HHZ,1,101.0,,279.3,,15.75632109922
nc73498200,NC,MDC,2.0,EHZ,-1,100.0,,302.3,,16.379012688179998
nc73498200,NC,MTU,2.0,EHZ,-1,88.0,,137.4,,41.953845806180006
nc73498200,NC,MMI,,EHZ,1,86.0,,253.0,,79.504372519
nc73498200,NC,MHD,,EHZ,1,85.0,,237.7,,106.1355574397
nc73498200,NC,MCB,,HHZ,1,163.0,,323.9,,1.819148999176
nc73498200,NC,MCV,,EHZ,-1,128.0,,133.1,,6.702830175448
nc73498200,NC,MDR,2.0,EHZ,1,142.0,,80.0,,4.372184513912
nc73498200,NC,MEM,,EHZ,1,131.0,,308.7,,6.216908346206
nc73498200,NC,MLC,,EHZ,-1,149.0,,231.8,,3.4325873841420003
nc73498200,NC,MLH,,EHZ,1,121.0,,49.3,,8.093878707214
nc73498200,NC,MLM,,EHZ,-1,104.0,,333.1,,12.07576902876
nc73498200,NC,MMLB,,HHZ,-1,118.0,,290.5,,8.890034381669999
nc73498200,NC,MMP,,EHZ,1,103.0,,259.4,,12.94308945624
nc73498205,NC,MCO,,EHZ,-1,156.0,,96.6,,2.256145060714
nc73498205,NC,MLC,,EHZ,1,153.0,,246.6,,2.59084178978
nc73498205,NC,MCB,,HHZ,-1,152.0,,343.7,,2.667566289134
nc73498205,NC,MDR,2.0,EHZ,1,133.0,,68.2,,4.984868559478
nc73498205,NC,MCV,,EHZ,-1,125.0,,123.7,,6.279177505102
nc73498205,NC,MLH,,EHZ,1,113.0,,45.4,,9.070170162762
nc73498205,NC,MMP,,EHZ,1,99.0,,264.1,,12.46495127186
nc73498205,NC,MBS1,,EP1,-1,97.0,,342.4,,16.27893725424
nc73498305,NC,MCO,,EHZ,-1,168.0,,89.4,,1.682379239458
nc73498305,NC,MGPB,,EHZ,1,165.0,,293.7,,2.011516222194
nc73498305,NC,MLC,,EHZ,-1,159.0,,255.7,,3.032285648382
nc73498305,NC,MCB,,HHZ,-1,158.0,,335.3,,3.12457743746
nc73498305,NC,MDR,2.0,EHZ,1,149.0,,62.4,,4.59235046858
nc73498305,NC,MCV,,EHZ,-1,143.0,,124.5,,5.660933713206
nc73498305,NC,MLH,,EHZ,1,129.0,,41.6,,8.885586584606
nc73498305,NC,MMP,,EHZ,1,115.0,,265.6,,12.99868691954
nc73498305,NC,MINS,,HHZ,1,111.0,,283.9,,16.26781776158
nc73498310,NC,MCB,,HHZ,1,170.0,,320.7,,1.1111709015138
nc73498310,NC,MGPB,,EHZ,1,165.0,,226.4,,1.709066021842
nc73498310,NC,MLC,,EHZ,-1,151.0,,220.5,,3.5893722306480003
nc73498310,NC,MLH,,EHZ,1,126.0,,54.4,,8.007146664466001
nc73498310,NC,MMP,,EHZ,1,109.0,,256.4,,12.70958011038
nc73498335,NC,MCB,,HHZ,-1,161.0,,322.4,,2.067113685494
nc73498335,NC,MCS,,EHZ,-1,150.0,,323.8,,3.470393659186
nc73498335,NC,MLC,,EHZ,-1,150.0,,235.9,,3.489296796708
nc73498335,NC,MDR,2.0,EHZ,1,145.0,,77.3,,4.217623565938
nc73498335,NC,MCV,,EHZ,-1,131.0,,133.1,,6.4493057428
nc73498335,NC,MEM,,EHZ,1,131.0,,308.8,,6.469320829588001
nc73498335,NC,MMX1,,HN3,1,129.0,,258.4,,6.961914354426
nc73498335,NC,MQ1P,,EHZ,1,106.0,,261.3,,12.3982343159
nc73498335,NC,MINS,,HHZ,1,103.0,,279.7,,15.97871095242
nc73498335,NC,MDC,2.0,EHZ,-1,103.0,,302.4,,16.634761019360003
nc73498335,NC,MMT,,EHZ,1,91.0,,223.0,,38.50680308158
nc73498335,NC,MCO,,EHZ,-1,161.0,,124.6,,2.093800467878
nc73498335,NC,MGPB,,EHZ,-1,163.0,,257.5,,1.843611883028
nc73498335,NC,MLH,,EHZ,1,124.0,,47.5,,8.060520229234
nc73498335,NC,MLM,,EHZ,1,106.0,,332.6,,12.309278374620002
nc73498335,NC,MMP,,EHZ,1,106.0,,260.3,,13.09876235348
nc73498370,NC,MGPB,,EHZ,1,170.0,,277.2,,1.116397063064
nc73498370,NC,MLC,,EHZ,-1,157.0,,237.2,,2.616416622898
nc73498370,NC,MCS,,EHZ,1,149.0,,337.9,,3.6016036725740004
nc73498370,NC,MMX1,,HN3,-1,132.0,,262.0,,6.189109614556
nc73498370,NC,MQ1P,,EHZ,1,111.0,,263.4,,11.64210881502
nc73498370,NC,MMP,,EHZ,1,106.0,,262.2,,12.33151735994
nc73498370,NC,MINS,,HHZ,1,103.0,,282.1,,15.400497334100002
nc73498385,NC,MGPB,,EHZ,1,159.0,,204.0,,1.99594893247
nc73498385,NC,MCO,,EHZ,-1,143.0,,134.0,,3.762836316144
nc73498385,NC,MLC,,EHZ,-1,142.0,,209.4,,3.876255141276
nc73498385,NC,MMP,,EHZ,1,101.0,,253.0,,12.46495127186
nc73498385,NC,MINS,,HHZ,1,99.0,,274.9,,14.811164223120002
nc73498400,NC,MGPB,,EHZ,-1,164.0,,262.7,,1.681267290192
nc73498400,NC,MCO,,EHZ,-1,160.0,,118.4,,2.110479706868
nc73498400,NC,MCB,,HHZ,1,160.0,,328.2,,2.143838184848
nc73498400,NC,MLC,,EHZ,-1,151.0,,237.3,,3.276914486902
nc73498400,NC,MCS,,EHZ,-1,149.0,,327.3,,3.5482301078060003
nc73498400,NC,MDR,2.0,EHZ,1,143.0,,75.3,,4.389975702168
nc73498400,NC,MCV,,EHZ,-1,130.0,,131.1,,6.423730909682001
nc73498400,NC,MMX1,,HN3,1,128.0,,259.7,,6.797345863058
nc73498400,NC,MMLB,,HHZ,1,118.0,,292.5,,9.07350601056
nc73498400,NC,MQ1P,,EHZ,1,105.0,,262.1,,12.24256141866
nc73498400,NC,MMP,,EHZ,1,104.0,,261.0,,12.93196996358
nc73498400,NC,MINS,,HHZ,1,102.0,,280.5,,15.87863551848
nc73498400,NC,MDC,2.0,EHZ,1,101.0,,303.2,,16.6236415267
nc73498400,NC,MMT,,EHZ,-1,91.0,,223.0,,38.28441322838
nc73498430,NC,MLC,,EHZ,1,164.0,,308.1,,2.365116088782
nc73498430,NC,MINS,,HHZ,1,115.0,,292.6,,15.93423298178
nc73498440,NC,MCS,,EHZ,-1,153.0,,319.0,,3.345855341394
nc73498440,CI,MLAC,,HHZ,-1,148.0,,93.2,,3.959651336226
nc73498440,NC,MDH,,HNZ,-1,136.0,,335.0,,5.831061950904
nc73498440,NC,MEM,,EHZ,-1,133.0,,306.0,,6.419283112617999
nc73498440,NC,MMX1,,HN3,1,130.0,,256.5,,7.165401070104
nc73498440,NC,MCY,,EHZ,1,108.0,,275.3,,13.14324032412
nc73498440,NC,MBS1,,EP1,1,106.0,,338.7,,15.36713885612
nc73498440,NC,MDC,2.0,EHZ,-1,105.0,,301.4,,16.61252203404
nc73498440,NC,MRC,,EHZ,1,92.0,,81.9,,33.3028805167
nc73498440,NC,MMT,,EHZ,1,91.0,,222.9,,38.8070293834
nc73498440,NC,MCD,,EHZ,1,91.0,,103.5,,39.7521862595
nc73498440,NC,MTU,2.0,EHZ,-1,91.0,,137.8,,41.8092924016
nc73498440,NC,MMI,,EHZ,1,87.0,,253.0,,79.86019628412
nc73498440,BK,TOLH,0.0,HHZ,1,86.0,,213.3,,90.623865179
nc73498440,NC,MPR,,EHZ,1,85.0,,281.2,,101.743357839
nc73498440,NC,MHD,,EHZ,1,85.0,,237.7,,106.48026171216
nc73498440,BK,HELL,0.0,HHZ,-1,85.0,,186.8,,106.42466424886
nc73498440,BK,LEGD,0.0,HHZ,1,84.0,,247.9,,121.5360547738
nc73498440,NC,MCB,,HHZ,-1,163.0,,314.0,,1.959254606692
nc73498440,NC,MCO,,EHZ,-1,161.0,,132.9,,2.15162182971
nc73498440,NC,MCV,,EHZ,-1,133.0,,135.8,,6.53826168408
nc73498440,NC,MDR,2.0,EHZ,1,148.0,,80.7,,4.020808545856
nc73498440,NC,MDY,,HHZ,1,112.0,,284.0,,11.94233511684
nc73498440,NC,MGPB,,EHZ,-1,162.0,,250.8,,2.060441989898
nc73498440,NC,MINS,,HHZ,1,105.0,,278.7,,16.07878638636
nc73498440,NC,MLC,,EHZ,-1,149.0,,233.7,,3.76950801174
nc73498440,NC,MLH,,EHZ,1,127.0,,48.3,,7.765853673744
nc73498440,NC,MLI,,HHZ,1,109.0,,272.5,,12.10912750674
nc73498440,NC,MLM,,EHZ,-1,109.0,,331.4,,12.13136649206
nc73498440,NC,MMLB,,HHZ,1,121.0,,289.1,,9.171357545968
nc73498440,NC,MMP,,EHZ,1,108.0,,259.2,,13.2877937287
nc73498440,NC,MQ1P,,EHZ,1,108.0,,260.2,,12.58726569112
nc73498445,NC,MCB,,HHZ,1,167.0,,315.1,,1.475556675982
nc73498445,NC,MGPB,,EHZ,-1,163.0,,237.8,,1.863626969816
nc73498445,NC,MCO,,EHZ,1,157.0,,132.5,,2.63531976042
nc73498445,NC,MCS,,EHZ,-1,155.0,,320.4,,2.8677171570140003
nc73498445,NC,MLC,,EHZ,-1,149.0,,226.3,,3.688335715322
nc73498445,NC,MDR,2.0,EHZ,1,145.0,,85.6,,4.348833579326
nc73498445,NC,MMX1,,HN3,-1,130.0,,253.2,,6.8918615506680005
nc73498445,NC,MCV,,EHZ,-1,129.0,,135.4,,7.019735716258001
nc73498445,NC,MLH,,EHZ,1,126.0,,51.8,,7.847025970161999
nc73498445,NC,MINS,,HHZ,-1,105.0,,277.7,,15.66736515794
nc73498470,NC,MGPB,,EHZ,-1,162.0,,247.0,,2.161629373104
nc73498470,NC,MDR,2.0,EHZ,1,148.0,,83.0,,3.95297964063
nc73498470,NC,MCV,,EHZ,-1,133.0,,137.1,,6.62721762536
nc73498470,NC,MLH,,EHZ,1,128.0,,49.0,,7.62241221843
nc73498470,NC,MINS,,HHZ,-1,106.0,,278.1,,16.101025371680002
nc73498485,NC,MGPB,,EHZ,1,156.0,,231.3,,3.0378453947120003
nc73498485,NC,MMP,,EHZ,1,109.0,,254.6,,13.98832176628
nc73498490,NC,MGPB,,EHZ,-1,165.0,,264.3,,1.764663485142
nc73498490,NC,MCO,,EHZ,-1,162.0,,118.6,,2.014852069992
nc73498490,NC,MLC,,EHZ,-1,152.0,,238.7,,3.332511950202
nc73498490,NC,MDR,2.0,EHZ,1,145.0,,74.6,,4.31436315208
nc73498490,NC,MCV,,EHZ,1,133.0,,131.4,,6.33255106987
nc73498490,NC,MLH,,EHZ,1,124.0,,46.6,,8.243991858124
nc73498490,NC,MQ1P,,EHZ,1,108.0,,262.3,,12.32039786728
nc73498490,NC,MMP,,EHZ,1,107.0,,261.2,,13.02092590486
nc73498490,NC,MINS,,HHZ,1,105.0,,280.6,,15.96759145976
nc73498490,NC,MDC,2.0,EHZ,1,104.0,,303.2,,16.71259746798
nc73498495,NC,MGPB,,EHZ,-1,157.0,,190.2,,1.852507477156
nc73498495,NC,MCO,,EHZ,-1,135.0,,129.3,,4.126443726125999
nc73498495,NC,MQ1P,,EHZ,1,102.0,,253.0,,11.27516555724
nc73498495,NC,MMP,,EHZ,1,96.0,,252.3,,11.99793258014
nc73498495,NC,MBS1,,EP1,-1,95.0,,343.2,,13.75481242042
nc73498495,NC,MINS,,HHZ,1,95.0,,275.1,,14.333026038739998
nc73498500,NC,MCS,,EHZ,1,153.0,,314.7,,3.251339653784
nc73498500,NC,MDH,,HNZ,1,137.0,,332.9,,5.666493459536
nc73498500,NC,MDH1,1.0,DP1,-1,137.0,,332.9,,5.666493459536
nc73498500,NC,MEM,,EHZ,1,133.0,,303.6,,6.379252939042
nc73498500,NC,MMX1,,HN3,-1,128.0,,254.9,,7.338865155600001
nc73498500,NC,MLI,,HHZ,1,108.0,,271.3,,12.22032243334
nc73498500,NP,1576,10.0,HNZ,1,107.0,,122.8,,13.29891322136
nc73498500,NC,MBS1,,EP1,1,105.0,,337.9,,15.18922697356
nc73498500,NC,MDC,2.0,EHZ,-1,104.0,,300.4,,16.59028304872
nc73498500,NC,MTU,2.0,EHZ,-1,91.0,,138.2,,41.90936783554
nc73498500,NC,MMI,,EHZ,1,87.0,,252.9,,80.03810816668
nc73498500,BK,TOLH,0.0,HHZ,1,86.0,,213.3,,90.87961351018
nc73498500,NC,MPR,,EHZ,1,85.0,,281.1,,101.81007479496
nc73498500,NC,MHD,,EHZ,1,85.0,,237.6,,106.71377105802
nc73498500,BK,HELL,0.0,HHZ,-1,85.0,,186.9,,106.66929308738
nc73498500,BK,BUCR,0.0,HHZ,1,85.0,,272.6,,112.1956809394
nc73498500,BK,LEGD,0.0,HHZ,1,84.0,,247.8,,121.6472497004
nc73498500,CI,MLAC,,HHZ,1,148.0,,96.9,,3.862911750084
nc73498500,NC,MCB,,HHZ,1,163.0,,306.2,,1.894761549264
nc73498500,NC,MCO,,EHZ,-1,160.0,,139.5,,2.243913618788
nc73498500,NC,MCV,,EHZ,-1,132.0,,138.0,,6.6327773716900005
nc73498500,NC,MDR,2.0,EHZ,1,148.0,,84.0,,3.871807344212
nc73498500,NC,MDY,,HHZ,1,108.0,,282.8,,11.99793258014
nc73498500,NC,MGPB,,EHZ,-1,160.0,,246.0,,2.2583689592460003
nc73498500,NC,MINS,,HHZ,1,105.0,,277.8,,16.156622834980002
nc73498500,NC,MLC,,EHZ,-1,147.0,,231.9,,4.00857710393
nc73498500,NC,MLH,,EHZ,1,128.0,,49.1,,7.519000936692
nc73498500,NC,MLM,,EHZ,-1,111.0,,330.4,,11.986813087480002
nc73498500,NC,MMLB,,HHZ,1,121.0,,287.5,,9.208051871746
nc73498500,NC,MMP,,EHZ,1,107.0,,258.3,,13.4545861186
nc73498500,NC,MQ1P,,EHZ,1,108.0,,259.2,,12.74293858836
nc73498500,NC,MRC,,EHZ,-1,92.0,,82.3,,33.158327112120006
nc73498505,NC,MMX1,,HN3,1,104.0,,310.7,,15.11139052494
nc73498505,NC,MLH,,EHZ,-1,103.0,,4.4,,16.690358482660002
nc73498505,NC,MEM,,EHZ,-1,101.0,,327.6,,18.09141455782
nc73498505,NC,MINS,,HHZ,1,93.0,,304.4,,24.69639319786
nc73498505,NC,MRC,,EHZ,1,90.0,,60.3,,32.72466689838
nc73498505,NC,MMT,,EHZ,1,91.0,,241.3,,35.3043891955
nc73498505,CI,MLAC,,HHZ,-1,112.0,,357.1,,11.286285049900002
nc73498505,NC,MCO,,EHZ,-1,115.0,,343.7,,10.448987252602
nc73498505,NC,MCV,,EHZ,-1,129.0,,0.4,,6.81068925425
nc73498505,NC,MDR,2.0,EHZ,-1,106.0,,357.4,,12.14248598472
nc73498505,NC,MGPB,,EHZ,-1,106.0,,329.2,,12.59838518378
nc73498505,NC,MLC,,EHZ,-1,110.0,,320.9,,11.9534546095
nc73498515,NC,MGPB,,EHZ,-1,166.0,,257.8,,1.54004973341
nc73498515,NC,MCB,,HHZ,1,162.0,,330.5,,1.965926302288
nc73498515,NC,MCO,,EHZ,-1,159.0,,118.9,,2.305070828418
nc73498515,NC,MLC,,EHZ,-1,151.0,,234.1,,3.205749733878
nc73498515,NC,MDR,2.0,EHZ,1,142.0,,77.2,,4.521185715556
nc73498515,NC,MCV,,EHZ,-1,129.0,,130.9,,6.618322031232
nc73498515,NC,MLM,,EHZ,-1,105.0,,334.0,,12.24256141866
nc73498515,NC,MMP,,EHZ,1,105.0,,260.4,,12.79853605166
nc73498515,NC,MBS1,,EP1,-1,102.0,,340.6,,15.54505073868
nc73498515,NC,MINS,,HHZ,1,102.0,,280.2,,15.70072363592
nc73498515,NC,MDC,2.0,EHZ,1,102.0,,303.2,,16.42349065882
nc73498515,NC,MLH,,EHZ,1,121.0,,48.5,,8.32850000234
nc73498520,NC,MGPB,,EHZ,1,166.0,,260.3,,1.7068421233100002
nc73498520,NC,MCO,,EHZ,1,162.0,,120.3,,2.133830641454
nc73498520,NC,MLC,,EHZ,-1,153.0,,236.4,,3.33028805167
nc73498520,CI,MLAC,,HHZ,1,147.0,,87.7,,4.222071363002
nc73498520,NC,MDR,2.0,EHZ,1,146.0,,76.2,,4.3577291734540005
nc73498520,NC,MCV,,EHZ,1,134.0,,131.7,,6.461537184726001
nc73498520,NC,MLH,,EHZ,1,126.0,,47.5,,8.221752872804
nc73498520,NC,MMP,,EHZ,1,109.0,,260.7,,12.96532844156
nc73498520,NC,MINS,,HHZ,1,106.0,,280.2,,15.87863551848
nc73498525,NC,MLH,,EHZ,1,166.0,,3.0,,2.561931108864
nc73498525,NC,MDR,2.0,EHZ,-1,166.0,,221.2,,2.591953739046
nc73498525,NC,MCO,,EHZ,-1,150.0,,225.2,,5.76545694421
nc73498525,NC,MCV,,EHZ,-1,144.0,,188.7,,7.352208546792
nc73498535,NC,MCB,,HHZ,1,164.0,,318.1,,1.7791188256
nc73498535,NC,MGPB,,EHZ,-1,163.0,,247.5,,1.866962817614
nc73498535,NC,MCO,,EHZ,-1,159.0,,129.9,,2.341765154196
nc73498535,NC,MLC,,EHZ,-1,149.0,,231.1,,3.6171709622980006
nc73498535,NC,MDR,2.0,EHZ,1,144.0,,81.7,,4.233190855662
nc73498535,NC,MCV,,EHZ,-1,129.0,,134.7,,6.719509414438
nc73498535,NC,MMX1,,HN3,1,128.0,,255.8,,6.959690455894001
nc73498535,NC,MMLB,,HHZ,-1,120.0,,289.4,,8.950079642034002
nc73498535,NC,MDY,,HHZ,1,110.0,,284.1,,11.71994526364
nc73498535,NC,MQ1P,,EHZ,1,106.0,,259.8,,12.37599533058
nc73498535,NC,MMP,,EHZ,1,105.0,,258.8,,13.08764286082
nc73498535,NC,MINS,,HHZ,1,103.0,,278.7,,15.856396533160002
nc73498535,NC,MDC,2.0,EHZ,1,102.0,,301.6,,16.4012516735
nc73498535,NC,MMT,,EHZ,1,91.0,,222.6,,38.68471496414
nc73498535,NC,MLH,,EHZ,1,124.0,,49.6,,7.908183179792
nc73498535,NC,MLM,,EHZ,-1,109.0,,332.2,,11.99793258014
nc73498555,NC,MCB,,HHZ,-1,162.0,,316.4,,2.108255808336
nc73498555,CI,MLAC,,HHZ,1,148.0,,90.8,,3.909613619256
nc73498555,NC,MCV,,EHZ,-1,133.0,,135.0,,6.38814853317
nc73498555,NC,MEM,,EHZ,1,132.0,,306.9,,6.552717024538
nc73498555,NC,MMX1,,HN3,-1,129.0,,257.9,,7.1720727657
nc73498555,NC,MDY,,HHZ,1,108.0,,284.7,,12.02017156546
nc73498555,NC,MLM,,EHZ,-1,108.0,,331.6,,12.29815888196
nc73498555,NC,MQ1P,,EHZ,1,108.0,,260.9,,12.60950467644
nc73498555,NC,MBS1,,EP1,1,105.0,,338.7,,15.53393124602
nc73498555,NC,MINS,,HHZ,1,104.0,,279.2,,16.14550334232
nc73498555,NC,MDC,2.0,EHZ,1,104.0,,301.8,,16.734836453299998
nc73498555,NC,MMT,,EHZ,1,91.0,,223.1,,38.71807344212
nc73498555,NC,MTU,2.0,EHZ,-1,91.0,,137.7,,41.65361950436
nc73498555,NC,MMI,,EHZ,1,86.0,,253.1,,79.84907679145999
nc73498555,BK,TOLH,0.0,HHZ,-1,86.0,,213.4,,90.50155075974
nc73498555,NC,MHD,,EHZ,1,85.0,,237.8,,106.43578374152
nc73498555,NC,MCO,,EHZ,-1,162.0,,130.3,,2.008180374396
nc73498555,NC,MDR,2.0,EHZ,1,147.0,,78.3,,4.0074651546640006
nc73498555,NC,MGPB,,EHZ,-1,162.0,,255.6,,2.054882243568
nc73498555,NC,MLC,,EHZ,-1,149.0,,236.2,,3.710574700642
nc73498555,NC,MLH,,EHZ,1,126.0,,47.2,,7.84480207163
nc73498555,NC,MMP,,EHZ,1,107.0,,259.9,,13.31003271402
nc73498620,NC,MCS,,EHZ,1,152.0,,316.3,,3.28581008103
nc73498620,NC,MDH,,HNZ,1,136.0,,333.8,,5.729874567698
nc73498620,NC,MEM,,EHZ,-1,133.0,,304.5,,6.3937082795
nc73498620,NC,MMX1,,HN3,-1,129.0,,255.5,,7.27214819964
nc73498620,NC,MMLB,,HHZ,1,121.0,,288.1,,9.193596531288
nc73498620,NC,MDY,,HHZ,1,111.0,,283.2,,11.97569359482
nc73498620,NC,MLI,,HHZ,1,108.0,,271.8,,12.1758444627
nc73498620,NC,MQ1P,,EHZ,1,107.0,,259.6,,12.68734112506
nc73498620,NC,MDC,2.0,EHZ,-1,104.0,,300.8,,16.60140254138
nc73498620,NC,MRC,,EHZ,1,92.0,,82.1,,33.21392457542
nc73498620,NC,MMT,,EHZ,1,91.0,,222.8,,38.9738217733
nc73498620,NC,MTU,2.0,EHZ,-1,91.0,,138.0,,41.8648898649
nc73498620,NC,MMI,,EHZ,1,86.0,,252.9,,79.97139121072
nc73498620,BK,TOLH,0.0,HHZ,1,86.0,,213.3,,90.77953807624
nc73498620,NC,MPR,,EHZ,1,85.0,,281.1,,101.78783580964
nc73498620,NC,MHD,,EHZ,1,85.0,,237.7,,106.62481511674
nc73498620,BK,HELL,0.0,HHZ,-1,85.0,,186.9,,106.5803371461
nc73498620,CI,MLAC,,HHZ,1,148.0,,95.4,,3.89738217733
nc73498620,NC,MCB,,HHZ,1,163.0,,309.3,,1.915888585318
nc73498620,NC,MCO,,EHZ,-1,161.0,,137.1,,2.203883445212
nc73498620,NC,MCV,,EHZ,-1,132.0,,137.1,,6.59385914738
nc73498620,NC,MDR,2.0,EHZ,1,148.0,,82.7,,3.926292858246
nc73498620,NC,MINS,,HHZ,1,104.0,,278.1,,16.123264357
nc73498620,NC,MLC,,EHZ,-1,148.0,,232.6,,3.917397264118
nc73498620,NC,MLH,,EHZ,1,127.0,,48.8,,7.612404675035999
nc73498620,NC,MLM,,EHZ,-1,108.0,,330.8,,12.04241055078
nc73498620,NC,MMP,,EHZ,1,107.0,,258.6,,13.38786916264
nc73498630,NC,MCB,,HHZ,1,164.0,,305.1,,1.850283578624
nc73498630,NC,MCO,,EHZ,-1,160.0,,140.1,,2.295063285024
nc73498630,NC,MCS,,EHZ,1,154.0,,314.1,,3.20241388608
nc73498630,NC,MDR,2.0,EHZ,1,149.0,,84.8,,3.88070293834
nc73498630,CI,MLAC,,HHZ,1,149.0,,97.6,,3.885150735404
nc73498630,NC,MLC,,EHZ,-1,148.0,,231.2,,4.03081608925
nc73498630,NC,MDH,,HNZ,1,138.0,,332.8,,5.610895996236
nc73498630,NC,MEM,,EHZ,1,134.0,,303.3,,6.335886917668001
nc73498630,NC,MCV,,EHZ,-1,132.0,,138.2,,6.683927037926
nc73498630,NC,MMX1,,EP1,1,129.0,,254.4,,7.338865155600001
nc73498630,NC,MLH,,EHZ,1,128.0,,49.5,,7.493426103574
nc73498630,NC,MMLB,,HHZ,1,121.0,,287.2,,9.176917292298
nc73498630,NC,MLM,,EHZ,-1,112.0,,330.3,,11.931215624180002
nc73498630,NC,MDY,,HHZ,1,112.0,,282.5,,11.97569359482
nc73498630,NC,MLI,,HHZ,1,109.0,,271.1,,12.20920294068
nc73498630,NC,MQ1P,,EHZ,1,108.0,,258.9,,12.74293858836
nc73498630,NC,MCY,,EHZ,1,108.0,,274.0,,13.22107677274
nc73498630,NP,1576,10.0,HNZ,-1,108.0,,123.0,,13.343391192
nc73498630,NC,MMP,,EHZ,1,108.0,,258.0,,13.4545861186
nc73498630,NC,MBS1,,EP1,1,106.0,,337.9,,15.13362951026
nc73498630,NC,MINS,,HHZ,1,105.0,,277.6,,16.13438384966
nc73498630,NC,MDC,2.0,EHZ,-1,105.0,,300.3,,16.545805078079997
nc73498630,NC,MRC,,EHZ,1,92.0,,82.4,,33.16944660478
nc73498630,NC,MMT,,EHZ,1,91.0,,222.7,,39.09613619256
nc73498630,NC,MTU,2.0,EHZ,-1,91.0,,138.2,,41.96496529884
nc73498630,NC,MFB,,EHZ,-1,90.0,,119.8,,45.91238519314
nc73498630,NC,MMI,,EHZ,1,87.0,,252.8,,80.03810816668
nc73498630,BK,TOLH,0.0,HHZ,1,86.0,,213.3,,90.92409148082
nc73498630,NC,MPR,,EHZ,1,85.0,,281.0,,101.78783580964
nc73498630,NC,MHD,,EHZ,1,85.0,,237.6,,106.72489055068
nc73498630,BK,HELL,0.0,HHZ,-1,85.0,,186.9,,106.72489055068
nc73498630,BK,BUCR,0.0,BHZ,1,85.0,,272.6,,112.1956809394
nc73498630,BK,LEGD,0.0,HHZ,1,84.0,,247.7,,121.6472497004
nc73498630,BK,LIND,0.0,HHZ,-1,83.0,,186.3,,143.1078705342
nc73498630,CI,CWC,,HHZ,-1,83.0,,151.7,,150.4467356898
nc73498630,CI,ISA,,HHZ,-1,49.0,,170.5,,221.83387856700003
nc73498630,CI,POR,,HHZ,1,82.0,,183.7,,170.2394326246
nc73498630,CI,WOR,,HHZ,-1,49.0,,165.0,,222.6122430532
nc73498630,NC,BMS,,EHZ,-1,80.0,,238.1,,201.262817146
nc73498630,NC,HSL,2.0,EHZ,1,69.0,,251.3,,207.1561482558
nc73498635,NC,MCB,,HHZ,-1,164.0,,321.4,,1.622333979094
nc73498635,NC,MCO,,EHZ,-1,156.0,,128.3,,2.5141172904260003
nc73498635,CI,MLAC,,HHZ,1,142.0,,94.1,,4.362176970518
nc73498635,NC,MDR,2.0,EHZ,1,141.0,,82.8,,4.399983245562
nc73498635,NC,MMX1,,HN3,1,127.0,,254.9,,6.802905609388
nc73498635,NC,MCV,,EHZ,-1,126.0,,134.0,,6.885189855072
nc73498635,NC,MLM,,EHZ,1,108.0,,332.9,,11.86449866822
nc73498635,NC,MQ1P,,EHZ,1,103.0,,259.4,,12.20920294068
nc73498635,NC,MMP,,EHZ,1,103.0,,258.5,,12.92085047092
nc73498635,NC,MINS,,HHZ,1,101.0,,278.5,,15.66736515794
nc73498635,NC,MDC,2.0,EHZ,-1,100.0,,301.8,,16.22333979094
nc73498635,NC,MMT,,EHZ,-1,86.0,,222.3,,38.60687851552
nc73498635,NC,MLC,,EHZ,-1,148.0,,228.6,,3.517095528358
nc73498635,NC,MLH,,EHZ,1,121.0,,50.7,,8.008258613732
nc73498645,NC,MDR,2.0,EHZ,-1,177.0,,142.9,,0.26130807751
nc73498645,NC,MCO,,EHZ,1,154.0,,223.9,,3.214645328006
nc73498645,NC,MLH,,EHZ,1,143.0,,24.9,,4.741351670224
nc73498645,NC,MCB,,HHZ,-1,140.0,,275.6,,5.247288586254
nc73498645,NC,MCV,,EHZ,-1,138.0,,172.2,,5.579761416788
nc73498645,NC,MCS,,EHZ,1,134.0,,285.6,,6.23803538226
nc73498645,NC,MLC,,EHZ,-1,128.0,,245.7,,7.512329241095999
nc73498645,NC,MDH1,1.0,DP1,-1,127.0,,305.3,,7.685793326592
nc73498645,NC,MMP,,EHZ,1,104.0,,258.8,,17.190735652359997
nc73498645,NC,MMT,,EHZ,1,91.0,,225.9,,42.0872797181
nc73498670,NC,MDR,2.0,EHZ,-1,164.0,,6.3,,1.96815020082
nc73498670,NC,MCO,,EHZ,-1,163.0,,266.1,,2.17942056136
nc73498670,NC,MCV,,EHZ,-1,154.0,,166.4,,3.461498065058
nc73498670,NC,MCB,,HHZ,-1,139.0,,297.5,,5.814382711914001
nc73498670,NC,MLH,,EHZ,1,134.0,,17.6,,6.784002471866001
nc73498670,NC,MLC,,EHZ,-1,134.0,,262.3,,6.855167224890001
nc73498670,NC,MCS,,EHZ,-1,133.0,,302.9,,7.079780976622001
nc73498670,NC,MMP,,EHZ,1,108.0,,266.0,,16.8460313799
nc73498670,NC,MINS,,HHZ,1,104.0,,280.8,,19.99284780268
nc73498670,NC,MDC,2.0,EHZ,1,103.0,,299.1,,20.5154639577
nc73498670,NC,MMT,,EHZ,1,92.0,,228.0,,40.57502871634
nc73498675,NC,MCB,,HHZ,1,163.0,,318.9,,1.853619426422
nc73498675,NC,MCO,,EHZ,-1,159.0,,129.0,,2.272824299704
nc73498675,NC,MLC,,EHZ,-1,149.0,,232.4,,3.5938200277120003
nc73498675,CI,MLAC,,HHZ,1,145.0,,92.5,,4.148682711446001
nc73498675,NC,MEM,,EHZ,-1,132.0,,307.3,,6.286961149964
nc73498675,NC,MCV,,EHZ,-1,130.0,,134.4,,6.647232712148
nc73498675,NC,MMX1,,HN3,1,128.0,,256.4,,6.970809948554
nc73498675,NC,MMLB,,HHZ,-1,119.0,,289.7,,9.002341257536001
nc73498675,NC,MQ1P,,EHZ,1,106.0,,260.2,,12.3982343159
nc73498675,NC,MBS1,,EP1,1,103.0,,339.4,,15.33378037814
nc73498675,NC,MINS,,HHZ,1,103.0,,278.9,,15.88975501114
nc73498675,NC,MDC,2.0,EHZ,-1,102.0,,301.8,,16.46796862946
nc73498675,NC,MMT,,EHZ,1,91.0,,222.7,,38.651356486160005
nc73498675,NC,MMI,,EHZ,1,86.0,,253.0,,79.66004541624001
nc73498675,BK,TOLH,0.0,HHZ,-1,85.0,,213.3,,90.47931177442
nc73498675,NC,MHD,,EHZ,1,85.0,,237.7,,106.3023498296
nc73498675,NC,MDR,2.0,EHZ,1,144.0,,80.7,,4.215399667406
nc73498675,NC,MLH,,EHZ,1,124.0,,49.0,,7.933758012909999
nc73498675,NC,MLM,,EHZ,-1,106.0,,332.3,,12.07576902876
nc73498675,NC,MMP,,EHZ,1,105.0,,259.2,,13.09876235348
nc73498680,NC,MCB,,HHZ,1,162.0,,331.6,,2.00706842513
nc73498680,NC,MCO,,EHZ,-1,159.0,,117.5,,2.291727437226
nc73498680,NC,MLC,,EHZ,-1,153.0,,234.8,,3.161271763238
nc73498680,NC,MDR,2.0,EHZ,-1,143.0,,76.6,,4.54787249794
nc73498680,NC,MCV,,EHZ,-1,131.0,,130.5,,6.59385914738
nc73498680,NC,MLH,,EHZ,1,122.0,,48.3,,8.376313820778
nc73498680,NC,MMP,,EHZ,1,106.0,,260.6,,12.77629706634
nc73498680,NC,MBS1,,EP1,1,104.0,,340.8,,15.58952870932
nc73498680,NC,MMT,,EHZ,-1,91.0,,222.8,,38.206576779760006
nc73498685,NC,MCO,,EHZ,-1,162.0,,113.9,,2.015964019258
nc73498685,NC,MLC,,EHZ,-1,153.0,,240.3,,3.194630241218
nc73498685,NC,MDR,2.0,EHZ,1,144.0,,73.0,,4.42555807868
nc73498685,NC,MCV,,EHZ,-1,133.0,,129.9,,6.2925208962940005
nc73498685,NC,MLH,,EHZ,1,123.0,,46.2,,8.398552806098
nc73498685,NC,MMP,,EHZ,1,106.0,,261.8,,12.92085047092
nc73498715,NP,1576,10.0,HNZ,-1,118.0,,47.0,,10.966043661292
nc73498715,NC,MLC,,EHZ,-1,110.0,,332.7,,13.7325734351
nc73498715,NC,MDR,2.0,EHZ,1,109.0,,2.6,,15.066912554300002
nc73498715,NC,MMX1,,HN3,1,108.0,,321.3,,16.35677370286
nc73498715,NC,MLH,,EHZ,-1,104.0,,7.3,,19.72597997884
nc73498715,NC,MMP,,EHZ,-1,103.0,,306.3,,20.2374766412
nc73498715,NC,MDY,,HHZ,1,99.0,,319.4,,22.80607944566
nc73498715,NC,MINS,,HHZ,-1,98.0,,311.4,,25.5192356547
nc73498715,NC,MLM,,EHZ,1,97.0,,340.1,,26.664543398680003
nc73498715,NC,MDC,2.0,EHZ,-1,96.0,,322.9,,28.910680916
nc73498715,NC,MMT,,EHZ,1,94.0,,244.8,,32.869220302959995
nc73498715,NC,MRC,,EHZ,1,93.0,,57.2,,35.29326970284
nc73498715,CI,MLAC,,HHZ,1,110.0,,2.7,,14.21071161948
nc73498715,NC,MCO,,EHZ,1,111.0,,352.5,,13.0654038755
nc73498715,NC,MCV,,EHZ,1,121.0,,7.5,,9.81851201878
nc73498720,NC,MCB,,HHZ,-1,161.0,,323.7,,2.008180374396
nc73498720,NC,MCS,,EHZ,-1,150.0,,324.7,,3.412572297354
nc73498720,CI,MLAC,,HHZ,-1,144.0,,89.4,,4.174257544564
nc73498720,NC,MDR,2.0,EHZ,1,144.0,,77.8,,4.285452471164
nc73498720,NC,MCV,,EHZ,-1,130.0,,132.8,,6.51602269876
nc73498720,NC,MMX1,,HN3,1,128.0,,258.2,,6.892973499934
nc73498720,NC,MMLB,,HHZ,-1,119.0,,291.1,,9.052378974506
nc73498720,NC,MDY,,HHZ,-1,109.0,,285.5,,11.79778171226
nc73498720,NC,MQ1P,,EHZ,1,105.0,,261.2,,12.33151735994
nc73498720,NC,MINS,,HHZ,1,102.0,,279.7,,15.9008745038
nc73498720,NC,MDC,2.0,EHZ,-1,101.0,,302.5,,16.55692457074
nc73498720,NC,MMT,,EHZ,1,91.0,,222.9,,38.4734446036
nc73498720,NC,MCO,,EHZ,-1,160.0,,123.9,,2.1649652209020003
nc73498720,NC,MLC,,EHZ,-1,150.0,,235.0,,3.439259079738
nc73498720,NC,MLH,,EHZ,1,122.0,,48.0,,8.102774301342
nc73498720,NC,MMP,,EHZ,1,105.0,,260.1,,13.03204539752
nc73498730,NC,MCV,,EHZ,1,103.0,,16.3,,10.626899135162
nc73498730,NC,MLC,,EHZ,-1,94.0,,340.0,,13.46570561126
nc73498730,CI,MLAC,,HHZ,-1,94.0,,9.2,,14.8445227011
nc73498730,NC,MDR,2.0,EHZ,1,94.0,,8.7,,15.70072363592
nc73498730,NC,MMP,,EHZ,-1,85.0,,310.4,,19.1811248385
nc73498730,NC,MLH,,EHZ,1,85.0,,11.9,,20.47098598706
nc73498730,NC,MMT,,EHZ,1,78.0,,244.2,,31.134579448000004
nc73498735,NC,MCV,,EHZ,1,128.0,,8.4,,9.708429041446
nc73498735,NP,1576,10.0,HNZ,1,124.0,,47.9,,10.976051204686
nc73498735,NC,MCB,,HHZ,1,113.0,,343.8,,16.2900567469
nc73498735,NC,MQ1P,,EHZ,-1,109.0,,308.1,,19.7370994715
nc73498735,NC,MEM,,EHZ,-1,109.0,,335.3,,19.88165287608
nc73498735,NC,MMLB,,HHZ,-1,107.0,,325.7,,20.93800467878
nc73498735,NC,MDY,,HHZ,-1,104.0,,319.5,,22.6281675631
nc73498735,NC,MINS,,HHZ,-1,103.0,,311.4,,25.33020427948
nc73498735,NC,MDC,2.0,EHZ,-1,100.0,,323.0,,28.732769033440004
nc73498735,NC,MBS1,,EP1,1,99.0,,343.0,,29.90031576274
nc73498735,NC,MMT,,EHZ,1,98.0,,244.5,,32.81362283966
nc73498735,NC,MRC,,EHZ,1,97.0,,57.5,,35.33774767348
nc73498735,NC,MFB,,EHZ,1,96.0,,102.5,,37.73955808804
nc73498735,NC,MMI,,EHZ,1,88.0,,263.6,,80.060347152
nc73498735,BK,TOLH,0.0,HHZ,1,88.0,,220.8,,81.12781844736
nc73498735,BK,HELL,0.0,HHZ,1,87.0,,189.8,,92.74768827706
nc73498735,NC,MHD,,EHZ,1,87.0,,245.5,,102.47724435456
nc73498735,NC,MPR,,EHZ,1,86.0,,288.4,,108.43729242032
nc73498735,BK,LEGD,0.0,HHZ,1,85.0,,254.8,,119.86813087480002
nc73498735,CI,MLAC,,HHZ,1,116.0,,3.3,,14.08839720022
nc73498735,NC,MCO,,EHZ,-1,117.0,,353.0,,12.92085047092
nc73498735,NC,MDR,2.0,EHZ,1,115.0,,3.1,,14.94459813504
nc73498735,NC,MLC,,EHZ,-1,116.0,,332.9,,13.55466155254
nc73498735,NC,MLH,,EHZ,1,109.0,,7.8,,19.61478505224
nc73498735,NC,MLM,,EHZ,-1,102.0,,340.3,,26.497751008780003
nc73498735,NC,MMP,,EHZ,-1,108.0,,306.2,,20.04844526598
nc73498740,NC,MCV,,EHZ,1,96.0,,17.2,,10.211030109678
nc73498740,NC,MCO,,EHZ,1,90.0,,0.1,,12.96532844156
nc73498740,NC,MDR,2.0,EHZ,1,87.0,,9.1,,15.26706342218
nc73498740,NC,MMT,,EHZ,1,75.0,,243.4,,31.3013718379
nc73498745,NC,MCO,,EHZ,-1,158.0,,127.3,,2.388467023368
nc73498745,NC,MLC,,EHZ,-1,149.0,,230.8,,3.501528238634
nc73498745,NC,MDR,2.0,EHZ,1,143.0,,81.2,,4.343273832996
nc73498745,NC,MEM,,EHZ,-1,131.0,,307.9,,6.1713184263
nc73498745,NC,MCV,,EHZ,-1,128.0,,133.7,,6.75509179095
nc73498745,NC,MMP,,EHZ,1,104.0,,259.0,,12.96532844156
nc73498745,NC,MINS,,HHZ,1,102.0,,278.9,,15.75632109922
nc73498745,NC,MDC,2.0,EHZ,-1,101.0,,302.0,,16.3456542102
nc73498745,NC,MMT,,EHZ,-1,88.0,,222.5,,38.57352003754
nc73498745,NC,MCB,,HHZ,1,163.0,,321.8,,1.754655941748
nc73498745,NC,MLH,,EHZ,1,122.0,,49.8,,8.022713954190001
nc73498745,NC,MLM,,EHZ,1,108.0,,332.8,,11.99793258014
nc73498750,NC,MCV,,EHZ,1,98.0,,17.5,,10.90822229946
nc73498750,NC,MLC,,EHZ,1,90.0,,341.5,,13.55466155254
nc73498750,NC,MCO,,EHZ,1,90.0,,1.3,,13.6213785085
nc73498750,NC,MMT,,EHZ,-1,77.0,,244.3,,30.77875568288
nc73498755,NC,MLC,,EHZ,-1,107.0,,333.2,,13.1877
nc73498755,NC,MMX1,,HN3,1,104.0,,321.4,,15.7897
nc73498755,NC,MCS,,EHZ,-1,103.0,,342.9,,17.2797
nc73498755,NC,MLH,,EHZ,1,100.0,,8.6,,19.359
nc73498755,NC,MMP,,EHZ,-1,100.0,,305.9,,19.6815
nc73498755,NC,MINS,,HHZ,-1,94.0,,311.2,,24.9521
nc73498755,NC,MLM,,EHZ,1,94.0,,340.5,,26.1308
nc73498755,NC,MBS1,,EP1,1,91.0,,343.3,,29.5445
nc73498755,NC,MMT,,EHZ,1,91.0,,243.8,,32.7247
nc73498755,NC,MRC,,EHZ,1,91.0,,58.1,,35.3822
nc73498755,CI,MLAC,,HHZ,1,106.0,,4.3,,13.8104
nc73498755,NC,MCB,,HHZ,-1,104.0,,344.3,,15.9454
nc73498755,NC,MCO,,EHZ,1,107.0,,353.9,,12.5984
nc73498755,NC,MCV,,EHZ,1,119.0,,10.0,,9.4549
nc73498755,NC,MDR,2.0,EHZ,1,105.0,,4.1,,14.6666
nc73498760,NC,MCV,,EHZ,1,106.0,,25.2,,9.986416357946
nc73498760,NC,MLC,,EHZ,1,99.0,,343.8,,11.96457410216
nc73498760,NC,MCO,,EHZ,-1,96.0,,5.9,,12.309278374620002
nc73498760,NC,MDR,2.0,EHZ,1,96.0,,14.2,,14.811164223120002
nc73498760,NC,MMT,,EHZ,-1,79.0,,241.2,,30.534126844360003
nc73498765,NC,MDR,2.0,EHZ,-1,174.0,,181.5,,0.707755707809
nc73498765,CI,MLAC,,HHZ,-1,167.0,,181.2,,1.5700723635920002
nc73498765,NC,MCO,,EHZ,-1,151.0,,220.5,,3.703903005046
nc73498765,NC,MLH,,EHZ,-1,148.0,,25.6,,4.2142877181400005
nc73498765,NC,MCV,,EHZ,-1,137.0,,174.5,,6.055675702636
nc73498765,NC,MCS,,EHZ,-1,135.0,,280.8,,6.295856744092
nc73498765,NC,MDH1,1.0,DP1,-1,129.0,,301.5,,7.559031110268
nc73498765,NC,MLC,,EHZ,-1,128.0,,243.0,,7.887056143738001
nc73498765,NC,MMP,,EHZ,1,105.0,,257.3,,17.46872296886
nc73498790,NC,MCB,,HHZ,1,166.0,,309.0,,1.66236415267
nc73498790,NC,MLC,,EHZ,-1,149.0,,228.9,,3.874031242744001
nc73498790,NC,MCV,,EHZ,-1,132.0,,136.9,,6.846271630762
nc73498790,NC,MMP,,EHZ,-1,108.0,,257.8,,13.24331575806
nc73498790,NC,MINS,,HHZ,1,106.0,,277.6,,15.91199399646
nc73498790,NC,MDC,2.0,EHZ,1,106.0,,300.6,,16.3456542102
nc73498790,NC,MMT,,EHZ,-1,91.0,,222.4,,38.96270228064
nc73498790,NC,MCO,,EHZ,-1,159.0,,136.4,,2.456295928594
nc73498790,NC,MLH,,EHZ,1,128.0,,50.7,,7.651322899346
nc73498795,NC,MCO,,EHZ,-1,159.0,,115.4,,2.25169726365
nc73498795,NC,MLC,,EHZ,-1,153.0,,236.2,,3.109010147736
nc73498795,NC,MCS,,EHZ,-1,150.0,,330.1,,3.487072898176
nc73498795,NC,MDR,2.0,EHZ,-1,142.0,,75.4,,4.57011148326
nc73498795,NC,MCV,,EHZ,-1,130.0,,129.8,,6.5338138870160005
nc73498795,NC,MLH,,EHZ,1,122.0,,47.8,,8.438582979674
nc73498795,NC,MMP,,EHZ,-1,105.0,,261.0,,12.75405808102
nc73498815,CI,MLAC,,HHZ,1,145.0,,88.7,,4.21984746447
nc73498815,NC,MDH,,HNZ,1,133.0,,338.6,,6.01564552906
nc73498815,NC,MDH1,1.0,DP1,1,133.0,,338.6,,6.01564552906
nc73498815,NC,MEM,,EHZ,-1,131.0,,309.7,,6.401491924362
nc73498815,NC,MCV,,EHZ,-1,131.0,,132.2,,6.51046295243
nc73498815,NC,MMX1,,HN3,1,129.0,,258.5,,6.8384879859
nc73498815,NC,MMLB,,HHZ,-1,120.0,,291.6,,9.031251938452
nc73498815,NC,MDY,,HHZ,1,110.0,,285.8,,11.76442323428
nc73498815,NC,MLI,,HHZ,1,110.0,,274.0,,11.86449866822
nc73498815,NC,MQ1P,,EHZ,1,106.0,,261.4,,12.27591989664
nc73498815,NC,MBS1,,EP1,1,103.0,,340.0,,15.567289724000002
nc73498815,NC,MCB,,HHZ,-1,161.0,,325.6,,2.028195461184
nc73498815,NC,MCO,,EHZ,-1,160.0,,122.0,,2.171636916498
nc73498815,NC,MDR,2.0,EHZ,1,144.0,,77.2,,4.341049934464
nc73498815,NC,MINS,,HHZ,1,103.0,,279.9,,15.86751602582
nc73498815,NC,MLC,,EHZ,-1,151.0,,235.3,,3.371430174512
nc73498815,NC,MLH,,EHZ,1,123.0,,47.9,,8.1728271051
nc73498815,NC,MLM,,EHZ,-1,106.0,,333.2,,12.2870393893
nc73498815,NC,MMP,,EHZ,1,106.0,,260.3,,12.97644793422
nc73498820,NC,MLC,,EHZ,1,139.0,,210.8,,4.146458812914
nc73498820,NC,MDR,2.0,EHZ,1,134.0,,98.1,,4.929271096178001
nc73498820,NC,MLH,,EHZ,1,118.0,,60.3,,7.732495195764001
nc73498820,NC,MCV,,EHZ,1,116.0,,137.7,,8.132796931524
nc73498820,NC,MMP,,EHZ,1,99.0,,252.5,,12.7318190957
nc73498825,NC,MCB,,HHZ,-1,163.0,,324.9,,1.683491188724
nc73498825,NC,MCO,,EHZ,-1,155.0,,125.7,,2.482982710978
nc73498825,NC,MLC,,EHZ,-1,147.0,,229.6,,3.411460348088
nc73498825,NC,MDR,2.0,EHZ,1,139.0,,81.4,,4.458916556659999
nc73498825,NC,MCV,,EHZ,-1,125.0,,133.0,,6.840711884432
nc73498825,NC,MLH,,EHZ,1,119.0,,50.3,,8.112781844736
nc73498825,NC,MMP,,EHZ,1,101.0,,258.9,,12.85413351496
nc73498825,NC,MBS1,,EP1,-1,100.0,,340.2,,15.2337049442
nc73498825,NC,MMT,,EHZ,-1,82.0,,222.4,,38.49568358892
nc73498840,NC,MCB,,HHZ,1,169.0,,346.7,,1.8513955278900005
nc73498840,NC,MLC,,EHZ,-1,164.0,,229.0,,2.720939853902
nc73498840,NC,MCO,,EHZ,1,164.0,,111.7,,2.759858078212
nc73498840,NC,MCS,,EHZ,-1,162.0,,337.8,,3.203525835346
nc73498840,NC,MDR,2.0,EHZ,1,152.0,,77.6,,5.072712551492001
nc73498840,NC,MCV,,EHZ,-1,144.0,,127.4,,6.98304139048
nc73498840,NC,MLH,,EHZ,1,137.0,,50.4,,8.803302338922
nc73498840,NC,MBS1,,EP1,-1,120.0,,342.6,,15.456094797400002
nc73498850,NC,MLC,,EHZ,-1,151.0,,226.3,,3.46928170992
nc73498850,NC,MDR,2.0,EHZ,1,143.0,,83.9,,4.523409614088
nc73498850,NC,MEM,,EHZ,-1,135.0,,307.7,,5.894443059066
nc73498850,NC,MCV,,EHZ,-1,129.0,,133.6,,7.031967158184001
nc73498850,NC,MDY,,HHZ,1,113.0,,283.8,,11.38636048384
nc73498850,NC,MQ1P,,EHZ,-1,107.0,,258.9,,12.09800801408
nc73498850,NC,MMP,,EHZ,1,107.0,,258.0,,12.80965554432
nc73498850,NC,MCB,,HHZ,-1,167.0,,323.6,,1.482228371578
nc73498850,NC,MLH,,EHZ,1,124.0,,51.7,,8.064968026298
nc73498870,NC,MCB,,HHZ,1,170.0,,347.9,,1.82359679624
nc73498870,NC,MLC,,EHZ,-1,166.0,,228.1,,2.699812817848
nc73498870,NC,MCO,,EHZ,1,166.0,,111.8,,2.80767189665
nc73498870,NC,MCV,,EHZ,1,147.0,,127.3,,7.029743259652
nc73498870,NC,MLH,,EHZ,1,140.0,,50.7,,8.825541324242
nc73498870,NC,MDC,2.0,EHZ,-1,123.0,,304.6,,15.97871095242
nc73498895,NC,MLC,,EHZ,-1,115.0,,332.9,,13.7881708984
nc73498895,NC,MMX1,,HN3,-1,113.0,,321.5,,16.4012516735
nc73498895,NC,MCS,,EHZ,1,111.0,,342.3,,17.869024704620003
nc73498895,NC,MQ1P,,EHZ,-1,108.0,,308.4,,19.94836983204
nc73498895,NC,MEM,,EHZ,1,108.0,,335.2,,20.11516222194
nc73498895,NC,MMP,,EHZ,-1,108.0,,306.5,,20.27083511918
nc73498895,NC,MDH,,HNZ,1,107.0,,343.9,,20.58218091366
nc73498895,NC,MINS,,HHZ,-1,102.0,,311.5,,25.55259413268
nc73498895,NC,MDC,2.0,EHZ,1,99.0,,323.0,,28.9662783793
nc73498895,NC,MRC,,EHZ,1,96.0,,57.1,,35.34886716614
nc73498895,NC,MCD,,EHZ,1,96.0,,81.6,,35.78252737988
nc73498895,NC,MMI,,EHZ,1,88.0,,263.7,,80.14930309328
nc73498895,BK,TOLH,0.0,HHZ,1,88.0,,221.0,,81.04998199874
nc73498895,BK,HELL,0.0,HHZ,1,87.0,,189.9,,92.55865690184
nc73498895,NC,MHD,,EHZ,1,87.0,,245.6,,102.49948333988
nc73498895,NC,MPR,,EHZ,1,86.0,,288.4,,108.60408481022
nc73498895,CI,MLAC,,HHZ,1,115.0,,2.7,,14.277428575439998
nc73498895,NC,MCB,,HHZ,1,112.0,,343.6,,16.523566092760003
nc73498895,NC,MCO,,EHZ,1,116.0,,352.6,,13.13212083146
nc73498895,NC,MCV,,EHZ,1,127.0,,7.5,,9.894124568868
nc73498895,NC,MDR,2.0,EHZ,1,114.0,,2.6,,15.14474900292
nc73498895,NC,MLH,,EHZ,1,108.0,,7.4,,19.803816427460003
nc73498895,NC,MMT,,EHZ,1,97.0,,244.9,,32.82474233232
nc73498895,NC,PKYB,1.0,EHZ,-1,,,213.8,,297.3352337284
nc73498900,NC,MCV,,EHZ,1,101.0,,15.8,,11.004961885602
nc73498900,NC,MCO,,EHZ,1,94.0,,0.1,,13.79929039106
nc73498900,NC,MLC,,EHZ,-1,94.0,,340.6,,13.82152937638
nc73498900,NC,MDR,2.0,EHZ,-1,94.0,,8.6,,16.08990587902
nc73498905,NC,MCV,,EHZ,-1,106.0,,31.7,,9.867437786484
nc73498905,NC,MLC,,EHZ,-1,103.0,,347.5,,11.099477573212
nc73498905,NC,MCO,,EHZ,1,100.0,,10.8,,11.80890120492
nc73498905,NC,MDR,2.0,EHZ,1,96.0,,18.5,,14.455340458
nc73498905,NC,MMT,,EHZ,-1,79.0,,239.2,,30.03374967466
nc73498930,NC,MCO,,EHZ,-1,157.0,,113.9,,2.432944994008
nc73498930,NC,MDR,2.0,EHZ,1,139.0,,76.2,,4.751359213618
nc73498930,NC,MEM,,EHZ,-1,130.0,,313.1,,6.223580041802
nc73498930,NC,MMX1,,HN3,-1,129.0,,259.3,,6.431514554544
nc73498930,NC,MCV,,EHZ,-1,127.0,,128.9,,6.69393458132
nc73498930,NC,MMLB,,HHZ,-1,118.0,,293.5,,8.741033180026
nc73498930,NC,MMP,,EHZ,-1,103.0,,260.8,,12.576146198460002
nc73498930,NC,MINS,,HHZ,1,101.0,,280.8,,15.52281175336
nc73498930,NC,MBS1,,EP1,-1,101.0,,341.5,,15.60064820198
nc73498930,NC,MDC,2.0,EHZ,-1,100.0,,304.0,,16.32341522488
nc73498930,NC,MMT,,EHZ,1,86.0,,222.6,,38.01754540454
nc73498930,NC,MCB,,HHZ,1,161.0,,337.5,,1.991501135406
nc73498930,NC,MLC,,EHZ,-1,153.0,,233.8,,2.96334479389
nc73498930,NC,MLH,,EHZ,1,119.0,,48.8,,8.569792993062
nc73498940,NC,MCB,,HHZ,1,162.0,,322.8,,1.963702403756
nc73498940,NC,MCO,,EHZ,1,160.0,,125.1,,2.19609980035
nc73498940,NC,MLC,,EHZ,-1,151.0,,234.3,,3.4715056084520004
nc73498940,NC,MCV,,EHZ,-1,131.0,,133.2,,6.553828973804
nc73498940,NC,MMX1,,HN3,1,129.0,,257.7,,6.90520494186
nc73498940,NC,MLH,,EHZ,1,124.0,,48.3,,8.066079975564
nc73498940,NC,MMP,,EHZ,1,106.0,,259.9,,13.04316489018
nc73498940,NC,MINS,,HHZ,-1,104.0,,279.5,,15.88975501114
nc73498940,NC,MMT,,EHZ,1,91.0,,222.8,,38.51792257424
nc73498960,NC,MCB,,HHZ,-1,158.0,,72.2,,2.455183979328
nc73498960,NC,MCS,,EHZ,-1,158.0,,39.0,,2.4607437256580003
nc73498960,NC,MLC,,EHZ,-1,155.0,,166.0,,2.92442656958
nc73498960,NC,MCO,,EHZ,-1,136.0,,111.3,,5.719867024304
nc73498960,NC,MDR,2.0,EHZ,-1,126.0,,89.7,,7.720263753838001
nc73498960,NC,MCV,,EHZ,-1,117.0,,122.5,,9.858542192356
nc73498960,NC,MBS1,,EP1,-1,106.0,,352.3,,13.82152937638
nc73498970,NC,MMX1,,HN3,1,154.0,,99.9,,1.0077596197758
nc73498970,NC,MLC,,EHZ,1,99.0,,98.4,,4.973749066818
nc73498970,NC,MMP,,EHZ,1,99.0,,258.9,,5.191691122954
nc73498970,NC,MDC,2.0,EHZ,-1,73.0,,328.4,,11.88673765354
nc73498970,NC,MCV,,EHZ,1,73.0,,104.3,,12.93196996358
nc73498970,NC,MBS1,,EP1,1,72.0,,8.4,,15.97871095242
nc73498970,NC,MCB,,HHZ,1,73.0,,66.3,,7.1431620847840005
nc73498970,NC,MCO,,EHZ,1,73.0,,89.7,,9.54052470228
nc73498970,NC,MEM,,EHZ,-1,76.0,,27.6,,5.93780908044
nc73498970,NC,MGPB,,EHZ,1,76.0,,82.2,,6.070131043094
nc73498970,NC,MMLB,,HHZ,-1,99.0,,351.0,,4.543424700876
nc73498970,NC,MQ1P,,EHZ,1,99.0,,261.6,,4.490051136108
nc73498975,NC,MCS,,EHZ,-1,158.0,,64.4,,3.18573464709
nc73498975,NC,MGPB,,EHZ,-1,155.0,,120.3,,3.621618759362
nc73498975,NC,MCB,,HHZ,-1,155.0,,86.7,,3.6694325778
nc73498975,NC,MLC,,EHZ,-1,154.0,,149.0,,3.9396362494380006
nc73498975,NC,MCO,,EHZ,-1,137.0,,111.5,,7.147609881848001
nc73498975,NC,MDR,2.0,EHZ,-1,129.0,,93.2,,9.057938720836
nc73498995,NC,MCV,,EHZ,1,100.0,,12.2,,11.077238587892
nc73498995,NC,MCO,,EHZ,-1,93.0,,357.4,,14.05503872224
nc73498995,NC,MLC,,EHZ,1,93.0,,338.5,,14.2885480681
nc73498995,NC,MGPB,,EHZ,-1,93.0,,344.4,,15.400497334100002
nc73498995,NC,MDR,2.0,EHZ,1,94.0,,6.1,,16.24557877626
nc73498995,NC,MLH,,EHZ,1,84.0,,9.8,,20.9602436641
nc73498995,NC,MMT,,EHZ,-1,77.0,,245.7,,31.45704473514
nc73499015,NC,MLC,,EHZ,-1,152.0,,227.3,,3.45260247093
nc73499015,NC,MDR,2.0,EHZ,-1,144.0,,83.2,,4.500058679502
nc73499015,NC,MEM,,EHZ,1,136.0,,307.9,,5.9522644208980005
nc73499015,NC,MMX1,,HN3,-1,131.0,,254.6,,6.708389921778
nc73499015,NC,MCV,,EHZ,-1,130.0,,133.5,,6.971921897820001
nc73499015,NC,MLH,,EHZ,-1,125.0,,51.3,,8.077199468224
nc73499015,NC,MMP,,EHZ,1,108.0,,258.3,,12.82077503698
nc73499015,NC,MINS,,HHZ,-1,106.0,,278.5,,15.567289724000002
nc73499015,NC,MMT,,EHZ,1,91.0,,222.2,,38.55128105222
nc73499015,NC,MCB,,HHZ,-1,167.0,,323.9,,1.544497530474
nc73499015,NC,MCO,,EHZ,-1,158.0,,127.2,,2.60752102877
nc73499015,NC,MGPB,,EHZ,-1,166.0,,241.4,,1.646796862946
nc73499040,NP,1576,10.0,HNZ,1,72.0,,46.7,,12.8430140223
nc73499040,NC,MCO,,EHZ,1,71.0,,358.5,,14.26630908278
nc73499040,NC,MLC,,EHZ,1,71.0,,339.8,,14.38862350204
nc73499040,NC,MGPB,,EHZ,1,71.0,,345.6,,15.54505073868
nc73499040,NC,MDR,2.0,EHZ,1,71.0,,7.0,,16.490207614779997
nc73499040,NC,MMX1,,HN3,-1,71.0,,327.7,,16.64588051202
nc73499040,NC,MMP,,EHZ,-1,70.0,,311.6,,20.015086788
nc73499040,NC,MLH,,EHZ,1,69.0,,10.5,,21.22711148794
nc73499040,NC,MDC,2.0,EHZ,-1,67.0,,326.6,,29.21090721782
nc73499040,NC,MMT,,EHZ,1,66.0,,245.9,,31.11234046268
nc73499040,NC,MCV,,EHZ,1,72.0,,13.3,,11.35300200586
nc73499050,NC,MLC,,EHZ,-1,139.0,,53.2,,2.004844526598
nc73499050,NC,MMX1,,HN3,1,126.0,,307.2,,2.905523432058
nc73499050,NC,MGPB,,EHZ,-1,113.0,,44.4,,3.8540161559560007
nc73499050,NC,MCO,,EHZ,1,96.0,,72.4,,6.530478039218
nc73499050,NC,MQ1P,,EHZ,1,93.0,,279.4,,7.858145462822
nc73499050,NC,MMP,,EHZ,1,92.0,,276.4,,8.458598066462
nc73499050,NC,MINS,,HHZ,-1,89.0,,297.5,,12.66510213974
nc73499050,NC,MBS1,,EP1,1,82.0,,356.9,,17.75782977802
nc73499055,NC,MGPB,,EHZ,-1,172.0,,287.0,,1.235375634526
nc73499055,NC,MCO,,EHZ,-1,165.0,,100.3,,2.382907277038
nc73499055,NC,MCB,,HHZ,-1,164.0,,344.9,,2.47964686318
nc73499055,NC,MLC,,EHZ,-1,164.0,,242.3,,2.56860280446
nc73499055,NC,MDR,2.0,EHZ,1,150.0,,70.4,,5.022674834522
nc73499055,NC,MMX1,,HN3,1,144.0,,264.2,,6.235811483728
nc73499055,NC,MCV,,EHZ,-1,143.0,,124.4,,6.458201336928
nc73499055,NC,MLH,,EHZ,1,133.0,,46.6,,9.02902803992
nc73499055,NC,MBS1,,EP1,1,116.0,,342.5,,16.08990587902
nc73499115,NC,MGPB,,EHZ,-1,164.0,,256.0,,1.65680440634
nc73499115,NC,MCB,,HHZ,1,162.0,,326.8,,1.955918758894
nc73499115,NC,MCO,,EHZ,-1,159.0,,121.8,,2.253921162182
nc73499115,NC,MLC,,EHZ,-1,150.0,,234.1,,3.332511950202
nc73499115,NC,MCS,,EHZ,-1,150.0,,326.5,,3.361422631118
nc73499115,NC,MDR,2.0,EHZ,1,142.0,,77.9,,4.404431042626
nc73499115,NC,MCV,,EHZ,-1,129.0,,132.0,,6.590523299582
nc73499115,NC,MMX1,,HN3,-1,128.0,,258.1,,6.773994928472001
nc73499115,NC,MMP,,EHZ,-1,104.0,,260.1,,12.90973097826
nc73499115,NC,MBS1,,EP1,-1,102.0,,340.2,,15.511692260700002
nc73499115,NC,MDC,2.0,EHZ,1,101.0,,302.8,,16.46796862946
nc73499115,NC,MMT,,EHZ,-1,88.0,,222.8,,38.37336916966
nc73499115,NC,MLH,,EHZ,1,121.0,,48.4,,8.202849735282001
nc73499140,NC,MMX1,,HN3,1,170.0,,224.4,,1.227591989664
nc73499140,NC,MLC,,EHZ,1,154.0,,115.1,,3.382549667172
nc73499140,NC,MMLB,,HHZ,1,146.0,,326.0,,4.572335381792
nc73499140,NC,MCS,,EHZ,1,143.0,,49.5,,5.122750268462
nc73499140,NC,MDY,,HHZ,1,135.0,,303.9,,6.59941889371
nc73499140,NC,MDH,,HNZ,1,132.0,,30.8,,7.0808929258880005
nc73499140,NC,MDH1,1.0,DP1,-1,132.0,,30.8,,7.0808929258880005
nc73499140,NC,MCO,,EHZ,1,130.0,,95.0,,7.714704007508
nc73499140,CI,MLAC,,HHZ,1,121.0,,86.7,,10.076484248492
nc73499140,NC,MDR,2.0,EHZ,1,120.0,,81.8,,10.177671631698
nc73499140,NC,MINS,,HHZ,1,120.0,,288.2,,10.299986050958
nc73499140,NC,MCV,,EHZ,1,117.0,,110.0,,11.36412149852
nc73499140,NC,MDC,2.0,EHZ,1,111.0,,319.4,,12.40935380856
nc73499140,NC,MMT,,EHZ,1,93.0,,216.3,,34.29251536344
nc73499140,NC,MCB,,HHZ,1,142.0,,65.3,,5.1638923913040005
nc73499140,NC,MEM,,EHZ,1,146.0,,11.2,,4.644612084082
nc73499145,NC,MCV,,EHZ,1,140.0,,42.7,,4.143122965116
nc73499145,NC,MDR,2.0,EHZ,1,115.0,,14.8,,8.647629441682001
nc73499145,NC,MMX1,,HN3,-1,108.0,,304.9,,10.612443794704
nc73499145,NC,MCS,,EHZ,-1,107.0,,339.0,,10.971603407622
nc73499145,NC,MLH,,EHZ,1,99.0,,17.5,,13.48794459658
nc73499145,NC,MDH,,HNZ,-1,99.0,,342.1,,13.66585647914
nc73499145,NC,MDH1,1.0,DP1,-1,99.0,,342.1,,13.66585647914
nc73499145,NC,MMLB,,HHZ,1,98.0,,315.9,,14.94459813504
nc73499145,NC,MQ1P,,EHZ,-1,98.0,,291.6,,15.211465958880002
nc73499145,NC,MMP,,EHZ,1,98.0,,289.5,,15.711843128580002
nc73499145,NC,MINS,,HHZ,-1,95.0,,300.0,,20.3486715678
nc73499145,NC,MDC,2.0,EHZ,-1,92.0,,315.8,,22.82831843098
nc73499145,NC,MBS1,,EP1,1,93.0,,341.6,,23.217500674080004
nc73499145,NC,MMT,,EHZ,1,80.0,,233.7,,34.98192390836
nc73499145,NC,MTU,2.0,EHZ,1,80.0,,131.5,,35.1375968056
nc73499145,NC,MCB,,HHZ,-1,111.0,,340.9,,9.608353607506
nc73499145,NC,MCO,,EHZ,-1,126.0,,358.4,,6.254714621250001
nc73499145,NC,MCY,,EHZ,1,97.0,,301.1,,17.31305007162
nc73499145,NC,MDY,,HHZ,-1,97.0,,308.6,,17.035062755120002
nc73499145,NC,MEM,,EHZ,-1,99.0,,328.9,,13.42122764062
nc73499145,NC,MLC,,EHZ,-1,120.0,,319.0,,7.287715489364
nc73499145,NC,MLM,,EHZ,-1,95.0,,337.7,,19.859413890760003
nc73499230,NC,MCO,,EHZ,-1,159.0,,125.5,,2.714268158306
nc73499230,NC,MLC,,EHZ,-1,155.0,,225.8,,3.356974834054
nc73499230,NC,MDR,2.0,EHZ,1,147.0,,83.4,,4.632380642156001
nc73499230,NC,MCV,,EHZ,-1,134.0,,132.7,,7.069773433228
nc73499230,NC,MLH,,EHZ,1,129.0,,51.8,,8.180610749962
nc73499235,NC,MMX1,,HN3,1,158.0,,211.1,,2.625312217026
nc73499235,NC,MEM,,EHZ,1,154.0,,7.2,,3.212421429474
nc73499235,NC,MCS,,EHZ,-1,149.0,,60.1,,3.9218450611820006
nc73499235,NC,MCB,,HHZ,-1,147.0,,79.4,,4.265437384376
nc73499235,NC,MDH,,HNZ,1,138.0,,33.5,,5.656485916142
nc73499235,NC,MDH1,1.0,DP1,-1,138.0,,33.5,,5.656485916142
nc73499235,NC,MLI,,HHZ,-1,134.0,,269.5,,6.494895662706
nc73499235,NC,MCY,,EHZ,-1,129.0,,274.8,,7.51121729183
nc73499235,NC,MLM,,EHZ,1,119.0,,358.7,,10.070924502162
nc73499235,NC,MBS1,,EP1,-1,109.0,,359.9,,13.7325734351
nc73499235,NP,1576,10.0,HNZ,-1,104.0,,114.0,,18.513955278900003
nc73499235,NC,MMT,,EHZ,1,92.0,,215.6,,35.6935714386
nc73499235,NC,MRC,,EHZ,-1,92.0,,83.9,,38.79590989074
nc73499235,NC,MTU,2.0,EHZ,-1,90.0,,133.1,,46.157014031660005
nc73499235,NC,MMI,,EHZ,1,87.0,,251.3,,74.68963219721999
nc73499235,BK,TOLH,0.0,HHZ,1,87.0,,210.1,,88.15533780848
nc73499235,NC,MHD,,EHZ,1,85.0,,235.7,,102.09918160412
nc73499235,CI,MLAC,,HHZ,-1,121.0,,94.7,,9.591674368516
nc73499235,NC,MCO,,EHZ,-1,129.0,,105.9,,7.467851270456
nc73499235,NC,MCV,,EHZ,-1,115.0,,117.4,,11.4530774398
nc73499235,NC,MDC,2.0,EHZ,1,114.0,,313.2,,11.77554272694
nc73499235,NC,MDR,2.0,EHZ,-1,121.0,,89.5,,9.57388318026
nc73499235,NC,MDY,,HHZ,1,134.0,,291.1,,6.412611417022
nc73499235,NC,MLC,,EHZ,-1,150.0,,137.6,,3.79730674339
nc73499235,NC,MLH,,EHZ,1,110.0,,68.0,,12.29815888196
nc73499235,NC,MMLB,,HHZ,1,149.0,,308.4,,3.90294192366
nc73499235,NC,MMP,,EHZ,-1,127.0,,247.6,,8.054960482904
nc73499235,NC,MQ1P,,EHZ,-1,130.0,,248.1,,7.32218591661
nc73499245,NC,MMX1,,HN3,-1,160.0,,212.6,,2.577498398588
nc73499245,NC,MDH,,HNZ,1,140.0,,32.9,,5.702075836048
nc73499245,NC,MDH1,1.0,DP1,-1,140.0,,32.9,,5.702075836048
nc73499245,NC,MDY,,HHZ,1,136.0,,291.6,,6.46598498179
nc73499245,NC,MQ1P,,EHZ,-1,132.0,,248.7,,7.32218591661
nc73499245,NC,MMP,,EHZ,-1,129.0,,248.1,,8.054960482904
nc73499245,NC,MDR,2.0,EHZ,-1,123.0,,89.1,,9.54608444861
nc73499245,NC,MLM,,EHZ,1,121.0,,358.5,,10.145425102984
nc73499245,NC,MINS,,HHZ,-1,120.0,,280.5,,10.493465223242
nc73499245,NC,MCV,,EHZ,-1,118.0,,117.1,,11.38636048384
nc73499245,NC,MDC,2.0,EHZ,1,116.0,,313.3,,11.8422596829
nc73499245,NC,MBS1,,EP1,-1,111.0,,359.8,,13.79929039106
nc73499245,NC,MMT,,EHZ,1,93.0,,215.7,,35.64909346796
nc73499245,NC,MTU,2.0,EHZ,-1,91.0,,133.1,,46.0902970757
nc73499245,NC,MHD,,EHZ,1,86.0,,235.8,,102.08806211146
nc73499245,CI,MLAC,,HHZ,-1,123.0,,94.3,,9.55720394127
nc73499245,NC,MCB,,HHZ,-1,149.0,,78.3,,4.250982043918
nc73499245,NC,MCO,,EHZ,-1,132.0,,105.4,,7.418925502752001
nc73499245,NC,MCS,,EHZ,1,151.0,,59.0,,3.934076503108
nc73499245,NC,MEM,,EHZ,1,155.0,,6.5,,3.282474233232
nc73499245,NC,MLC,,EHZ,-1,152.0,,137.2,,3.722806142568
nc73499245,NC,MLH,,EHZ,1,112.0,,67.7,,12.29815888196
nc73499245,NC,MMLB,,HHZ,1,151.0,,308.9,,3.971882778152
nc73499365,NC,MCV,,EHZ,1,113.0,,19.2,,10.176559682432
nc73499365,NC,MLC,,EHZ,-1,103.0,,340.7,,12.787416559
nc73499365,NC,MCO,,EHZ,1,103.0,,1.7,,12.82077503698
nc73499365,CI,MLAC,,HHZ,-1,102.0,,11.0,,14.333026038739998
nc73499365,NC,MDR,2.0,EHZ,1,101.0,,10.4,,15.1781074809
nc73499365,NC,MCB,,HHZ,1,100.0,,350.5,,15.856396533160002
nc73499365,NC,MLH,,EHZ,1,96.0,,13.3,,19.97060881736
nc73499365,NC,MMT,,EHZ,1,90.0,,242.9,,31.06786249204
nc73499395,NC,MCV,,EHZ,1,161.0,,67.7,,1.674595594596
nc73499395,NC,MCO,,EHZ,1,137.0,,339.6,,4.107540588604
nc73499395,NC,MDR,2.0,EHZ,1,124.0,,9.1,,6.027876970986
nc73499395,NC,MLC,,EHZ,-1,119.0,,297.1,,6.799569761590001
nc73499395,NC,MLH,,EHZ,1,105.0,,14.9,,10.825938053776
nc73499400,NC,MDR,2.0,EHZ,-1,165.0,,242.9,,1.721297463768
nc73499400,NC,MLH,,EHZ,1,150.0,,4.8,,3.737261483026
nc73499400,NC,MCO,,EHZ,-1,142.0,,233.6,,4.871449734346
nc73499400,NC,MCV,,EHZ,-1,135.0,,188.7,,6.173542324832
nc73499400,NC,MCS,,EHZ,1,127.0,,278.2,,7.779197064936
nc73499400,NC,MDH,,HNZ,1,122.0,,295.9,,8.854452005158
nc73499400,NC,MLC,,EHZ,-1,121.0,,246.8,,9.291448066696
nc73499505,NC,MCB,,HHZ,1,150.0,,233.4,,2.911083178388
nc73499505,NC,MCS,,EHZ,1,148.0,,259.7,,3.177951002228
nc73499505,NC,MDR,2.0,EHZ,-1,141.0,,128.9,,3.90294192366
nc73499505,NC,MDH,,HNZ,-1,140.0,,303.0,,4.04193558191
nc73499505,NC,MDH1,1.0,DP1,-1,140.0,,303.0,,4.04193558191
nc73499505,NC,MEM,,EHZ,-1,126.0,,276.3,,6.164646730704001
nc73499505,NC,MCV,,EHZ,-1,115.0,,155.0,,8.577576637924
nc73499505,NC,MMX1,,HN3,1,113.0,,238.8,,9.21805941514
nc73499505,NC,MMP,,EHZ,1,98.0,,248.2,,15.05579306164
nc73499505,NC,MDC,2.0,EHZ,-1,98.0,,290.2,,16.101025371680002
nc73499505,NC,MDPB,,HHZ,-1,96.0,,260.6,,18.70298665412
nc73499505,NC,MGPB,,EHZ,1,136.0,,217.2,,4.735791923894
nc73499505,NC,MLC,,EHZ,1,124.0,,216.6,,6.633889320956
nc73499505,NC,MLH,,EHZ,1,131.0,,67.0,,5.301774100288
nc73499525,NC,MCS,,EHZ,-1,165.0,,317.6,,1.687938985788
nc73499525,NC,MGPB,,EHZ,-1,161.0,,204.4,,2.143838184848
nc73499525,NC,MCO,,EHZ,1,149.0,,136.2,,3.80286648972
nc73499525,NC,MLC,,EHZ,-1,148.0,,209.4,,4.025256342920001
nc73499525,NC,MDR,2.0,EHZ,1,141.0,,97.2,,5.067152805162
nc73499525,NC,MLH,,EHZ,-1,127.0,,60.5,,7.888168093004
nc73499525,NC,MMP,,EHZ,1,108.0,,252.5,,12.576146198460002
nc73499525,NC,MINS,,HHZ,1,106.0,,274.4,,14.87788117908
nc73499560,NC,MCB,,HHZ,1,171.0,,325.2,,1.0015327038862
nc73499560,NC,MGPB,,EHZ,-1,165.0,,222.3,,1.642349065882
nc73499560,NC,MLC,,EHZ,-1,150.0,,218.5,,3.5337747673480004
nc73499560,NC,MCV,,EHZ,-1,127.0,,134.1,,7.51121729183
nc73499560,NC,MLH,,EHZ,1,124.0,,55.1,,8.093878707214
nc73499560,NC,MMP,,EHZ,1,107.0,,256.1,,12.58726569112
nc73499560,NC,MDC,2.0,EHZ,1,104.0,,301.3,,15.61176769464
nc73499565,NC,MTU,2.0,EHZ,1,148.0,,119.1,,7.236565823128
nc73499565,NC,MFB,,EHZ,1,121.0,,74.7,,18.86977904402
nc73499565,NC,MCD,,EHZ,1,112.0,,42.9,,24.7964686318
nc73499565,NP,1589,10.0,HNZ,1,110.0,,95.6,,27.242757017
nc73499565,NC,MCV,,EHZ,-1,109.0,,323.1,,28.54373765822
nc73499565,CI,MLAC,,HHZ,-1,106.0,,327.0,,32.53563552316
nc73499565,NC,MCO,,EHZ,-1,105.0,,322.3,,32.9136982736
nc73499565,NC,MDR,2.0,EHZ,-1,105.0,,327.8,,33.25840254606
nc73499565,NC,MLC,,EHZ,-1,104.0,,315.7,,35.393345136780006
nc73499565,NC,MGPB,,EHZ,-1,104.0,,318.7,,35.77140788722
nc73499565,NC,MLH,,EHZ,-1,103.0,,334.1,,36.29402404224
nc73499565,NC,MCB,,HHZ,-1,103.0,,321.4,,36.98343258716
nc73499565,NC,MCS,,EHZ,-1,102.0,,321.6,,38.37336916966
nc73499565,NC,MMX1,,HN3,-1,102.0,,312.1,,38.61799800818
nc73499565,NC,MDH,,HNZ,1,101.0,,323.7,,40.73070161358
nc73499565,NC,MEM,,EHZ,-1,101.0,,319.4,,41.2533177686
nc73499565,NC,MQ1P,,EHZ,-1,100.0,,306.7,,42.5320594245
nc73499565,NC,MMP,,EHZ,-1,100.0,,305.8,,42.8656442043
nc73499565,NC,MLM,,EHZ,-1,99.0,,324.3,,47.0354539518
nc73499565,NC,MDPB,,HHZ,-1,98.0,,305.2,,47.95837184258
nc73499565,NC,MMT,,EHZ,1,98.0,,269.0,,48.28083712972
nc73499565,CI,TIN,,HHZ,-1,97.0,,135.6,,51.33869761122
nc73499565,BK,HELL,0.0,HHZ,1,91.0,,203.9,,85.49777906274001
nc73499565,BK,TOLH,0.0,HHZ,1,91.0,,236.2,,86.43181644618
nc73499565,NC,MMI,,EHZ,1,88.0,,272.6,,98.2963151144
nc73499565,GS,MCA04,0.0,HHZ,1,88.0,,46.4,,112.0844860128
nc73499565,NC,MHD,,EHZ,1,88.0,,255.4,,115.7539185906
nc73499565,CI,CWC,,HHZ,1,88.0,,154.7,,115.9763084438
nc73499565,BK,MERC,0.0,HHZ,-1,84.0,,270.7,,161.5662283498
nc73499570,NC,MGPB,,EHZ,-1,173.0,,232.9,,0.6316983780146
nc73499570,NC,MLC,,EHZ,-1,155.0,,219.5,,2.50744559483
nc73499570,NC,MDPB,,HHZ,-1,99.0,,271.2,,16.08990587902
nc73499710,NC,MCB,,HHZ,-1,161.0,,333.4,,1.99594893247
nc73499710,NC,MCO,,EHZ,-1,158.0,,116.4,,2.336205407866
nc73499710,NC,MLC,,EHZ,-1,152.0,,234.4,,3.10233845214
nc73499710,NC,MDR,2.0,EHZ,1,141.0,,76.5,,4.60902970757
nc73499710,NC,MCV,,EHZ,-1,129.0,,130.0,,6.62721762536
nc73499710,NC,MLH,,EHZ,1,120.0,,48.5,,8.433023233344
nc73499710,NC,MQ1P,,EHZ,1,104.0,,261.7,,12.0090520728
nc73499710,NC,MMP,,EHZ,-1,104.0,,260.6,,12.70958011038
nc73499710,NC,MDC,2.0,EHZ,-1,101.0,,303.6,,16.4012516735
nc73499710,NC,MDPB,,HHZ,-1,100.0,,271.5,,17.0128237698
nc73499855,NC,MMX1,,HN3,-1,158.0,,211.6,,2.50744559483
nc73499855,NC,MLC,,EHZ,-1,149.0,,136.0,,3.746157077154
nc73499855,NC,MMLB,,HHZ,1,148.0,,310.0,,3.938524300172
nc73499855,NC,MDH,,HNZ,1,136.0,,33.3,,5.773240589072
nc73499855,NC,MDH1,1.0,DP1,-1,136.0,,33.3,,5.773240589072
nc73499855,NC,MDY,,HHZ,1,133.0,,292.2,,6.411499467756
nc73499855,NC,MLI,,HHZ,-1,133.0,,270.4,,6.450417692066
nc73499855,NC,MCO,,EHZ,-1,128.0,,104.9,,7.481194661648001
nc73499855,NC,MDR,2.0,EHZ,-1,119.0,,88.9,,9.619473100166
nc73499855,CI,MLAC,,HHZ,-1,119.0,,94.0,,9.627256745028
nc73499855,NC,MCV,,EHZ,-1,113.0,,116.8,,11.44195794714
nc73499855,NC,MDC,2.0,EHZ,1,112.0,,313.7,,11.82002069758
nc73499855,NC,MDPB,,HHZ,-1,112.0,,267.9,,11.88673765354
nc73499855,NC,MBS1,,EP1,-1,107.0,,0.1,,13.8437683617
nc73499855,NC,MCB,,HHZ,-1,145.0,,78.0,,4.3299304418040006
nc73499855,NC,MCS,,EHZ,1,147.0,,59.1,,4.016360748792
nc73499855,NC,MEM,,EHZ,1,152.0,,7.7,,3.328064153138
nc73499855,NC,MLM,,EHZ,1,117.0,,359.0,,10.181007479496
nc73499855,NC,MMP,,EHZ,-1,125.0,,248.2,,7.97267623722
nc73499880,NC,MCB,,HHZ,1,170.0,,346.1,,1.836940187432
nc73499880,NC,MLC,,EHZ,-1,165.0,,228.9,,2.744290788488
nc73499880,NC,MCO,,EHZ,-1,165.0,,112.2,,2.75207443335
nc73499880,NC,MCS,,EHZ,1,163.0,,337.4,,3.192406342686
nc73499880,NC,MDR,2.0,EHZ,1,154.0,,77.7,,5.05380941397
nc73499880,NC,MCV,,EHZ,-1,145.0,,127.6,,6.98304139048
nc73499880,NC,MLH,,EHZ,1,139.0,,50.4,,8.781063353602
nc73499880,NC,MMP,,EHZ,-1,125.0,,260.3,,12.26480040398
nc73499880,NC,MMT,,EHZ,1,100.0,,222.2,,37.83963352198
nc73499910,NC,MLC,,EHZ,-1,151.0,,222.4,,3.672768425598
nc73499910,NC,MDR,2.0,EHZ,1,145.0,,87.9,,4.530081309684
nc73499910,NC,MDH1,1.0,DP1,-1,141.0,,338.4,,5.167228239102
nc73499910,NC,MMX1,,HN3,-1,133.0,,251.4,,6.76065153728
nc73499910,NC,MLH,,EHZ,1,128.0,,53.6,,7.898175636397999
nc73499910,NC,MDPB,,HHZ,1,106.0,,268.5,,16.96834579916
nc73499950,NC,MMX1,,HN3,1,127.0,,252.5,,6.796233913792
nc73499950,NC,MCV,,EHZ,-1,126.0,,135.1,,7.142050135518
nc73499950,NC,MLH,,EHZ,1,122.0,,52.7,,7.905959281259999
nc73499950,NC,MMP,,EHZ,1,104.0,,257.2,,12.88749199294
nc73499950,NC,MCB,,HHZ,1,167.0,,316.9,,1.354354205988
nc73499950,NC,MCO,,EHZ,1,155.0,,131.7,,2.759858078212
nc73499950,NC,MLC,,EHZ,1,147.0,,224.4,,3.643857744682
nc73499950,NC,MDR,2.0,EHZ,1,142.0,,86.5,,4.462252404458
nc73499950,NC,MDC,2.0,EHZ,-1,101.0,,301.1,,16.00094993774
nc73499950,NC,MDPB,,HHZ,1,100.0,,268.8,,17.04618224778
nc73499955,NC,MCB,,HHZ,1,173.0,,329.7,,0.9302567559356
nc73499955,NC,MGPB,,EHZ,-1,169.0,,219.1,,1.588975501114
nc73499955,NC,MCO,,EHZ,-1,158.0,,128.8,,3.227988719198
nc73499955,NC,MLC,,EHZ,-1,157.0,,216.9,,3.484848999644
nc73499955,NC,MCV,,EHZ,-1,136.0,,133.6,,7.597949334578001
nc73499955,NC,MLH,,EHZ,1,133.0,,55.6,,8.168379308036
nc73499955,NC,MMP,,EHZ,1,117.0,,255.9,,12.48719025718
nc73500085,CI,MLAC,,HHZ,1,107.0,,359.3,,9.752907012086
nc73500085,NC,MDR,2.0,EHZ,-1,105.0,,359.4,,10.614667693236
nc73500085,NC,MGPB,,EHZ,-1,104.0,,327.2,,11.078350537158
nc73500085,NC,MMX1,,HN3,1,96.0,,307.1,,13.82152937638
nc73500085,NC,MCS,,EHZ,-1,96.0,,333.4,,13.97720227362
nc73500085,NC,MEM,,EHZ,1,96.0,,326.1,,16.579163556060003
nc73500085,NC,MMP,,EHZ,-1,95.0,,293.7,,18.70298665412
nc73500085,NC,MDY,,HHZ,1,85.0,,309.5,,20.25971562652
nc73500085,NC,MDC,2.0,EHZ,1,82.0,,315.6,,26.0752102877
nc73500085,NC,MCD,,EHZ,1,77.0,,88.8,,34.59274166526
nc73500085,NC,MCO,,EHZ,-1,110.0,,343.7,,8.868907345616
nc73500085,NC,MCV,,EHZ,-1,127.0,,5.3,,5.316229440746
nc73500085,NC,MDPB,,HHZ,1,84.0,,295.0,,23.80683378506
nc73500085,NC,MLC,,EHZ,1,105.0,,317.5,,10.522375904158
nc73500085,NC,MMLB,,HHZ,1,95.0,,315.6,,18.1803704991
nc73500120,NC,MCV,,EHZ,1,120.0,,0.8,,9.698421498052
nc73500120,NC,MCO,,EHZ,-1,109.0,,347.6,,13.22107677274
nc73500120,NC,MLC,,EHZ,-1,108.0,,328.5,,14.26630908278
nc73500120,NC,MGPB,,EHZ,-1,107.0,,335.1,,15.11139052494
nc73500120,NC,MCS,,EHZ,-1,104.0,,338.7,,18.14701202112
nc73500120,NC,MTU,2.0,EHZ,-1,94.0,,125.1,,28.910680916
nc73500120,NC,MMT,,EHZ,1,93.0,,245.5,,33.93669159832
nc73500235,NC,MCO,,EHZ,-1,150.0,,141.1,,3.142368625716
nc73500235,NC,MDR,2.0,EHZ,-1,140.0,,94.4,,4.378856209508
nc73500235,NC,MLH,,EHZ,1,122.0,,56.0,,7.478970763116
nc73500235,NC,MBS1,,EP1,-1,101.0,,338.7,,14.310787053420002
nc73500355,NC,MCS,,EHZ,1,153.0,,327.9,,3.109010147736
nc73500355,NC,MDR,2.0,EHZ,1,142.0,,80.5,,4.57567122959
nc73500355,NC,MDH,,HNZ,-1,135.0,,340.4,,5.7265387199
nc73500355,NC,MDH1,1.0,DP1,-1,135.0,,340.4,,5.7265387199
nc73500355,NC,MMX1,,HN3,-1,130.0,,256.3,,6.61053838637
nc73500355,NC,MCV,,EHZ,-1,129.0,,131.9,,6.855167224890001
nc73500355,NC,MQ1P,,EHZ,1,106.0,,260.2,,12.03129105812
nc73500355,NC,MINS,,HHZ,1,103.0,,279.4,,15.55617023134
nc73500355,NC,MDC,2.0,EHZ,-1,102.0,,302.7,,16.212220298280002
nc73500355,NC,MMT,,EHZ,1,91.0,,222.4,,38.362249677
nc73500355,NC,MMI,,EHZ,1,86.0,,253.0,,79.30422165112
nc73500355,NC,MHD,,EHZ,1,85.0,,237.6,,105.9687650498
nc73500355,NC,MCB,,HHZ,1,164.0,,329.5,,1.705730174044
nc73500355,NC,MCO,,EHZ,-1,157.0,,122.6,,2.516341188958
nc73500355,NC,MDPB,,HHZ,1,102.0,,270.5,,16.979465291820002
nc73500355,NC,MDY,,HHZ,-1,111.0,,285.2,,11.44195794714
nc73500355,NC,MEM,,EHZ,1,133.0,,309.9,,6.056787651902
nc73500355,NC,MLC,,EHZ,-1,151.0,,229.6,,3.272466689838
nc73500355,NC,MLH,,EHZ,1,122.0,,50.3,,8.251775502986
nc73500355,NC,MMLB,,HHZ,-1,121.0,,291.0,,8.697667158652
nc73500355,NC,MMP,,EHZ,1,105.0,,259.2,,12.7318190957
nc73500360,NC,MCS,,EHZ,1,152.0,,328.5,,3.1323610823220003
nc73500360,NC,MDR,2.0,EHZ,1,142.0,,80.0,,4.596798265644
nc73500360,NC,MEM,,EHZ,1,133.0,,310.2,,6.069019093828
nc73500360,NC,MMX1,,HN3,-1,130.0,,256.6,,6.587187451784001
nc73500360,NC,MCV,,EHZ,-1,128.0,,131.6,,6.840711884432
nc73500360,NC,MMLB,,HHZ,-1,120.0,,291.3,,8.696555209386
nc73500360,NC,MMP,,EHZ,1,105.0,,259.4,,12.70958011038
nc73500360,NC,MINS,,HHZ,1,103.0,,279.5,,15.54505073868
nc73500360,NC,MDC,2.0,EHZ,-1,102.0,,302.8,,16.212220298280002
nc73500360,NC,MDPB,,HHZ,1,102.0,,270.6,,16.96834579916
nc73500360,NC,MMT,,EHZ,1,91.0,,222.4,,38.32889119902
nc73500360,NC,MCB,,HHZ,1,164.0,,330.6,,1.730193057896
nc73500360,NC,MCO,,EHZ,-1,157.0,,121.7,,2.509669493362
nc73500360,NC,MLC,,EHZ,-1,152.0,,230.0,,3.237996262592
nc73500360,NC,MLH,,EHZ,1,122.0,,50.1,,8.286245930232
nc73500370,NC,MLC,,EHZ,-1,157.0,,232.1,,3.121241589662
nc73500370,NC,MDR,2.0,EHZ,1,147.0,,78.0,,4.642388185550001
nc73500370,NC,MCV,,EHZ,-1,135.0,,130.4,,6.742860349024
nc73500370,NC,MLH,,EHZ,1,128.0,,49.3,,8.405224501694
nc73500370,NC,MMP,,EHZ,-1,112.0,,260.1,,12.6762216324
nc73500445,NC,MGPB,,EHZ,-1,167.0,,256.7,,1.819148999176
nc73500445,NC,MCO,,EHZ,-1,165.0,,124.5,,2.128270895124
nc73500445,NC,MLC,,EHZ,-1,156.0,,235.4,,3.4759534055160004
nc73500445,NC,MCV,,EHZ,-1,140.0,,133.1,,6.48266422078
nc73500445,NC,MLH,,EHZ,1,133.0,,47.8,,8.069415823362
nc73500470,NC,MCB,,HHZ,1,161.0,,294.7,,1.97370994715
nc73500470,NC,MCO,,EHZ,1,157.0,,149.2,,2.32953371227
nc73500470,NC,MGPB,,EHZ,1,155.0,,242.4,,2.625312217026
nc73500470,NC,MDR,2.0,EHZ,1,147.0,,88.3,,3.587148332116
nc73500470,NC,MCV,,EHZ,-1,127.0,,141.4,,6.6861509364580005
nc73500470,NC,MLH,,EHZ,1,125.0,,49.5,,7.125370896528
nc73500490,NC,MCB,,HHZ,1,159.0,,351.9,,2.604185180972
nc73500490,NC,MDR,2.0,EHZ,-1,141.0,,69.5,,5.34847596946
nc73500490,NC,MEM,,EHZ,1,135.0,,320.3,,6.48822396711
nc73500490,NC,MCV,,EHZ,-1,134.0,,121.7,,6.591635248848
nc73500490,NC,MINS,,HHZ,-1,108.0,,283.8,,15.2893024075
nc73500490,NC,MDPB,,HHZ,-1,107.0,,274.4,,16.523566092760003
nc73500490,NC,MMT,,EHZ,1,92.0,,223.0,,37.20582244036
nc73500490,NC,MCO,,EHZ,-1,159.0,,95.3,,2.634207811154
nc73500490,NC,MGPB,,EHZ,-1,171.0,,301.3,,1.0542390990946
nc73500490,NC,MLC,,EHZ,-1,162.0,,243.2,,2.236129973926
nc73500490,NC,MLH,,EHZ,1,123.0,,47.0,,9.360388921188
nc73500505,NC,MGPB,,EHZ,-1,170.0,,258.2,,0.9517173767694
nc73500505,NC,MCB,,HHZ,1,160.0,,347.9,,1.8803062088060003
nc73500505,NC,MCO,,EHZ,-1,152.0,,110.8,,2.773201469404
nc73500505,NC,MDR,2.0,EHZ,-1,134.0,,77.2,,5.10940687727
nc73500505,NC,MCV,,EHZ,-1,123.0,,127.0,,6.984153339746
nc73500505,NC,MLH,,EHZ,1,115.0,,50.4,,8.850004208094
nc73500505,NC,MMP,,EHZ,1,101.0,,260.5,,12.20920294068
nc73500505,NC,MDC,2.0,EHZ,1,99.0,,304.7,,16.02318892306
nc73500505,NC,MDPB,,HHZ,-1,98.0,,271.8,,16.5124466001
nc73500525,NC,MLC,,EHZ,-1,140.0,,339.8,,4.057502871634
nc73500525,NC,MCO,,EHZ,-1,130.0,,35.0,,5.585321163118
nc73500525,NC,MCV,,EHZ,-1,125.0,,77.6,,6.34923030886
nc73500525,NC,MMP,,EHZ,1,104.0,,287.3,,11.96457410216
nc73500535,NC,MGPB,,EHZ,-1,172.0,,288.1,,0.7474522966052
nc73500535,NC,MLC,,EHZ,1,158.0,,233.7,,2.236129973926
nc73500535,NC,MCO,,EHZ,1,153.0,,101.2,,2.86882910628
nc73500535,NC,MDR,2.0,EHZ,-1,134.0,,73.3,,5.430760215144001
nc73500535,NC,MCV,,EHZ,-1,126.0,,123.1,,6.92188418085
nc73500535,NC,MMP,,EHZ,1,107.0,,262.4,,11.931215624180002
nc73500535,NC,MBS1,,EP1,-1,100.0,,344.0,,15.83415754784
nc73500535,NC,MDC,2.0,EHZ,1,100.0,,306.4,,16.08990587902
nc73500550,NC,MCV,,EHZ,-1,137.0,,12.0,,4.050831176038
nc73500550,NC,MCO,,EHZ,-1,116.0,,343.4,,7.491202205042
nc73500550,NC,MDR,2.0,EHZ,-1,109.0,,1.5,,9.285888320366
nc73500550,NC,MLC,,EHZ,-1,109.0,,313.6,,9.32369459541
nc73500625,NC,MCO,,EHZ,-1,159.0,,137.6,,2.032643258248
nc73500625,NC,MCB,,HHZ,-1,159.0,,309.3,,2.0882407215480003
nc73500625,NC,MGPB,,EHZ,-1,157.0,,251.6,,2.267264553374
nc73500625,NC,MLC,,EHZ,-1,143.0,,235.0,,3.95853938696
nc73500625,NC,MCV,,EHZ,-1,127.0,,137.3,,6.422618960416
nc73500625,NC,MLH,,EHZ,1,121.0,,47.5,,7.587941791184
nc73500625,NC,MBS1,,EP1,-1,100.0,,337.9,,15.41161682676
nc73500660,NC,MDR,2.0,EHZ,-1,149.0,,142.0,,2.75763417968
nc73500660,NC,MCB,,HHZ,1,137.0,,248.3,,3.955203539162
nc73500660,NC,MLH,,EHZ,-1,135.0,,56.5,,4.24764619612
nc73500660,NC,MCO,,EHZ,1,135.0,,189.1,,4.3299304418040006
nc73500660,NC,MCS,,EHZ,1,134.0,,266.3,,4.474483846384
nc73500660,NC,MGPB,,EHZ,1,126.0,,230.3,,5.4685664901880005
nc73500660,NC,MLC,,EHZ,1,116.0,,226.4,,7.317738119545999
nc73500660,NC,MCV,,EHZ,-1,114.0,,163.0,,7.834794528235999
nc73500660,NC,MMP,,EHZ,-1,96.0,,250.9,,16.212220298280002
nc73500660,NC,MDPB,,HHZ,-1,85.0,,262.0,,19.98172831002
nc73500710,NC,MFB,,EHZ,1,141.0,,345.4,,3.344743392128
nc73500710,NP,1589,10.0,HNZ,1,107.0,,118.7,,9.159126104042
nc73500710,NC,MTU,2.0,EHZ,1,95.0,,247.7,,13.77705140574
nc73500710,NP,1679,10.0,HNZ,1,95.0,,17.8,,14.91123965706
nc73500710,BK,OVRO,0.0,HHZ,1,85.0,,147.4,,22.36129973926
nc73500710,NC,MRC,,EHZ,-1,78.0,,345.8,,31.34584980854
nc73500710,NC,MCV,,EHZ,1,74.0,,300.4,,41.9204873282
nc73500710,NC,MDR,2.0,EHZ,1,74.0,,305.9,,45.3119325895
nc73500710,NC,MCO,,EHZ,1,74.0,,302.0,,46.13477504634
nc73500710,NC,MLH,,EHZ,-1,74.0,,311.7,,46.66851069402
nc73500710,NC,MMX1,,HN3,1,74.0,,297.0,,53.50699867992
nc73500710,NC,MEM,,EHZ,-1,74.0,,302.9,,54.6523064239
nc73500710,NC,MMP,,EHZ,1,74.0,,293.6,,58.68868225948
nc73500710,NC,MINS,,HHZ,1,74.0,,296.7,,63.3255106987
nc73500710,NC,MDPB,,HHZ,1,74.0,,294.1,,63.79252939042
nc73500710,NC,MDC,2.0,EHZ,1,74.0,,302.3,,64.86000068578001
nc73500710,NC,MMT,,EHZ,1,74.0,,267.9,,67.3841255196
nc73500870,NC,MCO,,EHZ,-1,165.0,,76.7,,1.939239519904
nc73500870,NC,MGPB,,EHZ,-1,164.0,,307.0,,2.048210547972
nc73500870,NC,MLC,,EHZ,-1,160.0,,263.3,,2.75207443335
nc73500870,NC,MCB,,HHZ,1,155.0,,341.4,,3.444818826068
nc73500870,NC,MDR,2.0,EHZ,1,145.0,,59.1,,4.979308813148
nc73500870,NC,MCV,,EHZ,-1,142.0,,119.7,,5.609784046970001
nc73500870,NC,MMX1,,HN3,-1,136.0,,272.1,,6.663911951138
nc73500870,NC,MEM,,EHZ,-1,133.0,,319.3,,7.486754407978
nc73500870,NC,MLH,,EHZ,1,125.0,,40.8,,9.3403738344
nc73500870,NC,MMP,,EHZ,1,113.0,,267.4,,12.76517757368
nc73500870,NC,MINS,,HHZ,1,110.0,,285.5,,16.16774232764
nc73500870,NC,MDPB,,HHZ,1,108.0,,276.4,,17.324169564279998
nc73500870,NC,MDC,2.0,EHZ,1,108.0,,307.3,,17.42424499822
nc73500870,NC,MMT,,EHZ,1,93.0,,224.5,,37.22806142568
nc73500885,NC,MCB,,HHZ,1,168.0,,321.8,,1.42329506048
nc73500885,NC,MGPB,,EHZ,-1,165.0,,237.0,,1.687938985788
nc73500885,NC,MCO,,EHZ,-1,157.0,,129.0,,2.709820361242
nc73500885,CI,MLAC,,HHZ,1,144.0,,95.9,,4.506730375098
nc73500885,NC,MDR,2.0,EHZ,1,144.0,,84.9,,4.516737918492001
nc73500885,NC,MMX1,,HN3,-1,132.0,,253.4,,6.71617356664
nc73500885,NC,MCV,,EHZ,-1,130.0,,134.1,,7.083116824420001
nc73500885,NC,MMP,,EHZ,1,108.0,,257.7,,12.82077503698
nc73500885,NC,MDPB,,HHZ,1,104.0,,269.3,,17.00170427714
nc73500885,NC,MLC,,EHZ,-1,151.0,,225.4,,3.520431376156
nc73500885,NC,MLH,,EHZ,1,126.0,,52.1,,8.020490055658
nc73500890,NC,MCB,,HHZ,1,160.0,,300.9,,2.0026206280660004
nc73500890,NC,MCO,,EHZ,-1,158.0,,144.8,,2.199435648148
nc73500890,NC,MDR,2.0,EHZ,1,145.0,,85.1,,3.672768425598
nc73500890,CI,MLAC,,HHZ,1,145.0,,98.6,,3.68611181679
nc73500890,NC,MLC,,EHZ,-1,141.0,,232.5,,4.216511616672
nc73500890,NC,MCV,,EHZ,-1,126.0,,139.7,,6.576067959124
nc73500890,NC,MLH,,EHZ,1,123.0,,48.7,,7.313290322482
nc73501230,NC,MCB,,HHZ,1,163.0,,314.0,,2.143838184848
nc73501230,NC,MCS,,EHZ,-1,153.0,,318.8,,3.5304389195500003
nc73501230,NC,MLC,,EHZ,-1,151.0,,236.5,,3.803978438986
nc73501230,NC,MDR,2.0,EHZ,-1,151.0,,78.6,,3.912949467054
nc73501230,NC,MDH1,1.0,DP1,-1,139.0,,334.4,,6.0045260364
nc73501230,NC,MCV,,EHZ,-1,137.0,,135.8,,6.352566156658
nc73501230,NC,MEM,,EHZ,-1,136.0,,306.2,,6.601642792242
nc73501230,NC,MMX1,,HN3,-1,132.0,,257.7,,7.265476504044
nc73501230,NC,MMP,,EHZ,1,111.0,,259.8,,13.3989886553
nc73501230,NC,MDC,2.0,EHZ,-1,108.0,,301.5,,16.7904339166
nc73501230,NC,MDPB,,HHZ,1,107.0,,270.5,,17.65775434408
nc73501230,NC,MMT,,EHZ,1,92.0,,223.1,,38.8070293834
nc73501230,NC,MMI,,EHZ,1,87.0,,253.1,,79.9491522254
nc73501230,CI,MLAC,,HHZ,-1,151.0,,91.3,,3.821769627242
nc73501230,NC,MCO,,EHZ,-1,164.0,,132.8,,1.967038251554
nc73501230,NC,MGPB,,EHZ,-1,163.0,,255.2,,2.149397931178
nc73501230,NC,MLH,,EHZ,1,130.0,,47.0,,7.754734181083999
nc73501355,NC,MLC,,EHZ,-1,119.0,,12.3,,11.54203338108
nc73501355,NC,MMX1,,HN3,1,117.0,,353.0,,11.92009613152
nc73501355,NC,MQ1P,,EHZ,-1,113.0,,328.8,,13.2877937287
nc73501355,NC,MMP,,EHZ,-1,113.0,,325.7,,13.35451068466
nc73501355,NC,MCV,,EHZ,-1,113.0,,48.6,,13.3989886553
nc73501355,NC,MCB,,HHZ,1,111.0,,15.3,,15.41161682676
nc73501355,NC,MCS,,EHZ,-1,110.0,,11.6,,16.36789319552
nc73501355,NC,MDR,2.0,EHZ,-1,109.0,,33.7,,17.035062755120002
nc73501355,NC,MDPB,,HHZ,-1,108.0,,318.5,,18.09141455782
nc73501355,NC,MINS,,HHZ,-1,107.0,,327.0,,19.00321295594
nc73501355,NC,MDH1,1.0,DP1,-1,107.0,,9.1,,19.02545194126
nc73501355,NC,MLH,,EHZ,1,103.0,,31.1,,21.81644459892
nc73501355,NC,MDC,2.0,EHZ,-1,101.0,,338.6,,23.76235581442
nc73501355,NC,MMT,,EHZ,1,100.0,,234.5,,25.70826702992
nc73501355,NC,MBS1,,EP1,-1,98.0,,359.8,,27.80985114266
nc73501365,CI,MLAC,,HHZ,1,144.0,,87.3,,3.221317023602
nc73501365,NC,MCS,,EHZ,1,136.0,,314.7,,4.11977203053
nc73501365,NC,MCV,,EHZ,-1,125.0,,138.5,,5.76545694421
nc73501365,NC,MDH,,HNZ,1,120.0,,330.6,,6.498231510504
nc73501365,NC,MDH1,1.0,DP1,-1,120.0,,330.6,,6.498231510504
nc73501365,NC,MMX1,,HN3,1,114.0,,260.4,,7.812555542916001
nc73501365,NC,MDC,2.0,EHZ,-1,95.0,,301.1,,17.43536449088
nc73501365,NC,MCB,,HHZ,1,149.0,,308.9,,2.756522230414
nc73501365,NC,MCO,,EHZ,-1,163.0,,142.5,,1.379929039106
nc73501365,NC,MDPB,,HHZ,1,95.0,,271.3,,18.26932644038
nc73501365,NC,MDR,2.0,EHZ,1,142.0,,72.5,,3.388109413502
nc73501365,NC,MLC,,EHZ,1,136.0,,243.7,,4.20872797181
nc73501365,NC,MLH,,EHZ,1,116.0,,42.5,,7.498985849904
nc73501420,NP,1576,10.0,HNZ,1,143.0,,10.0,,10.265515623712
nc73501420,NC,MCV,,EHZ,-1,134.0,,338.3,,13.33227169934
nc73501420,NC,MCO,,EHZ,-1,128.0,,333.1,,17.502081446840002
nc73501420,CI,MLAC,,HHZ,-1,128.0,,341.8,,17.735590792700002
nc73501420,NC,MDR,2.0,EHZ,-1,126.0,,342.7,,18.54731375688
nc73501420,NC,MLC,,EHZ,-1,125.0,,319.9,,19.44799266234
nc73501420,NC,MCB,,HHZ,-1,122.0,,329.4,,21.41614286316
nc73501420,NC,MLH,,EHZ,-1,120.0,,350.6,,22.5169726365
nc73501420,NC,MMX1,,HN3,-1,120.0,,313.2,,22.56145060714
nc73501420,NC,MCS,,EHZ,-1,119.0,,329.2,,22.82831843098
nc73501420,NC,MTU,2.0,EHZ,-1,119.0,,126.9,,23.20638118142
nc73501420,NC,MEM,,EHZ,-1,117.0,,324.9,,25.50811616204
nc73501420,NC,MQ1P,,EHZ,1,116.0,,304.4,,26.53110948676
nc73501420,NC,MMP,,EHZ,1,115.0,,303.0,,26.88693325188
nc73501420,NC,MMLB,,HHZ,-1,115.0,,317.9,,27.0759646271
nc73501420,NC,MRD,2.0,EHZ,-1,113.0,,297.9,,28.51037918024
nc73501420,NC,MCY,,EHZ,-1,113.0,,309.1,,29.077473305900003
nc73501420,NC,MFB,,EHZ,1,111.0,,100.1,,30.93442858012
nc73501420,NC,MRC,,EHZ,1,110.0,,47.1,,31.95742190484
nc73501420,NC,MDPB,,HHZ,1,110.0,,302.4,,32.00189987548
nc73501420,NC,MDC,2.0,EHZ,-1,108.0,,317.4,,34.95968492304
nc73501420,NC,MMT,,EHZ,1,106.0,,252.5,,37.75067758070001
nc73501420,NP,1589,10.0,HNZ,-1,104.0,,108.3,,41.46458812914
nc73501420,CI,TIN,,HHZ,-1,96.0,,134.3,,67.36188653428
nc73501420,BK,TOLH,0.0,HHZ,1,93.0,,225.4,,83.47403139862
nc73501420,NC,MMI,,EHZ,1,93.0,,265.9,,86.16494862234
nc73501420,NN,LHV,,HHZ,-1,92.0,,15.2,,88.97818026532
nc73501420,BK,HELL,0.0,HHZ,-1,92.0,,194.1,,91.35775169456
nc73501420,WR,FRI,,EHZ,1,91.0,,237.1,,98.99684315198
nc73501420,NC,MHD,,EHZ,1,90.0,,248.3,,107.26974569102
nc73501420,GS,MCA04,0.0,HHZ,1,89.0,,54.3,,114.8643591778
nc73501420,NC,MPR,,EHZ,1,89.0,,288.7,,115.4203338108
nc73501420,BK,KARE,0.0,HHZ,1,88.0,,213.7,,117.4218424896
nc73501420,BK,LEGD,0.0,HHZ,1,88.0,,256.8,,125.42787720479998
nc73501420,BK,LIND,0.0,HHZ,-1,88.0,,191.5,,127.4293858836
nc73501420,BK,WINE,0.0,HHZ,1,87.0,,228.6,,134.9906408924
nc73501420,CI,WMF,,HHZ,-1,84.0,,151.3,,171.796161597
nc73501420,CI,ISA,,HHZ,1,50.0,,172.4,,203.2643258248
nc73501420,CI,SRT,,HHZ,1,49.0,,155.0,,218.2756409158
nc73501475,NC,MLC,,EHZ,-1,112.0,,15.0,,11.82002069758
nc73501475,NC,MMX1,,HN3,-1,108.0,,356.0,,11.99793258014
nc73501475,NC,MCB,,HHZ,-1,105.0,,17.4,,15.711843128580002
nc73501475,NC,MEM,,EHZ,-1,104.0,,3.0,,17.42424499822
nc73501475,NC,MINS,,HHZ,1,102.0,,328.7,,18.78082310274
nc73501475,NC,MDH1,1.0,DP1,1,101.0,,10.9,,19.27008077978
nc73501475,NC,MLH,,EHZ,1,97.0,,32.3,,22.26122430532
nc73501475,NC,MDC,2.0,EHZ,-1,96.0,,340.1,,23.673399873140003
nc73501475,NC,MMT,,EHZ,1,95.0,,233.9,,25.1300534116
nc73501475,NC,MBS1,,EP1,-1,94.0,,1.0,,27.94328505458
nc73501475,NC,MMI,,EHZ,1,88.0,,262.1,,70.92012418548
nc73501475,BK,TOLH,0.0,HHZ,1,87.0,,215.1,,75.90165689716
nc73501475,NC,MHD,,EHZ,-1,86.0,,242.7,,94.4044926834
nc73501475,NC,MPR,,EHZ,1,85.0,,289.6,,99.44162285838
nc73501475,BK,BUCR,0.0,HHZ,-1,85.0,,280.2,,107.49213554422
nc73501475,NC,MCO,,EHZ,-1,106.0,,32.2,,14.41086248736
nc73501475,NC,MDPB,,HHZ,-1,103.0,,320.2,,17.791188256
nc73501485,NC,MLC,,EHZ,-1,124.0,,14.4,,11.15285113798
nc73501485,NC,MMX1,,HN3,-1,123.0,,354.3,,11.40859946916
nc73501485,NC,MCV,,EHZ,1,117.0,,51.1,,13.343391192
nc73501485,NC,MCB,,HHZ,-1,115.0,,17.0,,15.04467356898
nc73501485,NC,MCY,,EHZ,-1,114.0,,333.0,,15.96759145976
nc73501485,NC,MDPB,,HHZ,-1,112.0,,318.2,,17.52432043216
nc73501485,NC,MDH,,HNZ,1,111.0,,10.3,,18.61403071284
nc73501485,NC,MDH1,1.0,DP1,1,111.0,,10.3,,18.61403071284
nc73501485,NC,MLH,,EHZ,-1,106.0,,32.5,,21.58293525306
nc73501485,NC,MDC,2.0,EHZ,-1,104.0,,338.9,,23.19526168876
nc73501485,NC,MMT,,EHZ,1,103.0,,233.2,,25.71938652258
nc73501485,NC,MBS1,,EP1,1,101.0,,0.4,,27.33171295828
nc73501485,NC,MMI,,EHZ,1,89.0,,261.7,,71.29818693592
nc73501485,NC,MHD,,EHZ,1,87.0,,242.5,,94.93822833108
nc73501485,NC,MPR,,EHZ,1,87.0,,289.2,,99.519459307
nc73501485,NC,MCO,,EHZ,-1,117.0,,32.5,,13.7325734351
nc73501485,NC,MEM,,EHZ,-1,113.0,,2.1,,16.801553409260002
nc73501530,NC,MMX1,,HN3,-1,122.0,,351.5,,11.608750337040002
nc73501530,NC,MQ1P,,EHZ,-1,117.0,,327.0,,13.13212083146
nc73501530,NC,MCO,,EHZ,-1,117.0,,30.1,,13.53242256722
nc73501530,NC,MCB,,HHZ,-1,115.0,,14.7,,15.011315091000002
nc73501530,NC,MCS,,EHZ,-1,114.0,,10.9,,15.96759145976
nc73501530,NP,1576,10.0,HNZ,-1,112.0,,69.3,,17.69111282206
nc73501530,NC,MDH,,HNZ,-1,111.0,,8.5,,18.64738919082
nc73501530,NC,MDH1,1.0,DP1,1,111.0,,8.5,,18.64738919082
nc73501530,NC,MINS,,HHZ,-1,110.0,,325.7,,18.85865955136
nc73501530,NC,MLH,,EHZ,-1,107.0,,31.0,,21.38278438518
nc73501530,NC,MDC,2.0,EHZ,-1,104.0,,337.7,,23.53996596122
nc73501530,NC,MBS1,,EP1,1,101.0,,359.2,,27.4651468702
nc73501530,NC,MRC,,EHZ,1,94.0,,64.9,,42.176235659380005
nc73501530,BK,TOLH,0.0,HHZ,1,88.0,,215.4,,76.80233580262
nc73501530,BK,HELL,0.0,HHZ,-1,87.0,,184.5,,92.80328574036
nc73501530,BK,BUCR,0.0,HHZ,1,86.0,,279.8,,108.28161952308
nc73501530,BK,LEGD,0.0,HHZ,1,86.0,,253.1,,112.1956809394
nc73501530,NC,MCV,,EHZ,1,117.0,,49.0,,12.96532844156
nc73501530,NC,MCY,,EHZ,-1,113.0,,331.4,,16.35677370286
nc73501530,NC,MDPB,,HHZ,-1,111.0,,317.1,,18.0135781092
nc73501530,NC,MEM,,EHZ,-1,113.0,,0.1,,16.91274833586
nc73501530,NC,MHD,,EHZ,1,87.0,,242.7,,95.4052470228
nc73501530,NC,MLC,,EHZ,-1,124.0,,11.3,,11.14173164532
nc73501530,NC,MLM,,EHZ,-1,104.0,,358.6,,23.80683378506
nc73501530,NC,MMI,,EHZ,1,89.0,,261.9,,71.86528106158
nc73501530,NC,MMP,,EHZ,-1,117.0,,323.9,,13.22107677274
nc73501530,NC,MMT,,EHZ,1,102.0,,234.2,,26.11968825834
nc73501530,NC,MPR,,EHZ,1,87.0,,289.2,,100.10879241798
nc73501535,NC,MLC,,EHZ,-1,123.0,,10.6,,11.46419693246
nc73501535,NC,MMX1,,EP1,1,121.0,,351.4,,11.9534546095
nc73501535,NC,MCV,,EHZ,-1,117.0,,47.7,,13.13212083146
nc73501535,NC,MQ1P,,EHZ,-1,116.0,,327.6,,13.4545861186
nc73501535,NC,MMP,,EHZ,-1,116.0,,324.5,,13.53242256722
nc73501535,NC,MCO,,EHZ,-1,116.0,,29.2,,13.7881708984
nc73501535,NC,MCB,,HHZ,-1,114.0,,14.1,,15.31154139282
nc73501535,NC,MLI,,HHZ,-1,114.0,,333.7,,15.622887187300002
nc73501535,CI,MLAC,,HHZ,-1,113.0,,34.4,,16.101025371680002
nc73501535,NC,MCS,,EHZ,-1,113.0,,10.4,,16.27893725424
nc73501535,NC,MCY,,EHZ,-1,113.0,,331.7,,16.690358482660002
nc73501535,NC,MDR,2.0,EHZ,-1,113.0,,32.8,,16.82379239458
nc73501535,NC,MMLB,,HHZ,-1,113.0,,348.0,,16.8460313799
nc73501535,NC,MEM,,EHZ,-1,112.0,,359.9,,17.24633311566
nc73501535,NC,MDY,,HHZ,-1,112.0,,338.6,,17.57991789546
nc73501535,NP,1576,10.0,HNZ,1,111.0,,68.2,,17.735590792700002
nc73501535,NC,MDPB,,HHZ,-1,111.0,,317.7,,18.31380441102
nc73501535,NC,MDH,,HNZ,-1,110.0,,8.1,,18.9587349853
nc73501535,NC,MDH1,1.0,DP1,1,110.0,,8.1,,18.9587349853
nc73501535,NC,MINS,,HHZ,-1,110.0,,326.1,,19.1811248385
nc73501535,NC,MLH,,EHZ,-1,106.0,,30.4,,21.6274132237
nc73501535,NC,MDC,2.0,EHZ,-1,103.0,,337.8,,23.87355074102
nc73501535,NC,MLM,,EHZ,-1,103.0,,358.4,,24.14041856486
nc73501535,NC,MMT,,EHZ,1,102.0,,234.9,,25.98625434642
nc73501535,NC,MBS1,,EP1,1,101.0,,359.1,,27.79873165
nc73501535,NC,MRC,,EHZ,1,94.0,,64.4,,42.254072108
nc73501535,NP,1589,10.0,HNZ,-1,91.0,,107.0,,56.56485916142
nc73501535,BK,OVRO,0.0,HHZ,1,90.0,,118.0,,65.92747198114
nc73501535,NC,MMI,,EHZ,1,89.0,,262.1,,71.8875200469
nc73501535,BK,TOLH,0.0,HHZ,1,88.0,,215.6,,76.57994594942
nc73501535,CI,TIN,,HHZ,1,88.0,,128.8,,80.77199468224
nc73501535,WR,FRI,,EHZ,1,88.0,,229.9,,89.24504808916
nc73501535,NN,LHV,,HHZ,1,87.0,,24.7,,90.66834314964
nc73501535,BK,HELL,0.0,HHZ,-1,87.0,,184.6,,92.48082045322
nc73501535,NC,MHD,,EHZ,1,87.0,,242.9,,95.31629108152
nc73501535,NC,MPR,,EHZ,1,87.0,,289.4,,100.2978237932
nc73501535,BK,BUCR,0.0,HHZ,1,86.0,,280.0,,108.415053435
nc73501535,BK,LEGD,0.0,HHZ,1,86.0,,253.2,,112.0844860128
nc73501535,NN,WAK,,HHZ,1,85.0,,338.6,,118.6449866822
nc73501535,GS,MCA04,0.0,HHZ,1,85.0,,59.4,,125.3166822782
nc73501535,BK,WINE,0.0,HHZ,-1,85.0,,222.9,,126.9846061772
nc73501535,BK,LIND,0.0,HHZ,1,85.0,,184.7,,128.8749199294
nc73501535,BK,MERC,0.0,HHZ,1,84.0,,264.7,,135.2130307456
nc73501535,CI,VOG,,HHZ,-1,84.0,,196.7,,137.77051405740002
nc73501535,CI,CWC,,HHZ,1,84.0,,147.1,,141.32875170859998
nc73501535,NC,BMS,,EHZ,-1,81.0,,240.7,,189.8097397062
nc73501535,CI,WOR,,HHZ,1,51.0,,162.7,,210.8255808336
nc73501645,NC,MCB,,HHZ,1,140.0,,222.1,,2.9121951276540003
nc73501645,NC,MCS,,EHZ,-1,140.0,,250.0,,2.91886682325
nc73501645,NC,MCO,,EHZ,-1,120.0,,168.3,,5.083832044152
nc73501645,NC,MLC,,EHZ,1,110.0,,211.9,,6.768435182142
nc73501645,NC,MCV,,EHZ,-1,102.0,,153.9,,9.126879575328
nc73502030,CI,MLAC,,HHZ,-1,122.0,,357.1,,8.950079642034002
nc73502030,NC,MCB,,HHZ,-1,109.0,,331.1,,12.02017156546
nc73502030,NC,MCS,,EHZ,-1,108.0,,330.6,,13.42122764062
nc73502030,NC,MMX1,,HN3,1,107.0,,303.5,,13.63249800116
nc73502030,NC,MLH,,EHZ,-1,107.0,,5.6,,14.37750400938
nc73502030,NC,MDH1,1.0,DP1,-1,105.0,,334.6,,16.00094993774
nc73502030,NC,MDY,,HHZ,-1,101.0,,307.1,,20.02620628066
nc73502030,NC,MDPB,,HHZ,-1,96.0,,292.8,,23.78459479974
nc73502030,NC,MDC,2.0,EHZ,-1,95.0,,313.8,,25.7416255079
nc73502030,NC,MRC,,EHZ,1,93.0,,64.1,,31.73503205164
nc73502030,NC,MTU,2.0,EHZ,-1,92.0,,132.7,,32.1909312507
nc73502030,NC,MMT,,EHZ,1,92.0,,238.0,,36.38297998352
nc73502030,NC,MCO,,EHZ,-1,125.0,,339.8,,8.201737786016
nc73502030,NC,MCV,,EHZ,-1,145.0,,1.9,,4.482267491246
nc73502030,NC,MDR,2.0,EHZ,-1,119.0,,357.4,,9.810728373918
nc73502030,NC,MEM,,EHZ,-1,105.0,,323.5,,16.11214486434
nc73502030,NC,MLC,,EHZ,-1,118.0,,313.0,,10.183231378028
nc73502030,NC,MMLB,,HHZ,-1,103.0,,313.0,,17.85790521196
nc73502095,NC,MCS,,EHZ,-1,160.0,,298.4,,0.3603827571106
nc73502095,NC,MCB,,HHZ,-1,146.0,,154.7,,1.0982722900282
nc73502095,NC,MDH1,1.0,DP1,1,111.0,,348.7,,2.99114352554
nc73502095,NC,MLC,,EHZ,1,108.0,,194.1,,4.72022463417
nc73502095,NC,MCO,,EHZ,-1,110.0,,137.9,,5.149437050846
nc73502095,NC,MDR,2.0,EHZ,-1,57.0,,106.3,,6.094593926946
nc73502095,CI,MLAC,,HHZ,1,54.0,,113.8,,6.375917091244
nc73502095,NC,MLH,,EHZ,1,46.0,,69.9,,8.188394394824
nc73502125,NC,MDR,2.0,EHZ,1,156.0,,75.9,,3.0289498005840003
nc73502125,NC,MLC,,EHZ,-1,146.0,,242.3,,4.596798265644
nc73502125,NC,MDH1,1.0,DP1,-1,135.0,,327.1,,6.413723366288
nc73502125,NC,MLH,,EHZ,1,132.0,,42.2,,7.096460215612001
nc73502145,NC,MMX1,,HN3,1,114.0,,233.3,,7.613516624302001
nc73502145,NC,MCV,,EHZ,-1,108.0,,144.4,,9.29033611743
nc73502145,NC,MMP,,EHZ,1,96.0,,246.2,,13.32115220668
nc73502145,NC,MDPB,,HHZ,1,95.0,,260.3,,16.91274833586
nc73502145,NC,MCO,,EHZ,-1,129.0,,150.8,,4.965965421956
nc73502145,NC,MCS,,EHZ,1,163.0,,255.5,,1.391048531766
nc73502145,NC,MDR,2.0,EHZ,-1,127.0,,114.8,,5.30955774515
nc73502145,NC,MEM,,EHZ,1,133.0,,281.7,,4.438901469872
nc73502145,NC,MLC,,EHZ,1,125.0,,203.2,,5.544179040276
nc73502145,NC,MMLB,,HHZ,1,114.0,,270.9,,7.81700333998
nc73502295,NC,MCV,,EHZ,1,165.0,,34.2,,2.489654406574
nc73502295,NC,MCO,,EHZ,1,149.0,,343.3,,5.505260815966
nc73502295,NC,MDR,2.0,EHZ,1,140.0,,6.2,,7.421149401284
nc73502295,NC,MLC,,EHZ,1,139.0,,306.1,,7.6724499354
nc73502295,NC,MMT,,EHZ,1,98.0,,233.7,,36.70544527066
nc73502320,NC,MLI,,HHZ,-1,153.0,,48.8,,1.650132710744
nc73502320,NC,MINS,,HHZ,-1,124.0,,319.5,,3.918509213384
nc73502320,NC,MDPB,,HHZ,1,122.0,,278.0,,4.220959413736
nc73502320,NC,MMLB,,HHZ,1,110.0,,52.5,,5.875539921544
nc73502320,NC,MMX1,,HN3,1,107.0,,99.8,,6.472656677386
nc73502320,NC,MDC,2.0,EHZ,1,98.0,,354.6,,9.220283313672
nc73502320,NC,MLC,,EHZ,1,95.0,,99.1,,10.436755810676
nc73502320,NC,MCB,,HHZ,1,90.0,,80.7,,12.08688852142
nc73502320,NC,MCV,,EHZ,-1,84.0,,102.9,,18.38052136698
nc73502320,NC,MCY,,EHZ,-1,151.0,,8.1,,1.785790521196
nc73502320,NC,MDY,,HHZ,-1,125.0,,26.8,,3.865135648616
nc73502590,NC,MMP,,EHZ,-1,90.0,,343.4,,13.63249800116
nc73502590,NC,MLC,,EHZ,1,89.0,,24.5,,14.66661081854
nc73502590,NC,MCV,,EHZ,1,85.0,,51.4,,17.52432043216
nc73502590,NC,MCO,,EHZ,1,85.0,,37.2,,17.724471300039998
nc73502590,NC,MMT,,EHZ,-1,82.0,,233.2,,21.53845728242
nc73502590,NC,MDPB,,HHZ,-1,85.0,,331.8,,17.679993329400002
nc73502590,NC,MINS,,HHZ,-1,84.0,,339.5,,19.1811248385
nc73502590,NC,MMI,,EHZ,1,70.0,,263.4,,67.67323232876001
nc73502690,NC,MMX1,,HN3,-1,123.0,,352.7,,11.79778171226
nc73502690,NC,MQ1P,,EHZ,1,118.0,,328.4,,13.19883778742
nc73502690,NC,MCV,,EHZ,-1,118.0,,48.9,,13.276674236040002
nc73502690,NC,MCB,,HHZ,-1,116.0,,15.3,,15.27818291484
nc73502690,CI,MLAC,,HHZ,1,115.0,,35.5,,16.1788618203
nc73502690,NC,MCS,,EHZ,-1,115.0,,11.5,,16.22333979094
nc73502690,NC,MMLB,,HHZ,-1,114.0,,348.9,,16.679238989999998
nc73502690,NC,MDR,2.0,EHZ,-1,114.0,,33.8,,16.9016288432
nc73502690,NC,MEM,,EHZ,-1,114.0,,0.8,,17.135138189059997
nc73502690,NC,MDPB,,HHZ,-1,113.0,,318.1,,18.02469760186
nc73502690,NC,MDH,,HNZ,-1,112.0,,9.1,,18.89201802934
nc73502690,NC,MLH,,EHZ,-1,107.0,,31.2,,21.683010687
nc73502690,NC,MMT,,EHZ,1,103.0,,234.3,,25.81946195652
nc73502690,NC,MTU,2.0,EHZ,1,96.0,,117.6,,37.9174699706
nc73502690,NC,MFB,,EHZ,1,94.0,,101.3,,46.35716489954
nc73502690,NC,MMI,,EHZ,1,90.0,,262.0,,71.6095327304
nc73502690,NC,MHD,,EHZ,1,87.0,,242.8,,95.10502072098
nc73502690,NC,MPR,,EHZ,1,87.0,,289.4,,99.97535850606
nc73502690,NC,MCO,,EHZ,-1,118.0,,30.5,,13.8437683617
nc73502690,NC,MLC,,EHZ,-1,125.0,,12.2,,11.40859946916
nc73502690,NC,MLM,,EHZ,-1,105.0,,359.1,,24.0181041456
nc73502690,NC,MMP,,EHZ,-1,118.0,,325.2,,13.276674236040002
nc73502830,NC,MLC,,EHZ,-1,90.0,,11.3,,13.0654038755
nc73502830,NC,MCV,,EHZ,1,92.0,,44.3,,14.53317690662
nc73502830,NC,MMP,,EHZ,-1,92.0,,329.4,,14.59989386258
nc73502830,NC,MMT,,EHZ,1,81.0,,237.2,,24.76311015382
nc73502830,NC,MBUB,1.0,HNZ,-1,72.0,,274.3,,100.2422263299
nc73502830,NC,MPR,,EHZ,1,72.0,,290.3,,100.39789922714
nc73502870,NC,MTU,2.0,EHZ,1,114.0,,99.2,,21.04919960538
nc73502870,NC,MCV,,EHZ,-1,111.0,,353.2,,23.09518625482
nc73502870,NC,MCO,,EHZ,-1,108.0,,347.6,,26.76461883262
nc73502870,NC,MLC,,EHZ,-1,107.0,,337.9,,27.420668899560003
nc73502870,NC,MDR,2.0,EHZ,-1,106.0,,353.2,,28.443662224280004
nc73502870,NC,MMT,,EHZ,1,103.0,,268.7,,33.82549667172
nc73502870,NC,MLH,,EHZ,-1,103.0,,357.4,,32.780264361680004
nc73502870,NC,MDPB,,HHZ,1,101.0,,318.2,,37.17246396238
nc73502870,NC,MMI,,EHZ,1,90.0,,273.0,,83.86321364172
nc73502965,NC,MCB,,HHZ,1,165.0,,307.5,,1.259838518378
nc73502965,NC,MCS,,EHZ,-1,150.0,,317.3,,2.62976001409
nc73502965,NC,MCO,,EHZ,-1,148.0,,136.0,,2.861045461418
nc73502965,NC,MLC,,EHZ,-1,138.0,,222.9,,3.8540161559560007
nc73502965,NC,MDR,2.0,EHZ,1,134.0,,89.3,,4.38108010804
nc73502965,CI,MLAC,,HHZ,1,134.0,,100.6,,4.440013419138
nc73502965,NC,MDH,,HNZ,-1,128.0,,336.4,,5.121638319195999
nc73502965,NC,MEM,,EHZ,-1,125.0,,303.6,,5.74321795889
nc73502965,NC,MMX1,,EP1,-1,118.0,,250.9,,6.935227572042001
nc73502965,NC,MCV,,EHZ,-1,117.0,,136.7,,7.24990921432
nc73502965,NC,MLH,,EHZ,1,115.0,,53.7,,7.714704007508
nc73502965,NC,MMLB,,HHZ,1,111.0,,286.3,,8.598703673978
nc73502965,NC,MDY,,HHZ,1,102.0,,281.6,,11.40859946916
nc73502965,NC,MLM,,EHZ,-1,102.0,,331.8,,11.41971896182
nc73502965,NC,MLI,,HHZ,1,101.0,,269.6,,11.68658678566
nc73502965,NC,MQ1P,,EHZ,1,96.0,,257.1,,12.29815888196
nc73502965,NC,MCY,,EHZ,1,96.0,,272.8,,12.69846061772
nc73502965,NC,MMP,,EHZ,1,96.0,,256.3,,13.0098064122
nc73502965,NC,MINS,,HHZ,1,96.0,,276.7,,15.58952870932
nc73502965,NC,MDC,2.0,EHZ,1,96.0,,300.3,,15.9564719671
nc73502965,NC,MDPB,,HHZ,1,95.0,,268.1,,17.1240186964
nc73502965,NC,MRC,,EHZ,1,77.0,,83.0,,33.6364652965
nc73502965,NC,MMT,,EHZ,1,76.0,,221.8,,38.9738217733
nc73502965,BK,OVRO,0.0,HHZ,-1,76.0,,130.2,,69.87489187544
nc73502965,NC,MMI,,EHZ,1,75.0,,252.5,,79.63780643092
nc73502965,CI,TIN,,HHZ,1,75.0,,138.0,,86.97667158652
nc73502965,BK,TOLH,0.0,HHZ,1,75.0,,212.9,,90.89073300284
nc73502965,NC,MPR,,EHZ,1,75.0,,280.9,,101.22074168398
nc73502965,NC,MHD,,EHZ,1,75.0,,237.3,,106.45802272684
nc73502965,NN,WAK,,HHZ,1,75.0,,333.5,,107.75900336806
nc73502965,BK,BUCR,0.0,HHZ,1,75.0,,272.4,,111.6397063064
nc73502965,BK,LEGD,0.0,HHZ,1,75.0,,247.5,,121.3136649206
nc73502965,NC,MGS,1.0,EHZ,-1,75.0,,226.9,,126.0950467644
nc73502965,BK,WINE,0.0,HHZ,-1,75.0,,220.4,,140.661582149
nc73502965,BK,MERC,0.0,HHZ,-1,75.0,,259.2,,141.8847263416
nc73502965,BK,LIND,0.0,HHZ,-1,74.0,,186.1,,143.3302603874
nc73503015,NC,MDPB,,HHZ,-1,175.0,,211.5,,1.463325234056
nc73503015,NC,MCO,,EHZ,1,131.0,,98.4,,18.53619426422
nc73503015,NC,MINS,,HHZ,1,175.0,,36.9,,1.427742857544
nc73503015,NC,MCY,,EHZ,-1,167.0,,91.0,,3.666096730002
nc73503015,NC,MMP,,EHZ,1,162.0,,135.5,,5.272863419371999
nc73503015,NC,MQ1P,,EHZ,1,161.0,,128.1,,5.533059547616
nc73503015,NC,MDC,2.0,EHZ,-1,154.0,,19.0,,7.774749267872
nc73503015,NC,MMLB,,HHZ,-1,153.0,,77.8,,8.26734279271
nc73503015,NC,MEM,,EHZ,-1,143.0,,77.7,,11.82002069758
nc73503015,NC,MLC,,EHZ,1,138.0,,104.3,,14.15511415618
nc73503015,NC,MCB,,HHZ,1,136.0,,89.6,,15.3448998708
nc73503015,NC,MDR,2.0,EHZ,1,127.0,,91.6,,20.7378538109
nc73503015,NC,MCV,,EHZ,1,125.0,,105.5,,22.13890988606
nc73503015,NC,MMT,,EHZ,-1,115.0,,197.9,,31.21241589662
nc73503015,NC,MMI,,EHZ,-1,99.0,,247.5,,64.48193793534
nc73503015,NC,MHD,,EHZ,-1,93.0,,231.5,,93.5149332706
nc73503080,NC,MCB,,HHZ,-1,158.0,,293.7,,1.219808344802
nc73503080,NC,MCO,,EHZ,-1,133.0,,141.3,,2.99114352554
nc73503080,NC,MLC,,EHZ,-1,120.0,,221.5,,4.138675168052001
nc73503080,NC,MDR,2.0,EHZ,1,119.0,,93.0,,4.268773232174
nc73503080,NC,MCV,,EHZ,-1,101.0,,138.9,,7.375559481378
nc73503080,NC,MLH,,EHZ,1,101.0,,54.8,,7.456731777796
nc73503080,NC,MBS1,,EP1,1,89.0,,338.5,,14.455340458
nc73503300,NP,1576,10.0,HNZ,1,132.0,,30.4,,5.69873998825
nc73503300,NC,MMX1,,HN3,-1,97.0,,303.7,,18.458357815600003
nc73503300,NC,MDH,,HNZ,1,95.0,,327.7,,20.30419359716
nc73503300,NC,MDH1,1.0,DP1,-1,95.0,,327.7,,20.30419359716
nc73503300,NC,MEM,,EHZ,-1,94.0,,319.1,,20.72673431824
nc73503300,NC,MQ1P,,EHZ,-1,90.0,,295.1,,22.98399132822
nc73503300,NC,MMP,,EHZ,1,90.0,,293.7,,23.43989052728
nc73503300,NC,MTU,2.0,EHZ,-1,92.0,,134.2,,27.420668899560003
nc73503300,NC,MINS,,HHZ,1,92.0,,300.6,,28.19903338576
nc73503300,NC,MRC,,EHZ,1,93.0,,56.0,,29.60008946092
nc73503300,NC,MBS1,,EP1,-1,93.0,,331.9,,29.6890454022
nc73503300,NC,MMT,,EHZ,1,83.0,,244.6,,38.61799800818
nc73503300,NC,MMI,,EHZ,1,82.0,,262.4,,85.58673500402001
nc73503300,BK,TOLH,0.0,HHZ,1,82.0,,222.4,,86.44293593884
nc73503300,NC,MHD,,EHZ,1,82.0,,245.5,,108.28161952308
nc73503300,NC,MPR,,EHZ,1,82.0,,286.4,,112.7516555724
nc73503300,CI,MLAC,,HHZ,-1,102.0,,339.1,,12.46495127186
nc73503300,NC,MCB,,HHZ,-1,99.0,,323.5,,16.47908812212
nc73503300,NC,MCO,,EHZ,-1,102.0,,326.8,,12.44271228654
nc73503300,NC,MCS,,EHZ,-1,98.0,,323.7,,17.88014419728
nc73503300,NC,MCV,,EHZ,-1,119.0,,331.9,,8.149476170514
nc73503300,NC,MDPB,,HHZ,1,92.0,,294.8,,28.54373765822
nc73503300,NC,MDR,2.0,EHZ,-1,102.0,,340.5,,13.26555474338
nc73503300,NC,MLC,,EHZ,-1,101.0,,310.2,,14.977956613019998
nc73503300,NC,MLH,,EHZ,-1,99.0,,351.3,,17.20185514502
nc73503300,NC,MMLB,,HHZ,-1,90.0,,311.2,,22.63928705576
nc73503310,NC,MCV,,EHZ,-1,142.0,,317.7,,4.44223731767
nc73503310,CI,MLAC,,HHZ,-1,120.0,,335.1,,8.537546464348
nc73503310,NC,MCO,,EHZ,-1,118.0,,317.5,,8.832213019838001
nc73503310,NC,MLC,,EHZ,1,104.0,,298.5,,12.05353004344
nc73503310,NC,MCB,,HHZ,-1,103.0,,316.2,,12.93196996358
nc73503310,NC,MCS,,EHZ,1,102.0,,317.2,,14.32190654608
nc73503310,NC,MMX1,,HN3,1,101.0,,293.5,,15.83415754784
nc73503310,NC,MMP,,EHZ,1,93.0,,285.0,,21.33830641454
nc73503310,NC,MDPB,,HHZ,1,90.0,,287.8,,26.33095861888
nc73503310,NC,MDC,2.0,EHZ,-1,90.0,,307.4,,27.3539519436
nc73503310,NC,MMT,,EHZ,-1,88.0,,239.0,,39.6965887962
nc73503310,NC,MDR,2.0,EHZ,-1,116.0,,337.4,,9.319246798346
nc73503360,NC,MCV,,EHZ,1,91.0,,25.9,,9.309239254952
nc73503360,NC,MLC,,EHZ,-1,87.0,,342.0,,11.37524099118
nc73503360,NC,MCO,,EHZ,-1,87.0,,5.4,,11.63098932236
nc73503360,NC,MDR,2.0,EHZ,1,87.0,,14.2,,14.1217556782
nc73503360,NC,MCB,,HHZ,-1,86.0,,352.5,,14.52205741396
nc73503360,NC,MMP,,EHZ,-1,83.0,,308.1,,17.1796161597
nc73503520,NC,MDR,2.0,EHZ,1,102.0,,2.2,,7.067549534696001
nc73503520,NC,MLC,,EHZ,-1,99.0,,302.0,,7.935981911442
nc73503520,NC,MINS,,HHZ,-1,81.0,,294.4,,21.49397931178
nc73503520,NC,MDPB,,HHZ,1,81.0,,287.0,,22.1833878567
nc73503520,NC,MCB,,HHZ,-1,96.0,,326.8,,9.303679508622
nc73503520,NC,MCO,,EHZ,-1,110.0,,337.0,,5.389618092302
nc73503520,NC,MCV,,EHZ,1,146.0,,26.5,,1.949247063298
nc73503625,NC,MCV,,EHZ,1,119.0,,28.1,,8.924504808916
nc73503625,NC,MLC,,EHZ,-1,113.0,,341.9,,10.861520430288
nc73503625,NC,MCO,,EHZ,-1,112.0,,6.3,,11.15285113798
nc73503625,NP,1576,10.0,HNZ,1,105.0,,62.8,,12.309278374620002
nc73503625,CI,MLAC,,HHZ,-1,105.0,,16.2,,12.8430140223
nc73503625,NC,MDR,2.0,EHZ,-1,104.0,,15.3,,13.6769759718
nc73503625,NC,MCB,,HHZ,-1,104.0,,352.8,,14.0105607516
nc73503625,NC,MCS,,EHZ,-1,103.0,,350.4,,15.27818291484
nc73503625,NC,MQ1P,,EHZ,-1,102.0,,309.3,,16.4568491368
nc73503625,NC,MMP,,EHZ,-1,102.0,,307.0,,16.76819493128
nc73503625,NC,MEM,,EHZ,-1,101.0,,341.3,,17.224094130340003
nc73503625,NC,MMLB,,HHZ,-1,100.0,,330.0,,17.969100138559998
nc73503625,NC,MLI,,HHZ,-1,100.0,,316.5,,18.04693658718
nc73503625,NC,MDH,,HNZ,-1,100.0,,351.0,,18.04693658718
nc73503625,NC,MLH,,EHZ,1,100.0,,17.1,,18.513955278900003
nc73503625,NC,MCY,,EHZ,-1,99.0,,315.8,,19.22560280914
nc73503625,NC,MDY,,HHZ,-1,98.0,,322.4,,19.50359012564
nc73503625,NC,MDPB,,HHZ,-1,94.0,,305.2,,21.86092256956
nc73503625,NC,MINS,,HHZ,-1,94.0,,312.8,,22.08331242276
nc73503625,NC,MLM,,EHZ,-1,92.0,,345.1,,23.99586516028
nc73503625,NC,MDC,2.0,EHZ,-1,91.0,,325.6,,25.6860280446
nc73503625,NC,MBS1,,EP1,1,90.0,,347.5,,27.50962484084
nc73503625,NC,MMT,,EHZ,1,90.0,,239.3,,31.15681843332
nc73503625,NC,MTU,2.0,EHZ,-1,90.0,,123.6,,33.31400000936
nc73503625,NC,MRC,,EHZ,1,91.0,,62.1,,36.89447664588
nc73503625,NC,MFB,,EHZ,1,88.0,,104.0,,40.8641355255
nc73503625,NP,1587,10.0,HNZ,-1,88.0,,82.6,,56.99851937516
nc73503625,BK,OVRO,0.0,BHZ,1,87.0,,121.3,,61.57975035108
nc73503625,NC,MMI,,EHZ,1,86.0,,262.0,,77.49174434753999
nc73503625,NN,LHV,,HHZ,-1,86.0,,21.7,,87.61048266814001
nc73503625,WR,FRI,,EHZ,1,85.0,,231.7,,94.13762485956
nc73503625,BK,HELL,0.0,HHZ,-1,85.0,,187.9,,94.02642993296
nc73503625,NC,MHD,,EHZ,1,85.0,,243.9,,100.6870060363
nc73503625,NC,MPR,,EHZ,1,85.0,,287.9,,105.23487853424
nc73503625,BK,BUCR,0.0,HHZ,-1,84.0,,279.1,,113.7524099118
nc73503625,BK,LEGD,0.0,HHZ,1,84.0,,253.6,,117.6442323428
nc73503625,NC,MGS,1.0,EHZ,1,84.0,,231.8,,118.2002069758
nc73503625,GS,MCA04,0.0,HHZ,1,84.0,,58.5,,120.09052072800002
nc73503625,NN,WAK,,HHZ,1,84.0,,336.0,,119.9793258014
nc73503625,BK,LIND,0.0,HHZ,-1,84.0,,187.1,,130.4316489018
nc73503625,CI,CWC,,HHZ,-1,83.0,,149.2,,139.2160481032
nc73503625,BK,MERC,0.0,BHZ,1,83.0,,264.6,,140.7727770756
nc73503625,CI,CGO,,HHZ,-1,83.0,,138.2,,143.8862350204
nc73503625,CI,SPG2,,HHZ,1,83.0,,176.1,,146.6661081854
nc73503625,BK,WELL,0.0,HHZ,-1,80.0,,302.8,,191.7000534584
nc73503625,NC,HSL,2.0,EHZ,-1,82.0,,254.8,,203.7091055312
nc73503625,CI,WNM,,EHZ,1,77.0,,154.8,,205.3770294302
nc73503625,CI,WOR,,HHZ,-1,64.0,,164.2,,210.158411274
nc73503625,NC,MMX1,,EP1,1,105.0,,326.2,,13.10988184614
nc73503630,NC,MCV,,EHZ,-1,106.0,,30.0,,9.841862953366
nc73503630,NC,MLC,,EHZ,-1,102.0,,346.3,,11.286285049900002
nc73503630,NC,MCO,,EHZ,-1,99.0,,9.4,,11.88673765354
nc73503630,CI,MLAC,,HHZ,1,95.0,,18.4,,13.6769759718
nc73503630,NC,MDR,2.0,EHZ,-1,95.0,,17.3,,14.49981842864
nc73503630,NC,MMP,,EHZ,1,95.0,,310.3,,16.60140254138
nc73503630,NC,MLH,,EHZ,-1,85.0,,18.5,,19.35903672106
nc73503630,NC,MMT,,EHZ,1,79.0,,239.7,,30.20054206456
nc73503705,NC,MCS,,EHZ,-1,151.0,,317.0,,2.616416622898
nc73503705,NC,MLC,,EHZ,-1,139.0,,222.7,,3.868471496414
nc73503705,CI,MLAC,,HHZ,1,135.0,,100.8,,4.443349266936
nc73503705,NC,MMX1,,HN3,1,119.0,,250.8,,6.940787318372
nc73503705,NC,MCV,,EHZ,-1,118.0,,136.8,,7.263252605512
nc73503705,NC,MLH,,EHZ,1,116.0,,53.8,,7.703584514847999
nc73503705,NC,MMLB,,HHZ,-1,112.0,,286.2,,8.594255876914
nc73503705,NC,MQ1P,,EHZ,1,97.0,,257.0,,12.309278374620002
nc73503705,NC,MMP,,EHZ,1,97.0,,256.2,,13.02092590486
nc73503705,NC,MINS,,HHZ,1,96.0,,276.7,,15.58952870932
nc73503705,NC,MDPB,,HHZ,1,96.0,,268.0,,17.1240186964
nc73503705,NC,MMT,,EHZ,1,77.0,,221.8,,38.98494126596
nc73503705,NC,MCO,,EHZ,-1,148.0,,136.3,,2.87438885261
nc73503705,NC,MDR,2.0,EHZ,1,135.0,,89.6,,4.38108010804
nc73503765,NC,MDR,2.0,EHZ,-1,174.0,,195.3,,0.7339977104866
nc73503765,CI,MLAC,,HHZ,-1,167.0,,187.6,,1.58452770405
nc73503765,NC,MCO,,EHZ,-1,151.0,,222.5,,3.820657677976
nc73503765,NC,MLH,,EHZ,1,149.0,,23.4,,4.140899066584001
nc73503765,NC,MCV,,EHZ,-1,138.0,,176.2,,6.0412203621780005
nc73503765,NC,MCS,,EHZ,1,136.0,,280.5,,6.469320829588001
nc73503765,NC,MDH1,1.0,DP1,-1,130.0,,300.8,,7.710256210444
nc73503765,NC,MLC,,EHZ,-1,128.0,,243.5,,8.04495293951
nc73503765,NC,MMP,,EHZ,-1,106.0,,257.4,,17.64663485142
nc73503820,NC,MCO,,EHZ,-1,100.0,,6.5,,12.80965554432
nc73503820,NC,MMX1,,HN3,-1,99.0,,330.6,,14.38862350204
nc73503820,NC,MDR,2.0,EHZ,1,98.0,,14.5,,15.32266088548
nc73503820,NC,MQ1P,,EHZ,-1,97.0,,314.0,,17.379767027579998
nc73503820,NC,MMP,,EHZ,-1,97.0,,311.7,,17.624395866100002
nc73503820,NC,MINS,,HHZ,-1,93.0,,316.2,,23.06182777684
nc73503820,NC,MDC,2.0,EHZ,-1,83.0,,328.0,,26.93141122252
nc73503820,NC,MMT,,EHZ,1,82.0,,241.8,,30.133825108600004
nc73503820,CI,MLAC,,HHZ,-1,99.0,,15.3,,14.48869893598
nc73503820,NC,MCV,,EHZ,1,108.0,,25.0,,10.503472766636
nc73503820,NC,MDPB,,HHZ,-1,92.0,,309.0,,22.66152604108
nc73503820,NC,MLC,,EHZ,-1,100.0,,345.3,,12.37599533058
nc73503865,NC,MDR,2.0,EHZ,-1,174.0,,201.8,,0.6427066757480001
nc73503865,NC,MCO,,EHZ,-1,151.0,,224.1,,3.770619961006001
nc73503865,NC,MLH,,EHZ,1,148.0,,22.2,,4.226519160066
nc73503865,NC,MCB,,HHZ,1,140.0,,271.2,,5.62090353963
nc73503865,NC,MCV,,EHZ,-1,138.0,,176.5,,5.927801537046
nc73503865,NC,MCS,,EHZ,-1,135.0,,281.4,,6.5338138870160005
nc73503865,NC,MDH1,1.0,DP1,-1,129.0,,301.3,,7.804771898054001
nc73503865,NC,MLC,,EHZ,-1,128.0,,244.4,,8.036057345382
nc73503865,NC,MMP,,EHZ,-1,106.0,,257.8,,17.65775434408
nc73503920,NC,MCV,,EHZ,-1,146.0,,311.5,,4.623485048028
nc73503920,NC,MCO,,EHZ,1,125.0,,314.3,,9.002341257536001
nc73503920,NC,MDR,2.0,EHZ,-1,124.0,,334.2,,9.311463153484
nc73503920,NC,MLC,,EHZ,1,112.0,,296.6,,12.37599533058
nc73503920,NC,MLH,,EHZ,-1,111.0,,350.3,,13.07652336816
nc73503920,NC,MCB,,HHZ,1,111.0,,314.0,,13.10988184614
nc73503920,NC,MCS,,EHZ,-1,110.0,,315.2,,14.48869893598
nc73503920,NC,MMX1,,HN3,1,108.0,,292.1,,16.18998131296
nc73503920,NC,MEM,,EHZ,-1,107.0,,311.1,,17.53543992482
nc73503920,NC,MINS,,HHZ,1,98.0,,293.1,,25.99737383908
nc73503920,NC,MDPB,,HHZ,1,98.0,,287.0,,26.720140861980003
nc73503920,NC,MMT,,EHZ,-1,92.0,,239.0,,40.21920495122
nc73504030,NC,MLC,,EHZ,-1,152.0,,233.5,,3.999681509802
nc73504030,NC,MCV,,EHZ,-1,139.0,,137.8,,6.523806343622
nc73504030,NC,MLH,,EHZ,1,134.0,,48.3,,7.535680175682
nc73504030,NC,MINS,,HHZ,1,111.0,,278.1,,16.2344592836
nc73504030,NC,MDPB,,HHZ,-1,109.0,,269.6,,17.70223231472
nc73504035,NC,MCB,,HHZ,-1,164.0,,324.0,,1.772447130004
nc73504035,NC,MLC,,EHZ,-1,150.0,,231.1,,3.4325873841420003
nc73504035,NC,MDR,2.0,EHZ,-1,143.0,,80.6,,4.395535448498
nc73504035,NC,MDH,,HNZ,1,135.0,,338.7,,5.75433745155
nc73504035,NC,MDH1,1.0,DP1,-1,135.0,,338.7,,5.75433745155
nc73504035,NC,MEM,,EHZ,1,132.0,,308.6,,6.170206477034
nc73504035,NC,MCV,,EHZ,-1,129.0,,133.1,,6.74953204462
nc73504035,NC,MMX1,,HN3,1,129.0,,256.4,,6.790674167462
nc73504035,NC,MMLB,,HHZ,1,120.0,,290.4,,8.850004208094
nc73504035,NC,MMP,,EHZ,1,105.0,,259.2,,12.92085047092
nc73504035,NC,MBS1,,EP1,1,103.0,,340.0,,15.31154139282
nc73504035,NC,MINS,,HHZ,1,103.0,,279.1,,15.72296262124
nc73504035,NC,MDC,2.0,EHZ,1,102.0,,302.2,,16.334534717540002
nc73504035,NC,MDPB,,HHZ,1,102.0,,270.3,,17.15737717438
nc73504035,NC,MMT,,EHZ,1,91.0,,222.5,,38.50680308158
nc73504035,NC,MCO,,EHZ,-1,158.0,,125.6,,2.3906909219
nc73504035,NC,MLH,,EHZ,1,123.0,,49.7,,8.091654808682
nc73504035,NC,MLM,,EHZ,1,106.0,,333.1,,12.03129105812
nc73504040,NC,MCS,,EHZ,1,162.0,,317.7,,2.388467023368
nc73504040,NC,MCO,,EHZ,-1,157.0,,135.8,,3.103450401406
nc73504040,NC,MLC,,EHZ,-1,152.0,,219.3,,3.862911750084
nc73504040,NC,MDR,2.0,EHZ,1,148.0,,91.4,,4.5589919906
nc73504040,NC,MMX1,,HN3,-1,135.0,,249.1,,6.826256543974
nc73504040,NC,MCV,,EHZ,-1,132.0,,136.6,,7.492314154308
nc73504040,NC,MLH,,EHZ,1,131.0,,55.4,,7.762517825945999
nc73504040,NC,MINS,,HHZ,1,110.0,,276.2,,15.38937784144
nc73504040,NC,MDPB,,HHZ,1,109.0,,267.5,,16.9572263065
nc73504055,NC,MMX1,,HN3,-1,146.0,,75.4,,2.409594059422
nc73504055,NC,MQ1P,,EHZ,1,139.0,,272.3,,3.1056742999380003
nc73504055,NC,MDY,,HHZ,-1,118.0,,336.1,,5.635358880088001
nc73504055,NC,MLC,,EHZ,1,114.0,,89.5,,6.259162418314
nc73504055,NC,MINS,,HHZ,1,106.0,,305.4,,8.087207011618
nc73504055,NC,MDPB,,HHZ,1,105.0,,285.6,,8.539770362879999
nc73504055,NC,MDH,,HNZ,1,100.0,,41.9,,10.184343327294
nc73504055,NC,MDH1,1.0,DP1,-1,100.0,,41.9,,10.184343327294
nc73504055,NC,MDC,2.0,EHZ,1,95.0,,335.8,,11.94233511684
nc73504055,CI,MLAC,,HHZ,-1,90.0,,81.1,,13.41010814796
nc73504055,NC,MLM,,EHZ,1,90.0,,14.9,,13.37674966998
nc73504055,NC,MDR,2.0,EHZ,1,90.0,,77.5,,13.58802003052
nc73504055,NC,MCV,,EHZ,1,91.0,,99.8,,14.07727770756
nc73504055,NC,MLH,,EHZ,1,86.0,,63.7,,16.83491188724
nc73504055,NC,MBS1,,EP1,1,86.0,,12.4,,16.979465291820002
nc73504055,NC,MMT,,EHZ,1,76.0,,213.1,,31.256893867260004
nc73504055,NC,MMI,,EHZ,-1,72.0,,252.5,,70.29743259652
nc73504055,NC,MPR,,EHZ,1,72.0,,283.6,,93.13687052016
nc73504055,NC,MHD,,EHZ,1,71.0,,235.9,,97.45123367224
nc73504055,NC,MCB,,HHZ,1,104.0,,65.1,,8.683211818194001
nc73504055,NC,MCO,,EHZ,1,98.0,,85.7,,10.910446197992
nc73504055,NC,MCS,,EHZ,1,105.0,,55.8,,8.566457145264
nc73504055,NC,MEM,,EHZ,1,109.0,,34.0,,7.294387184960001
nc73504055,NC,MMLB,,HHZ,1,119.0,,6.8,,5.301774100288
nc73504055,NC,MMP,,EHZ,1,132.0,,266.7,,3.762836316144
nc73504065,NC,MCO,,EHZ,-1,171.0,,146.0,,1.163098932236
nc73504065,NC,MDR,2.0,EHZ,1,156.0,,69.3,,3.249115755252
nc73504065,NC,MLC,,EHZ,-1,149.0,,246.4,,4.327706543272001
nc73504065,NC,MCV,,EHZ,-1,142.0,,139.0,,5.541955141744
nc73504065,NC,MLH,,EHZ,1,133.0,,40.7,,7.468963219721999
nc73504085,NC,MMX1,,HN3,-1,169.0,,106.3,,1.341010814796
nc73504085,NC,MMP,,EHZ,1,143.0,,255.9,,4.9481742337
nc73504085,NC,MEM,,EHZ,1,137.0,,31.0,,5.90445060246
nc73504085,NC,MINS,,HHZ,1,125.0,,295.9,,8.489732645910001
nc73504085,NC,MDH,,HNZ,1,124.0,,41.2,,8.757712419016
nc73504085,NC,MDPB,,HHZ,1,122.0,,278.1,,9.363724768986
nc73504085,NC,MCO,,EHZ,-1,120.0,,90.9,,9.83519125777
nc73504085,NC,MDC,2.0,EHZ,1,115.0,,329.1,,11.55315287374
nc73504085,NC,MDR,2.0,EHZ,-1,110.0,,80.9,,12.37599533058
nc73504085,NC,MCV,,EHZ,-1,109.0,,104.8,,13.26555474338
nc73504085,NC,MBS1,,EP1,-1,107.0,,9.5,,15.82303805518
nc73504085,NC,MMT,,EHZ,1,93.0,,213.7,,32.64683044976
nc73504085,NC,MCB,,HHZ,-1,130.0,,68.7,,7.337753206333999
nc73504085,NC,MLC,,EHZ,-1,140.0,,100.2,,5.296214353958
nc73504085,NC,MLM,,EHZ,1,110.0,,11.4,,12.1758444627
nc73504090,NC,MMX1,,HN3,-1,162.0,,120.8,,1.822484846974
nc73504090,NC,MLC,,EHZ,-1,131.0,,105.2,,5.690956343388001
nc73504090,NC,MINS,,HHZ,1,119.0,,293.2,,8.004922765934
nc73504090,NC,MDPB,,HHZ,-1,116.0,,274.8,,9.02346829359
nc73504090,NC,MBS1,,EP1,-1,100.0,,10.9,,15.32266088548
nc73504165,NC,MLC,,EHZ,-1,130.0,,219.9,,3.560461549732
nc73504165,CI,MLAC,,HHZ,1,120.0,,98.7,,4.758030909214
nc73504165,NC,MDH,,HNZ,1,117.0,,340.3,,5.0827200948860005
nc73504165,NC,MDH1,1.0,DP1,-1,117.0,,340.3,,5.0827200948860005
nc73504165,NC,MMX1,,HN3,1,109.0,,250.7,,6.584963553252001
nc73504165,NC,MCV,,EHZ,-1,105.0,,134.3,,7.42226135055
nc73504165,NC,MINS,,HHZ,1,87.0,,277.2,,15.26706342218
nc73504165,NC,MDC,2.0,EHZ,-1,87.0,,301.2,,15.711843128580002
nc73504165,NC,MCB,,HHZ,1,163.0,,322.5,,1.083594559717
nc73504165,NC,MCO,,EHZ,-1,137.0,,130.2,,3.045629039574
nc73504165,NC,MDPB,,HHZ,1,86.0,,268.4,,16.77931442394
nc73504165,NC,MDR,2.0,EHZ,1,121.0,,88.2,,4.721336583436
nc73504165,NC,MLH,,EHZ,1,103.0,,54.5,,8.042729040978001
nc73504165,NC,MMP,,EHZ,1,90.0,,256.3,,12.66510213974
nc73504170,CI,MLAC,,HHZ,1,132.0,,100.2,,4.494498933172
nc73504170,NC,MDH,,HNZ,-1,127.0,,337.1,,5.1149666236
nc73504170,NC,MDH1,1.0,DP1,1,127.0,,337.1,,5.1149666236
nc73504170,NC,MEM,,EHZ,-1,123.0,,304.1,,5.70429973458
nc73504170,NC,MDC,2.0,EHZ,-1,95.0,,300.5,,15.91199399646
nc73504170,NC,MCB,,HHZ,1,164.0,,309.9,,1.225368091132
nc73504170,NC,MCS,,EHZ,-1,149.0,,318.5,,2.604185180972
nc73504170,NC,MCO,,EHZ,-1,146.0,,134.9,,2.888844193068
nc73504170,NC,MLC,,EHZ,-1,137.0,,222.4,,3.800642591188
nc73504170,NC,MDR,2.0,EHZ,1,132.0,,89.1,,4.440013419138
nc73504170,NC,MMX1,,HN3,1,116.0,,250.9,,6.8740703624120005
nc73504170,NC,MCV,,EHZ,-1,115.0,,136.3,,7.27770794597
nc73504170,NC,MLH,,EHZ,1,113.0,,53.8,,7.77252536934
nc73504170,NC,MDY,,HHZ,1,101.0,,281.8,,11.35300200586
nc73504170,NC,MLM,,EHZ,-1,101.0,,332.1,,11.40859946916
nc73504170,NC,MLI,,HHZ,-1,100.0,,269.7,,11.63098932236
nc73504170,NC,MQ1P,,EHZ,1,95.0,,257.1,,12.24256141866
nc73504170,NC,MMP,,EHZ,1,95.0,,256.3,,12.954208948900002
nc73504170,NC,MINS,,HHZ,1,95.0,,276.8,,15.53393124602
nc73504170,NC,MRD,2.0,EHZ,1,95.0,,253.9,,15.856396533160002
nc73504170,NC,MDPB,,HHZ,1,95.0,,268.2,,17.0684212331
nc73504170,NC,MMT,,EHZ,1,75.0,,221.8,,38.91822431
nc73504170,NC,MTU,2.0,EHZ,1,75.0,,137.9,,42.55429840982
nc73504170,NC,MMI,,EHZ,1,74.0,,252.5,,79.57108947496
nc73504170,BK,TOLH,0.0,HHZ,1,74.0,,212.9,,90.8462550322
nc73504170,NC,MPR,,EHZ,1,74.0,,280.9,,101.16514422068
nc73504170,NC,MHD,,EHZ,1,74.0,,237.3,,106.39130577088
nc73504465,NC,MCV,,EHZ,-1,153.0,,300.3,,2.804336048852
nc73504465,CI,MLAC,,HHZ,-1,127.0,,332.7,,6.606090589306
nc73504465,NC,MCO,,EHZ,1,125.0,,310.6,,7.118699200931999
nc73504465,NC,MDR,2.0,EHZ,-1,124.0,,335.9,,7.376671430643999
nc73504465,NC,MLC,,EHZ,1,111.0,,291.2,,10.751437452954
nc73504465,NC,MLH,,EHZ,-1,109.0,,354.1,,11.29740454256
nc73504525,NC,MLC,,EHZ,-1,118.0,,27.6,,26.44215354548
nc73504525,NC,MCV,,EHZ,-1,115.0,,43.3,,28.92180040866
nc73504525,NC,MDR,2.0,EHZ,1,112.0,,36.1,,32.61347197178
nc73504525,NC,MMT,,EHZ,1,142.0,,255.9,,11.44195794714
nc73504525,NC,MMP,,EHZ,-1,121.0,,5.6,,23.26197864472
nc73504525,NC,MMX1,,HN3,-1,119.0,,19.1,,25.38580174278
nc73504525,NC,MDPB,,HHZ,-1,119.0,,355.1,,25.75274500056
nc73504525,NC,MDC,2.0,EHZ,1,111.0,,1.8,,34.25915688546
nc73504525,NC,MMI,,EHZ,1,99.0,,272.1,,61.07937318138
nc73504545,NP,1576,10.0,HNZ,1,150.0,,80.7,,3.839560815498
nc73504545,NC,MCV,,EHZ,1,148.0,,314.5,,4.132003472456
nc73504545,NC,MMX1,,HN3,1,107.0,,292.3,,15.64512617262
nc73504545,NC,MEM,,EHZ,1,106.0,,311.8,,17.035062755120002
nc73504545,NC,MQ1P,,EHZ,1,102.0,,285.3,,20.64889786962
nc73504545,NC,MMP,,EHZ,1,101.0,,284.0,,21.20487250262
nc73504545,NC,MDY,,HHZ,1,100.0,,298.8,,21.78308612094
nc73504545,NC,MCY,,EHZ,1,99.0,,293.2,,22.4057777099
nc73504545,NC,MINS,,HHZ,1,97.0,,293.2,,25.45251869874
nc73504545,NC,MDPB,,HHZ,1,97.0,,287.0,,26.17528572164
nc73504545,NC,MDC,2.0,EHZ,1,96.0,,306.8,,27.08708411976
nc73504545,NC,MRC,,EHZ,-1,95.0,,64.3,,28.243511356400003
nc73504545,NC,MMI,,EHZ,1,87.0,,259.4,,85.37546464348
nc73504545,BK,HELL,0.0,HHZ,-1,86.0,,191.6,,100.15327038862
nc73504545,NC,MHD,,EHZ,1,85.0,,243.3,,109.32685183312
nc73504545,NC,MPR,,EHZ,1,85.0,,284.4,,110.7501468936
nc73504545,CI,MLAC,,HHZ,-1,127.0,,334.2,,8.167267358770001
nc73504545,NC,MCB,,HHZ,-1,110.0,,315.1,,12.631743661760002
nc73504545,NC,MCO,,EHZ,1,125.0,,315.9,,8.519755276091999
nc73504545,NC,MDR,2.0,EHZ,-1,124.0,,336.7,,8.944519895704
nc73504545,NC,MLC,,EHZ,1,114.0,,296.9,,11.8422596829
nc73504545,NC,MLH,,EHZ,-1,110.0,,352.4,,12.83189452964
nc73504545,NC,MMLB,,HHZ,1,103.0,,303.3,,19.32567824308
nc73505050,NC,MMX1,,HN3,1,138.0,,302.0,,2.159405474572
nc73505050,NC,MCB,,HHZ,-1,104.0,,41.6,,5.589768960182
nc73505050,NC,MCV,,EHZ,1,92.0,,100.9,,9.883005076208
nc73505050,NC,MLC,,EHZ,1,138.0,,74.3,,2.174972764296
nc73505050,NC,MCO,,EHZ,1,98.0,,78.6,,6.84960747856
nc73505050,NC,MMP,,EHZ,1,96.0,,272.3,,7.928198266580001
nc73505050,NC,MDPB,,HHZ,1,89.0,,282.9,,12.70958011038
nc73505050,NC,MDC,2.0,EHZ,-1,87.0,,321.7,,14.58877436992
nc73505170,NC,MDR,2.0,EHZ,-1,172.0,,326.9,,1.188673765354
nc73505170,NC,MCV,,EHZ,1,153.0,,180.7,,4.326594594006
nc73505170,NC,MCB,,HHZ,-1,143.0,,285.9,,6.269169961708
nc73505170,NC,MLC,,EHZ,-1,137.0,,256.2,,7.888168093004
nc73505170,NC,MMP,,EHZ,1,113.0,,263.1,,17.80230774866
nc73505190,NC,MCV,,EHZ,1,150.0,,16.5,,4.36440086905
nc73505190,NC,MCO,,EHZ,1,134.0,,346.8,,7.602397131642
nc73505190,CI,MLAC,,HHZ,1,130.0,,4.1,,8.665420629938
nc73505190,NC,MLC,,EHZ,1,128.0,,316.3,,9.198044328352
nc73505190,NC,MDR,2.0,EHZ,1,127.0,,3.9,,9.526069361822
nc73505190,NC,MMX1,,HN3,1,115.0,,305.1,,12.5650267058
nc73505190,NC,MCS,,EHZ,1,115.0,,334.2,,12.65398264708
nc73505190,NC,MMP,,EHZ,1,110.0,,291.4,,17.57991789546
nc73505190,NC,MDPB,,HHZ,1,103.0,,293.2,,22.67264553374
nc73505195,NC,MCO,,EHZ,1,165.0,,295.9,,1.825820694772
nc73505195,CI,MLAC,,HHZ,-1,163.0,,19.7,,2.1649652209020003
nc73505195,NC,MCV,,EHZ,-1,158.0,,151.0,,2.76875367234
nc73505195,NC,MDR,2.0,EHZ,1,157.0,,14.4,,2.994479373338
nc73505195,NC,MCB,,HHZ,1,139.0,,308.1,,5.877763820076
nc73505195,NC,MLC,,EHZ,1,136.0,,270.3,,6.264722164644001
nc73505195,NC,MCS,,EHZ,1,132.0,,311.5,,7.227670229
nc73505195,NP,1576,10.0,HNZ,1,123.0,,120.2,,9.349269428528
nc73505195,NC,MDH,,HNZ,1,123.0,,323.1,,9.447120963936
nc73505195,NC,MMX1,,EP1,-1,120.0,,273.3,,10.208806211146
nc73505195,NC,MEM,,EHZ,1,120.0,,305.7,,10.353359615726
nc73505195,NC,MMLB,,HHZ,1,111.0,,293.9,,12.99868691954
nc73505195,NC,MLI,,HHZ,1,108.0,,280.3,,15.567289724000002
nc73505195,NC,MQ1P,,EHZ,1,108.0,,270.4,,15.622887187300002
nc73505195,NC,MDY,,HHZ,1,108.0,,289.2,,15.678484650599998
nc73505195,NC,MLM,,EHZ,-1,108.0,,325.1,,15.75632109922
nc73505195,NC,MMP,,EHZ,1,107.0,,269.2,,16.27893725424
nc73505195,NC,MCY,,EHZ,1,107.0,,282.1,,16.679238989999998
nc73505195,NC,MBS1,,EP1,1,105.0,,332.0,,18.76970361008
nc73505195,NC,MINS,,HHZ,1,104.0,,283.8,,19.6815020082
nc73505195,NC,MDC,2.0,EHZ,1,102.0,,302.1,,20.53770294302
nc73505195,NC,MDPB,,HHZ,1,102.0,,276.3,,20.87128772282
nc73505195,NC,MTU,2.0,EHZ,-1,92.0,,139.1,,37.98418692656
nc73505195,NC,MMT,,EHZ,1,92.0,,228.5,,39.55203539162
nc73505195,NC,MFB,,EHZ,1,91.0,,118.9,,41.94272631352
nc73505195,NP,1587,10.0,HNZ,1,90.0,,93.2,,53.74050802578
nc73505195,NP,2021,10.0,HNZ,-1,89.0,,48.5,,61.4907944098
nc73505195,BK,OVRO,0.0,HHZ,1,88.0,,130.4,,65.26030242154
nc73505195,NN,LHV,,HHZ,1,87.0,,22.6,,77.0024866705
nc73505195,NC,MMI,,EHZ,1,87.0,,255.2,,82.3398431473
nc73505195,BK,TOLH,0.0,HHZ,1,87.0,,215.8,,90.60162619368
nc73505195,NN,SJC,,EHZ,1,86.0,,327.7,,97.15100737042
nc73505195,BK,HELL,0.0,HHZ,-1,86.0,,188.7,,104.62330643794
nc73505195,NC,MPR,,EHZ,1,86.0,,282.1,,105.34607346084
nc73505195,NC,MHD,,EHZ,1,86.0,,239.7,,108.07034916254
nc73505195,GS,MCA04,0.0,HHZ,1,85.0,,62.3,,112.5292657192
nc73505195,BK,BUCR,0.0,HHZ,1,85.0,,273.8,,115.4203338108
nc73505195,BK,LEGD,0.0,HHZ,1,84.0,,249.4,,123.64875837920002
nc73505195,NC,MGS,1.0,EHZ,-1,84.0,,229.0,,126.9846061772
nc73505195,BK,WINE,0.0,HHZ,-1,83.0,,222.3,,140.88397200219998
nc73505195,BK,LIND,0.0,HHZ,-1,83.0,,187.7,,140.99516692880002
nc73505195,BK,CMB,0.0,HHZ,-1,83.0,,289.6,,143.6638451672
nc73505195,BK,MERC,0.0,HHZ,1,83.0,,260.6,,144.9981842864
nc73505195,CI,CWC,,HHZ,1,83.0,,152.3,,146.777303112
nc73505195,LB,TPH,1.0,HHZ,1,83.0,,69.6,,151.781074809
nc73505195,CI,POR,,HHZ,-1,82.0,,184.9,,168.01553409259998
nc73505195,BK,WELL,0.0,HHZ,-1,81.0,,299.7,,188.8089853668
nc73505195,NC,HLB,1.0,EHZ,1,80.0,,250.1,,197.370994715
nc73505195,NC,BMS,,EHZ,-1,79.0,,239.2,,202.5971562652
nc73505195,NC,HSL,2.0,EHZ,1,60.0,,252.3,,209.3800467878
nc73505195,CI,WNM,,EHZ,-1,53.0,,156.7,,213.494259072
nc73505195,NC,CDG,1.0,EHZ,1,50.0,,264.1,,217.1636916498
nc73505195,CI,ISA,,HHZ,1,49.0,,171.2,,218.8316155488
nc73505195,CI,SRT,,HHZ,-1,49.0,,155.1,,234.3989052728
nc73505195,NC,HGS,3.0,EHZ,-1,49.0,,256.8,,237.8459479974
nc73505195,NC,HCA,,EHZ,-1,49.0,,255.2,,242.960914621
nc73505195,CI,WOR,,HHZ,1,49.0,,165.7,,219.3875901818
nc73505195,NC,MRC,,EHZ,1,95.0,,76.8,,30.55636582968
nc73505260,NC,MCO,,EHZ,-1,170.0,,321.3,,1.471108878918
nc73505260,CI,MLAC,,HHZ,1,162.0,,31.2,,2.79655240399
nc73505260,NC,MCV,,EHZ,1,162.0,,135.2,,2.923314620314
nc73505260,NC,MDR,2.0,EHZ,1,158.0,,24.2,,3.567133245328
nc73505260,NC,MLC,,EHZ,-1,147.0,,274.0,,5.557522431468
nc73505260,NC,MCS,,EHZ,1,141.0,,317.6,,6.958578506628
nc73505260,NC,MLH,,EHZ,1,135.0,,23.0,,8.435247131876
nc73505365,NC,MCV,,EHZ,-1,115.0,,8.6,,13.19883778742
nc73505365,NC,MDR,2.0,EHZ,-1,110.0,,4.3,,18.41387984496
nc73505365,NC,MMX1,,HN3,1,109.0,,329.3,,18.69186716146
nc73505365,NC,MCB,,HHZ,-1,108.0,,348.2,,19.49247063298
nc73505365,NC,MQ1P,,EHZ,-1,105.0,,316.2,,21.6274132237
nc73505365,NC,MMP,,EHZ,-1,105.0,,314.4,,21.8498030769
nc73505365,NC,MEM,,EHZ,-1,103.0,,340.2,,22.8505574163
nc73505365,NC,MLH,,EHZ,-1,103.0,,8.0,,23.09518625482
nc73505365,NC,MLI,,HHZ,1,103.0,,321.3,,23.42877103462
nc73505365,NC,MDY,,HHZ,-1,102.0,,325.6,,25.00773899234
nc73505365,NC,MDPB,,HHZ,1,101.0,,311.6,,26.83133578858
nc73505365,NC,MINS,,HHZ,-1,100.0,,317.6,,27.33171295828
nc73505365,NC,MTU,2.0,EHZ,1,99.0,,117.4,,28.75500801876
nc73505365,NC,MMT,,EHZ,1,98.0,,249.8,,30.95666756544
nc73505365,NC,MDC,2.0,EHZ,-1,98.0,,327.6,,31.23465488194
nc73505365,NC,MBS1,,EP1,1,97.0,,345.7,,33.05825167818
nc73505365,NC,MFB,,EHZ,1,95.0,,97.2,,37.70619961006
nc73505365,NC,MRC,,EHZ,1,95.0,,53.5,,37.75067758070001
nc73505365,NC,MMI,,EHZ,1,88.0,,266.0,,79.18190723186
nc73505365,NC,MHD,,EHZ,-1,87.0,,247.1,,100.58693060236
nc73505365,NC,MPR,,EHZ,1,86.0,,290.2,,109.03774502396
nc73505365,NC,MCO,,EHZ,-1,112.0,,356.5,,16.2900567469
nc73505365,NC,MCS,,EHZ,-1,106.0,,346.7,,20.80457076686
nc73505365,NC,MLC,,EHZ,-1,112.0,,340.1,,16.490207614779997
nc73505365,NC,MMLB,,HHZ,1,103.0,,331.6,,23.58444393186
nc73505505,NC,MCV,,EHZ,1,143.0,,43.9,,5.664269561004
nc73505505,NC,MCO,,EHZ,-1,134.0,,7.4,,7.348872698994
nc73505505,NC,MLC,,EHZ,-1,134.0,,330.7,,7.488978306509999
nc73505505,CI,MLAC,,HHZ,1,127.0,,21.2,,9.155790256244
nc73505505,NC,MDR,2.0,EHZ,1,124.0,,19.5,,9.96862516969
nc73505505,NC,MCB,,HHZ,-1,123.0,,348.6,,10.31332944215
nc73505505,NC,MMX1,,EP1,1,123.0,,313.1,,10.390053941504
nc73505505,NP,1576,10.0,HNZ,1,122.0,,80.3,,10.832609749372
nc73505505,NC,MCS,,EHZ,-1,119.0,,346.0,,11.6198698297
nc73505505,NC,MEM,,EHZ,-1,113.0,,335.1,,13.81040988372
nc73505505,NC,MDH,,HNZ,-1,113.0,,347.6,,14.37750400938
nc73505505,NC,MDH1,1.0,DP1,1,113.0,,347.6,,14.37750400938
nc73505505,NC,MQ1P,,EHZ,-1,112.0,,297.0,,14.6221328479
nc73505505,NC,MLH,,EHZ,1,112.0,,20.4,,14.83340320844
nc73505505,NC,MMLB,,HHZ,-1,112.0,,321.7,,14.977956613019998
nc73505505,NC,MMP,,EHZ,-1,112.0,,294.7,,15.05579306164
nc73505505,NC,MLI,,HHZ,-1,111.0,,306.2,,15.74520160656
nc73505505,NC,MDY,,HHZ,-1,110.0,,313.7,,16.86827036522
nc73505505,NC,MCY,,EHZ,-1,110.0,,306.1,,16.9572263065
nc73505505,NC,MINS,,HHZ,-1,106.0,,304.2,,19.94836983204
nc73505505,NC,MDPB,,HHZ,-1,106.0,,295.9,,20.17075968524
nc73505505,NC,MLM,,EHZ,-1,105.0,,341.7,,20.43762750908
nc73505505,NC,MDC,2.0,EHZ,-1,102.0,,319.6,,22.83943792364
nc73505505,NC,MBS1,,EP1,1,101.0,,344.9,,23.88467023368
nc73505505,NC,MMT,,EHZ,1,96.0,,234.0,,33.4696729066
nc73505505,NC,MRC,,EHZ,1,95.0,,67.4,,35.026401879
nc73505505,NC,MTU,2.0,EHZ,-1,95.0,,129.0,,35.32662818082
nc73505505,NC,MFB,,EHZ,1,93.0,,109.2,,41.67585848968
nc73505505,NC,MMI,,EHZ,1,88.0,,259.3,,78.38130376034
nc73505505,CI,TIN,,HHZ,-1,88.0,,134.1,,79.52661150432
nc73505505,BK,TOLH,0.0,HHZ,1,88.0,,217.0,,83.84097465640001
nc73505505,NN,LHV,,HHZ,1,88.0,,22.5,,83.99664755364
nc73505505,WR,FRI,,EHZ,1,87.0,,230.0,,96.739586142
nc73505505,BK,HELL,0.0,HHZ,-1,87.0,,187.8,,97.81817693002
nc73505505,NN,SJC,,EHZ,-1,86.0,,330.9,,101.39865356654
nc73505505,NC,MHD,,EHZ,1,86.0,,242.1,,102.65515623712
nc73505505,NC,MPR,,EHZ,1,86.0,,285.9,,104.40091658474
nc73505505,BK,BUCR,0.0,HHZ,1,86.0,,277.2,,113.418825132
nc73505505,NN,WAK,,HHZ,-1,85.0,,335.1,,116.6434780034
nc73505505,GS,MCA04,0.0,HHZ,1,85.0,,60.0,,117.866622196
nc73505505,BK,LEGD,0.0,HHZ,1,85.0,,251.9,,119.0897663886
nc73505505,BK,KARE,0.0,HHZ,-1,85.0,,207.9,,119.9793258014
nc73505505,BK,LIND,0.0,HHZ,-1,84.0,,187.0,,134.2122764062
nc73505505,CI,CWC,,HHZ,-1,83.0,,150.1,,142.329506048
nc73505505,BK,CMB,0.0,HHZ,1,83.0,,292.4,,143.5526502406
nc73505505,NC,HLB,1.0,EHZ,-1,81.0,,251.6,,192.8120027244
nc73505630,NC,MCB,,HHZ,-1,136.0,,293.6,,3.544894260008
nc73505630,NC,MDH,,HNZ,-1,113.0,,321.2,,6.859615021954
nc73505630,NC,MDH1,1.0,DP1,1,113.0,,321.2,,6.859615021954
nc73505630,NC,MMX1,,HN3,1,105.0,,259.6,,8.954527439098001
nc73505630,NP,1576,10.0,HNZ,-1,97.0,,126.1,,11.70882577098
nc73505630,NC,MQ1P,,EHZ,-1,92.0,,261.6,,14.3997429947
nc73505630,NC,MCY,,EHZ,-1,93.0,,274.9,,14.977956613019998
nc73505630,NC,MBS1,,EP1,1,93.0,,332.7,,16.1788618203
nc73505630,NC,MRC,,EHZ,-1,77.0,,81.3,,31.49040321312
nc73505630,BK,OVRO,0.0,HHZ,1,73.0,,131.0,,67.75106877738
nc73505630,NN,LHV,,HHZ,1,73.0,,24.2,,75.53471363938
nc73505630,NC,MMI,,EHZ,1,73.0,,253.4,,81.60595663174
nc73505630,NN,SJC,,EHZ,1,72.0,,327.7,,94.54904608798
nc73505630,NC,MPR,,EHZ,-1,72.0,,281.1,,103.55583514258
nc73505630,BK,HELL,0.0,HHZ,1,72.0,,187.8,,106.60257613142
nc73505630,NN,WAK,,HHZ,-1,72.0,,332.6,,109.3602103111
nc73505630,BK,BUCR,0.0,HHZ,-1,72.0,,272.7,,113.8636048384
nc73505630,BK,LEGD,0.0,HHZ,1,72.0,,248.2,,123.20397867280002
nc73505630,NC,MGS,1.0,EHZ,-1,72.0,,227.8,,127.318190957
nc73505630,BK,WINE,0.0,HHZ,-1,72.0,,221.3,,141.5511415618
nc73505630,BK,WELL,0.0,HHZ,-1,71.0,,299.4,,186.5850868348
nc73505630,BK,TOLH,0.0,HHZ,1,72.0,,214.3,,91.60238053308
nc73505630,CI,MLAC,,HHZ,-1,151.0,,94.4,,2.120487250262
nc73505630,NC,MCD,,EHZ,-1,73.0,,104.1,,37.95082844858
nc73505630,NC,MCO,,EHZ,-1,160.0,,190.5,,1.431078705342
nc73505630,NC,MCS,,EHZ,-1,126.0,,302.7,,4.790277437928
nc73505630,NC,MCV,,EHZ,-1,121.0,,149.5,,5.367379106982
nc73505630,NC,MDC,2.0,EHZ,-1,85.0,,298.5,,18.2359679624
nc73505630,NC,MDPB,,HHZ,1,85.0,,270.3,,19.37015621372
nc73505630,NC,MDR,2.0,EHZ,1,150.0,,71.8,,2.241689720256
nc73505630,NC,MDY,,HHZ,-1,92.0,,282.4,,13.74369292776
nc73505630,NC,MEM,,EHZ,-1,108.0,,298.6,,8.008258613732
nc73505630,NC,MHD,,EHZ,1,72.0,,238.3,,108.01475169924
nc73505630,NC,MINS,,HHZ,-1,85.0,,278.0,,17.9023831826
nc73505630,NC,MLC,,EHZ,1,121.0,,245.9,,5.341804273864
nc73505630,NC,MLH,,EHZ,1,115.0,,37.2,,6.548269227474
nc73505630,NC,MLM,,EHZ,-1,92.0,,324.5,,13.16547930944
nc73505630,NC,MMLB,,HHZ,-1,99.0,,286.3,,10.94158077744
nc73505630,NC,MMP,,EHZ,1,93.0,,260.7,,15.08915153962
nc73505630,NC,MMT,,EHZ,1,73.0,,224.9,,40.05241256132
nc73505630,NC,MTU,2.0,EHZ,-1,73.0,,139.7,,40.552789731020006
nc73505715,NP,1576,10.0,HNZ,-1,97.0,,32.0,,15.86751602582
nc73505715,NC,MMX1,,HN3,-1,85.0,,332.3,,21.16039453198
nc73505715,NC,MEM,,EHZ,-1,83.0,,341.6,,25.4636381914
nc73505715,NC,MDH,,HNZ,-1,83.0,,348.3,,26.21976369228
nc73505715,NC,MDH1,1.0,DP1,1,83.0,,348.3,,26.21976369228
nc73505715,NC,MCY,,EHZ,1,82.0,,323.6,,26.86469426656
nc73505715,NC,MTU,2.0,EHZ,1,82.0,,112.8,,27.3539519436
nc73505715,NC,MDPB,,HHZ,-1,81.0,,315.1,,28.87732243802
nc73505715,NC,MDC,2.0,EHZ,-1,79.0,,329.6,,33.66982377448
nc73505715,NC,MBS1,,EP1,1,78.0,,346.3,,35.71581042392
nc73505715,NC,MRC,,EHZ,1,78.0,,50.1,,39.16285314852
nc73505715,BK,TOLH,0.0,HHZ,-1,78.0,,223.6,,76.43539254484
nc73505715,BK,HELL,0.0,HHZ,-1,77.0,,190.3,,86.68756477736
nc73505715,NC,MHD,,EHZ,1,77.0,,248.6,,99.86416357946
nc73505715,BK,BUCR,0.0,HHZ,-1,77.0,,282.7,,117.6442323428
nc73505715,BK,LIND,0.0,HHZ,-1,77.0,,188.7,,122.9815888196
nc73505715,CI,CWC,,HHZ,-1,77.0,,148.4,,131.210013388
nc73505715,CI,SPG2,,HHZ,-1,77.0,,177.0,,138.66007347020002
nc73505715,CI,MLAC,,HHZ,-1,95.0,,3.0,,20.19299867056
nc73505715,NC,MCB,,HHZ,-1,86.0,,348.9,,22.16114887138
nc73505715,NC,MCD,,EHZ,1,78.0,,72.7,,37.4726902642
nc73505715,NC,MCO,,EHZ,-1,95.0,,356.1,,18.96985447796
nc73505715,NC,MCS,,EHZ,-1,85.0,,347.5,,23.4621295126
nc73505715,NC,MCV,,EHZ,-1,97.0,,6.1,,15.80079906986
nc73505715,NC,MDR,2.0,EHZ,-1,85.0,,2.9,,21.06031909804
nc73505715,NC,MDY,,HHZ,-1,82.0,,328.2,,27.4095494069
nc73505715,NC,MFB,,EHZ,1,78.0,,93.2,,37.17246396238
nc73505715,NC,MINS,,HHZ,-1,81.0,,320.7,,29.54449199762
nc73505715,NC,MLC,,EHZ,-1,95.0,,342.0,,19.103288389880003
nc73505715,NC,MLH,,EHZ,-1,83.0,,6.5,,25.70826702992
nc73505715,NC,MMI,,EHZ,1,78.0,,267.9,,79.3375801291
nc73505715,NC,MMLB,,HHZ,-1,83.0,,333.8,,26.08632978036
nc73505715,NC,MMP,,EHZ,-1,85.0,,318.4,,23.973626174960003
nc73505715,NC,MMT,,EHZ,1,80.0,,254.7,,30.43405141042
nc73505715,NC,MPR,,EHZ,1,77.0,,291.4,,110.2497697239
nc73505825,NC,MMX1,,HN3,-1,144.0,,254.4,,4.774710148204
nc73505825,NC,MDH,,HNZ,1,139.0,,359.0,,5.672053205866
nc73505825,NC,MDR,2.0,EHZ,1,135.0,,80.7,,6.42150701115
nc73505825,NC,MCV,,EHZ,1,126.0,,121.8,,8.15614786611
nc73505825,NC,MQ1P,,EHZ,-1,119.0,,260.0,,10.187679175092
nc73505825,NC,MINS,,HHZ,1,109.0,,281.7,,13.81040988372
nc73505825,NC,MDC,2.0,EHZ,1,108.0,,307.4,,14.866761686420002
nc73505825,NC,MBS1,,EP1,1,108.0,,347.6,,15.04467356898
nc73505825,NC,MRC,,EHZ,-1,92.0,,81.8,,35.704690931260004
nc73505825,NC,MMT,,EHZ,1,92.0,,220.6,,36.93895461652
nc73505825,NC,MFB,,EHZ,1,90.0,,117.6,,47.7582209747
nc73505825,NC,MMI,,EHZ,1,87.0,,252.8,,77.48062485488
nc73505825,BK,TOLH,0.0,HHZ,1,87.0,,212.2,,89.0115387433
nc73505825,NC,MHD,,EHZ,1,86.0,,237.2,,104.27860216548
nc73505825,CI,MLAC,,HHZ,1,135.0,,88.4,,6.324767425008
nc73505825,NC,MCB,,HHZ,1,163.0,,28.6,,1.99038918614
nc73505825,NC,MCO,,EHZ,1,148.0,,105.3,,4.090861349614
nc73505825,NC,MCS,,EHZ,-1,157.0,,3.3,,2.91330707692
nc73505825,NC,MEM,,EHZ,-1,142.0,,325.8,,5.023786783788
nc73505825,NC,MLC,,EHZ,-1,164.0,,200.0,,1.95703070816
nc73505825,NC,MLH,,EHZ,1,120.0,,55.8,,9.87966922841
nc73505825,NC,MMLB,,HHZ,-1,131.0,,298.3,,7.14983378038
nc73505825,NC,MMP,,EHZ,-1,117.0,,258.9,,10.892655009736
nc73505860,NC,MCV,,EHZ,-1,153.0,,263.5,,4.246534246854
nc73505860,CI,MLAC,,HHZ,-1,143.0,,309.6,,6.26027436758
nc73505860,NC,MDR,2.0,EHZ,-1,140.0,,315.3,,6.8295923917720005
nc73505860,NC,MCO,,EHZ,-1,136.0,,290.9,,7.710256210444
nc73505860,NC,MLH,,EHZ,1,128.0,,342.5,,9.808504475386
nc73505860,NC,MCB,,HHZ,1,123.0,,298.7,,11.608750337040002
nc73505860,NC,MLC,,EHZ,-1,121.0,,279.6,,11.99793258014
nc73505860,NC,MCS,,EHZ,1,118.0,,301.6,,12.87637250028
nc73506140,NC,MMX1,,EP1,1,145.0,,308.7,,2.00706842513
nc73506140,NC,MLC,,EHZ,1,138.0,,73.5,,2.459631776392
nc73506140,NC,MCO,,EHZ,1,101.0,,78.1,,7.130930642858001
nc73506140,NC,MDR,2.0,EHZ,1,94.0,,69.1,,10.025334582256
nc73506140,NC,MCV,,EHZ,-1,94.0,,100.0,,10.12429806693
nc73506140,NC,MDPB,,HHZ,1,90.0,,283.7,,12.47607076452
nc73506140,NC,MMT,,EHZ,1,73.0,,219.4,,33.047132185520006
nc73506240,NC,MCO,,EHZ,1,160.0,,207.1,,1.248719025718
nc73506240,CI,MLAC,,HHZ,-1,151.0,,85.8,,1.810253405048
nc73506240,NC,MCB,,HHZ,1,126.0,,295.7,,3.949643792832001
nc73506240,NC,MCV,,EHZ,-1,118.0,,150.9,,4.955957878562
nc73506240,NC,MLC,,EHZ,1,114.0,,250.1,,5.518604207158
nc73506240,NC,MDH1,1.0,DP1,1,105.0,,320.8,,7.284379641566
nc73506240,NC,MMP,,EHZ,1,87.0,,262.0,,15.35601936346
nc73506240,NC,MBS1,,EP1,1,86.0,,332.2,,16.59028304872
nc73506240,NC,MDR,2.0,EHZ,1,147.0,,61.2,,2.074897330356
nc73506240,NC,MLH,,EHZ,1,108.0,,33.6,,6.609426437104
nc73506350,NP,1576,10.0,HNZ,-1,108.0,,33.2,,14.46645995066
nc73506350,NC,MLC,,EHZ,1,105.0,,339.2,,17.99133912388
nc73506350,NC,MMX1,,HN3,1,102.0,,329.3,,20.21523765588
nc73506350,NC,MLH,,EHZ,-1,98.0,,5.7,,24.30721095476
nc73506350,NC,MCY,,EHZ,1,97.0,,321.0,,26.09744927302
nc73506350,NC,MINS,,HHZ,1,95.0,,318.2,,28.83284446738
nc73506350,NC,MMT,,EHZ,1,94.0,,252.6,,31.27913285258
nc73506350,NC,MDC,2.0,EHZ,1,93.0,,327.7,,32.76914486902
nc73506350,NC,MRC,,EHZ,1,92.0,,51.2,,37.92858946326
nc73506350,BK,TOLH,0.0,HHZ,-1,87.0,,223.2,,77.74749267872001
nc73506350,NC,MMI,,EHZ,1,87.0,,267.0,,79.88243526944001
nc73506350,BK,HELL,0.0,HHZ,-1,87.0,,190.5,,88.09974034518
nc73506350,NC,MHD,,EHZ,-1,86.0,,248.0,,100.80932045556
nc73506350,CI,MLAC,,HHZ,-1,104.0,,1.8,,18.82530107338
nc73506350,NC,MCO,,EHZ,-1,105.0,,354.2,,17.66887383674
nc73506350,NC,MCV,,EHZ,-1,108.0,,4.7,,14.41086248736
nc73506350,NC,MDPB,,HHZ,1,95.0,,312.5,,28.28798932704
nc73506350,NC,MDR,2.0,EHZ,-1,103.0,,1.7,,19.69262150086
nc73506350,NC,MFB,,EHZ,1,92.0,,95.3,,36.78328171928
nc73506350,NC,MMP,,EHZ,1,98.0,,315.3,,23.32869560068
nc73506350,NC,MQ1P,,EHZ,1,98.0,,317.1,,23.11742524014
nc73506350,NC,MTU,2.0,EHZ,1,96.0,,115.8,,27.4651468702
nc73506520,CI,MLAC,,HNZ,1,119.0,,14.6,,7.652434848612001
nc73506520,NP,1576,10.0,HNZ,-1,113.0,,85.8,,9.321470696878
nc73506520,NC,MMX1,,HN3,-1,108.0,,303.7,,10.779236184604
nc73506520,NC,MCS,,EHZ,1,108.0,,337.5,,10.984946798814
nc73506520,NC,MEM,,EHZ,-1,100.0,,327.7,,13.47682510392
nc73506520,NC,MDH,,HNZ,-1,99.0,,340.9,,13.66585647914
nc73506520,NC,MCY,,EHZ,-1,97.0,,300.4,,17.502081446840002
nc73506520,NC,MDC,2.0,EHZ,-1,92.0,,315.2,,22.95063285024
nc73506520,NC,MBS1,,EP1,-1,92.0,,340.9,,23.217500674080004
nc73506520,NC,MTU,2.0,EHZ,-1,80.0,,131.9,,35.004162893680004
nc73506520,NC,MMT,,EHZ,1,80.0,,233.8,,35.248791732200004
nc73506520,NC,MMI,,EHZ,-1,79.0,,258.7,,79.96027171806
nc73506520,BK,TOLH,0.0,HHZ,1,79.0,,217.3,,85.57561551136
nc73506520,BK,HELL,0.0,HHZ,1,78.0,,188.5,,99.1302770639
nc73506520,NC,MHD,,EHZ,1,78.0,,241.9,,104.40091658474
nc73506520,NC,MPR,,EHZ,-1,78.0,,285.1,,105.43502940212
nc73506520,NC,MCB,,HHZ,1,111.0,,339.2,,9.611689455304
nc73506520,NC,MCO,,EHZ,1,127.0,,356.0,,6.175766223364
nc73506520,NC,MCV,,EHZ,1,142.0,,40.8,,3.896270228064001
nc73506520,NC,MDPB,,HHZ,-1,94.0,,291.5,,20.98248264942
nc73506520,NC,MDR,2.0,EHZ,1,115.0,,13.2,,8.493068493708
nc73506520,NC,MINS,,HHZ,-1,95.0,,299.4,,20.52658345036
nc73506520,NC,MLC,,EHZ,1,120.0,,317.0,,7.396686517431999
nc73506520,NC,MLH,,EHZ,1,100.0,,16.5,,13.32115220668
nc73506520,NC,MLM,,EHZ,-1,95.0,,336.9,,19.88165287608
nc73506520,NC,MMLB,,HHZ,-1,99.0,,314.9,,15.066912554300002
nc73506520,NC,MMP,,EHZ,-1,98.0,,288.9,,15.92311348912
nc73506520,NC,MQ1P,,EHZ,-1,98.0,,290.9,,15.422736319419998
nc73506695,NC,MCV,,EHZ,-1,75.0,,18.1,,9.192484582022
nc73506695,NC,MCO,,EHZ,-1,74.0,,359.4,,11.9534546095
nc73506695,NC,MLC,,EHZ,-1,75.0,,337.1,,12.15360547738
nc73506695,NC,MCS,,EHZ,1,73.0,,346.3,,16.4012516735
nc73506700,NC,MLC,,EHZ,-1,121.0,,319.1,,7.911519027590001
nc73506700,NC,MCB,,HHZ,-1,112.0,,339.6,,10.195462819954
nc73506700,NC,MMX1,,HN3,-1,109.0,,305.7,,11.21956809394
nc73506700,NC,MLH,,EHZ,1,101.0,,15.3,,13.8437683617
nc73506700,NC,MEM,,EHZ,-1,101.0,,328.5,,14.03279973692
nc73506700,NC,MQ1P,,EHZ,-1,100.0,,292.7,,15.767440591880002
nc73506700,NC,MMP,,EHZ,-1,100.0,,290.7,,16.24557877626
nc73506700,NC,MDY,,HHZ,1,98.0,,309.0,,17.64663485142
nc73506700,NC,MINS,,HHZ,-1,94.0,,300.6,,20.92688518612
nc73506700,NC,MDPB,,HHZ,-1,93.0,,292.8,,21.32718692188
nc73506700,NC,MDC,2.0,EHZ,-1,90.0,,315.9,,23.45101001994
nc73506700,CI,MLAC,,HHZ,1,119.0,,12.7,,8.17838685143
nc73506700,NC,MCO,,EHZ,1,126.0,,355.2,,6.757315689482
nc73506700,NC,MCV,,EHZ,1,141.0,,34.4,,4.269885181439999
nc73506700,NC,MDR,2.0,EHZ,1,116.0,,11.6,,9.024580242856
nc73506910,NC,MCO,,EHZ,-1,133.0,,335.1,,1.733528905694
nc73506910,NC,MCV,,EHZ,-1,113.0,,126.2,,2.7921046069260003
nc73506910,CI,MLAC,,HHZ,1,107.0,,30.2,,3.259123298646
nc73506910,NC,MLC,,EHZ,1,66.0,,278.6,,5.412969026888001
nc73506910,NC,MCB,,HHZ,1,62.0,,319.8,,5.757673299348
nc73506910,NC,MCS,,EHZ,1,51.0,,321.1,,7.155393526710001
nc73507115,CI,MLAC,,HHZ,1,166.0,,314.0,,1.659028304872
nc73507115,NC,MCO,,EHZ,-1,151.0,,268.5,,3.572692991658
nc73507115,NC,MCB,,HHZ,1,130.0,,292.7,,7.106467759006
nc73507115,NC,MLC,,EHZ,1,125.0,,264.0,,8.237320162527999
nc73507115,NC,MCS,,EHZ,-1,125.0,,298.0,,8.315156611148
nc73507115,NC,MMX1,,HN3,1,109.0,,268.6,,12.1202469994
nc73507115,NC,MQ1P,,EHZ,1,104.0,,267.5,,17.5687984028
nc73507115,NC,MDC,2.0,EHZ,1,99.0,,297.4,,21.77196662828
nc73507115,NC,MDPB,,HHZ,1,97.0,,273.6,,22.71712350438
nc73507115,NC,MRC,,EHZ,-1,94.0,,77.7,,28.47702070226
nc73507115,NC,MCV,,EHZ,-1,153.0,,190.0,,3.359198732586
nc73507115,NC,MDR,2.0,EHZ,-1,160.0,,329.7,,2.332869560068
nc73507115,NC,MLH,,EHZ,1,133.0,,5.8,,6.5516050752720005
nc73507115,NC,MMP,,EHZ,1,103.0,,266.5,,18.24708745506
nc73507190,NC,MCV,,EHZ,-1,103.0,,4.6,,14.53317690662
nc73507190,NC,MCO,,EHZ,-1,100.0,,354.2,,17.80230774866
nc73507190,NC,MLC,,EHZ,-1,99.0,,339.3,,18.1247730358
nc73507190,CI,MLAC,,HHZ,-1,99.0,,1.7,,18.9587349853
nc73507190,NC,MDR,2.0,EHZ,-1,97.0,,1.6,,19.81493592012
nc73507190,NC,MMX1,,HN3,-1,97.0,,329.5,,20.33755207514
nc73507190,NC,MCB,,HHZ,-1,95.0,,346.9,,21.08255808336
nc73507190,NC,MCS,,EHZ,-1,91.0,,345.6,,22.39465821724
nc73507190,NC,MMP,,EHZ,-1,90.0,,315.5,,23.43989052728
nc73507190,NC,MLH,,EHZ,-1,90.0,,5.6,,24.42952537402
nc73507190,NC,MEM,,EHZ,-1,90.0,,339.5,,24.48512283732
nc73507190,NC,MDH,,HNZ,-1,90.0,,346.6,,25.14117290426
nc73507190,NC,MCY,,EHZ,1,90.0,,321.1,,26.20864419962
nc73507190,NC,MDY,,HHZ,-1,90.0,,325.9,,26.664543398680003
nc73507190,NC,MTU,2.0,EHZ,1,90.0,,115.5,,27.38731042158
nc73507190,NC,MDPB,,HHZ,-1,90.0,,312.7,,28.39918425364
nc73507190,NC,MINS,,HHZ,-1,90.0,,318.3,,28.955158886640003
nc73507190,NC,MMT,,EHZ,1,90.0,,252.8,,31.26801335992
nc73507190,NC,MDC,2.0,EHZ,-1,90.0,,327.8,,32.891459288280004
nc73507190,NC,MFB,,EHZ,1,91.0,,95.1,,36.73880374864
nc73507190,NC,MRC,,EHZ,1,91.0,,51.0,,37.98418692656
nc73507190,BK,TOLH,0.0,HHZ,-1,86.0,,223.3,,77.6696562301
nc73507190,NC,MMI,,EHZ,1,86.0,,267.1,,79.90467425476001
nc73507190,BK,HELL,0.0,HHZ,-1,86.0,,190.5,,87.97742592592
nc73507190,WR,FRI,,EHZ,-1,85.0,,236.1,,92.71432979908
nc73507190,NC,MPR,,EHZ,1,84.0,,290.7,,110.29424769454
nc73507190,BK,BUCR,0.0,HHZ,-1,84.0,,282.1,,117.866622196
nc73507190,BK,LEGD,0.0,HHZ,1,84.0,,257.1,,118.978571462
nc73507190,BK,LIND,0.0,HHZ,-1,84.0,,188.9,,124.31592793880002
nc73507190,CI,CWC,,HHZ,1,84.0,,148.9,,131.9883778742
nc73507200,NC,MCV,,EHZ,-1,94.0,,4.6,,14.41086248736
nc73507200,NC,MLC,,EHZ,1,94.0,,339.1,,18.0135781092
nc73507200,NC,MMP,,EHZ,1,84.0,,315.3,,23.36205407866
nc73507200,NC,MTU,2.0,EHZ,-1,80.0,,115.8,,27.43178839222
nc73507200,NC,MMT,,EHZ,1,78.0,,252.6,,31.312491330560004
nc73507470,CI,MLAC,,HHZ,1,164.0,,99.4,,2.4863185587760004
nc73507470,NC,MDR,2.0,EHZ,1,163.0,,79.4,,2.509669493362
nc73507470,NC,MLC,,EHZ,1,148.0,,242.0,,5.14276535525
nc73507470,NC,MCV,,EHZ,-1,146.0,,147.9,,5.74877770522
nc73507470,NC,MLH,,EHZ,1,142.0,,40.9,,6.576067959124
nc73507550,NC,MCV,,EHZ,-1,140.0,,315.0,,5.410745128356
nc73507550,NC,MLC,,EHZ,-1,110.0,,298.8,,13.05428438284
nc73507550,NC,MCB,,HHZ,-1,109.0,,315.2,,13.91048531766
nc73507550,NC,MMX1,,HN3,-1,106.0,,294.1,,16.82379239458
nc73507550,NC,MEM,,EHZ,1,104.0,,312.2,,18.31380441102
nc73507550,NC,MQ1P,,EHZ,1,100.0,,287.1,,21.76084713562
nc73507550,NC,MBS1,,EP1,1,96.0,,328.6,,26.76461883262
nc73507550,NC,MDPB,,HHZ,1,96.0,,288.3,,27.2983544803
nc73507550,NC,MMT,,EHZ,-1,91.0,,240.2,,40.15248799526
nc73507550,NC,MCO,,EHZ,-1,120.0,,316.0,,9.798496931992
nc73507550,NC,MDR,2.0,EHZ,-1,119.0,,334.2,,10.154320697112
nc73507550,NC,MLH,,EHZ,-1,109.0,,349.3,,13.88824633234
nc73507555,NC,MDR,2.0,EHZ,1,161.0,,65.4,,2.082680975218
nc73507555,NC,MCV,,EHZ,-1,139.0,,150.9,,5.104959080206
nc73507555,NC,MLC,,EHZ,1,137.0,,248.5,,5.495253272572
nc73507555,NC,MLH,,EHZ,1,132.0,,34.7,,6.54382143041
nc73507655,NC,MMX1,,HN3,-1,100.0,,327.2,,12.8430140223
nc73507655,NC,MDR,2.0,EHZ,1,100.0,,16.8,,13.68809546446
nc73507655,NC,MCS,,EHZ,1,99.0,,351.7,,15.13362951026
nc73507655,NC,MMP,,EHZ,-1,98.0,,307.5,,16.42349065882
nc73507655,NC,MEM,,EHZ,-1,98.0,,342.3,,17.02394326246
nc73507655,NC,MLH,,EHZ,1,96.0,,18.2,,18.53619426422
nc73507655,NC,MINS,,HHZ,1,93.0,,313.2,,21.76084713562
nc73507655,NC,MDC,2.0,EHZ,-1,85.0,,326.1,,25.4080407281
nc73507655,NC,MBS1,,EP1,-1,84.0,,348.2,,27.34283245094
nc73507655,NC,MMT,,EHZ,1,82.0,,238.8,,30.88995060948
nc73507655,NC,MCO,,EHZ,-1,107.0,,8.1,,11.101701471744
nc73507655,NC,MCV,,EHZ,1,114.0,,30.3,,9.01790854726
nc73507655,NC,MDPB,,HHZ,-1,93.0,,305.6,,21.5162182971
nc73507655,NC,MLC,,EHZ,-1,109.0,,343.5,,10.668041258004
nc73507665,NC,MTU,2.0,EHZ,1,93.0,,100.7,,21.54957677508
nc73507665,NC,MCV,,EHZ,-1,90.0,,354.0,,22.41689720256
nc73507665,NC,MCO,,EHZ,-1,93.0,,348.2,,26.06409079504
nc73507665,NC,MLC,,EHZ,-1,93.0,,338.1,,26.686782384
nc73507665,NC,MDR,2.0,EHZ,-1,94.0,,353.9,,27.77649266468
nc73507665,NC,MMT,,EHZ,1,83.0,,267.6,,33.44743392128
nc73507710,NC,MTU,2.0,EHZ,1,95.0,,96.5,,20.19299867056
nc73507710,NC,MCV,,EHZ,-1,91.0,,351.8,,24.22937450614
nc73507710,NC,MCO,,EHZ,-1,93.0,,346.7,,27.954404547240003
nc73507710,NC,MLC,,EHZ,-1,93.0,,337.3,,28.66605207748
nc73507710,NC,MMT,,EHZ,1,83.0,,270.5,,34.54826369462
nc73507710,NC,MDPB,,HHZ,-1,82.0,,318.4,,38.45120561828
nc73507710,NC,MBS1,,EP1,1,82.0,,342.4,,45.0895427363
nc73507795,NC,MCV,,EHZ,-1,87.0,,6.3,,14.96683712036
nc73507795,NC,MCO,,EHZ,-1,84.0,,355.8,,18.14701202112
nc73507795,NC,MLC,,EHZ,-1,83.0,,341.1,,18.32492390368
nc73507795,CI,MLAC,,HHZ,-1,83.0,,3.0,,19.35903672106
nc73507795,NC,MDR,2.0,EHZ,-1,82.0,,2.9,,20.22635714854
nc73507795,NC,MMX1,,HN3,-1,82.0,,331.1,,20.448747001740003
nc73507795,NC,MCS,,EHZ,1,81.0,,347.0,,22.66152604108
nc73507795,NC,MQ1P,,EHZ,-1,80.0,,318.8,,23.20638118142
nc73507795,NC,MMP,,EHZ,-1,80.0,,317.0,,23.39541255664
nc73507795,NC,MLH,,EHZ,-1,79.0,,6.6,,24.87430508042
nc73507795,NC,MDPB,,HHZ,-1,77.0,,313.9,,28.32134780502
nc73507795,NC,MINS,,HHZ,-1,76.0,,319.5,,28.93291990132
nc73507795,NC,MMT,,EHZ,1,75.0,,253.2,,30.70091923426
nc73507795,NC,MBS1,,EP1,-1,72.0,,345.9,,34.92632644506
nc73507800,NP,1576,10.0,HNZ,1,97.0,,17.7,,10.656921765344
nc73507800,NC,MMX1,,HN3,-1,83.0,,315.9,,21.53845728242
nc73507800,NC,MDH,,HNZ,1,80.0,,334.9,,24.72975167584
nc73507800,NC,MDH1,1.0,DP1,-1,80.0,,334.9,,24.72975167584
nc73507800,NC,MMP,,EHZ,1,80.0,,304.8,,25.6860280446
nc73507800,NC,MINS,,HHZ,-1,76.0,,309.3,,30.88995060948
nc73507800,NC,MRC,,EHZ,-1,74.0,,48.8,,33.0804906635
nc73507800,NC,MDC,2.0,EHZ,-1,74.0,,319.3,,34.01452804694
nc73507800,NC,MBS1,,EP1,1,74.0,,336.6,,34.2480373928
nc73507800,NC,MMT,,EHZ,1,73.0,,251.9,,36.32738252022
nc73507800,CI,CWC,,HHZ,-1,70.0,,151.1,,131.4324032412
nc73507800,CI,MLAC,,HHZ,-1,85.0,,346.4,,17.36864753492
nc73507800,NC,MCO,,EHZ,-1,85.0,,337.6,,16.92386782852
nc73507800,NC,MCS,,EHZ,-1,82.0,,332.5,,22.13890988606
nc73507800,NC,MCV,,EHZ,-1,90.0,,344.4,,12.8986114856
nc73507800,NC,MDPB,,HHZ,-1,76.0,,304.0,,30.78987517554
nc73507800,NC,MDR,2.0,EHZ,-1,85.0,,347.1,,18.20260948442
nc73507800,NC,MDY,,HHZ,-1,78.0,,315.6,,28.0211215032
nc73507800,NC,MEM,,EHZ,-1,80.0,,327.7,,24.71863218318
nc73507800,NC,MLC,,EHZ,-1,84.0,,323.4,,18.55843324954
nc73507800,NC,MLH,,EHZ,-1,82.0,,354.3,,22.3501802466
nc73507800,NC,MLM,,EHZ,-1,76.0,,333.5,,31.023384521400004
nc73507800,NC,MMLB,,HHZ,-1,79.0,,320.4,,26.14192724366
nc73507800,NC,MQ1P,,EHZ,-1,80.0,,306.3,,25.34132377214
nc73508105,NC,MCV,,EHZ,1,96.0,,12.6,,12.309278374620002
nc73508105,NC,MDR,2.0,EHZ,1,95.0,,6.9,,17.4576034762
nc73508105,NC,MMP,,EHZ,-1,85.0,,313.7,,20.60441989898
nc73508105,NC,MMT,,EHZ,-1,79.0,,247.5,,30.65644126362
nc73508130,NC,MCV,,EHZ,-1,94.0,,358.2,,21.32718692188
nc73508130,NC,MCO,,EHZ,-1,85.0,,351.6,,24.7964686318
nc73508130,NC,MLC,,EHZ,-1,84.0,,340.9,,25.16341188958
nc73508130,NC,MDR,2.0,EHZ,-1,83.0,,357.3,,26.664543398680003
nc73508130,NC,MMX1,,HN3,-1,83.0,,333.5,,27.20939853902
nc73508130,NC,MMT,,EHZ,1,81.0,,265.7,,31.8017490076
nc73508130,NC,MDPB,,HHZ,1,80.0,,319.0,,34.57050267994
nc73508130,NC,MINS,,HHZ,-1,79.0,,323.5,,35.40446462944
nc73508185,NC,MCV,,EHZ,1,105.0,,308.9,,30.12270561594
nc73508185,NC,MDR,2.0,EHZ,-1,103.0,,315.3,,34.11460348088
nc73508185,NC,MCO,,EHZ,-1,103.0,,310.0,,34.470427246
nc73508185,NC,MLH,,EHZ,-1,102.0,,322.4,,36.28290454958
nc73508185,NC,MLC,,EHZ,-1,101.0,,304.6,,37.70619961006
nc73508185,NP,1679,10.0,HNZ,1,115.0,,55.2,,21.04919960538
nc73508185,NP,1589,10.0,HNZ,1,113.0,,107.7,,21.82756409158
nc73508185,NC,MRC,,EHZ,-1,107.0,,10.0,,28.56597664354
nc73508185,NC,MMLB,,HHZ,1,98.0,,306.0,,45.30081309684
nc73508185,NC,MDPB,,HHZ,1,96.0,,297.5,,51.327578118560005
nc73508185,NC,MMT,,EHZ,1,95.0,,265.0,,54.79685982848
nc73508185,BK,HELL,0.0,HHZ,1,90.0,,206.5,,91.75805343032
nc73508185,BK,TOLH,0.0,HHZ,1,89.0,,236.3,,93.87075703572
nc73508200,NC,MCY,,EHZ,-1,160.0,,47.2,,1.244271228654
nc73508200,NC,MQ1P,,EHZ,-1,138.0,,147.4,,2.97446428655
nc73508200,NC,MMP,,EHZ,-1,137.0,,161.5,,3.000039119668
nc73508200,NC,MDPB,,HHZ,1,131.0,,264.5,,3.534886716614
nc73508200,NC,MMX1,,HN3,1,106.0,,106.1,,7.325521764407999
nc73508200,NC,MDC,2.0,EHZ,1,102.0,,358.6,,8.25622330005
nc73508200,NC,MLC,,EHZ,1,95.0,,103.2,,11.26404606458
nc73508200,NC,MCV,,EHZ,1,84.0,,105.1,,19.24784179446
nc73508200,NC,MDY,,HHZ,-1,132.0,,43.6,,3.489296796708
nc73508200,NC,MINS,,HHZ,1,140.0,,317.4,,2.786544860596
nc73508210,NC,MCY,,EHZ,-1,164.0,,41.1,,0.8748816824888
nc73508210,NC,MQ1P,,EHZ,-1,135.0,,154.8,,2.972240388018
nc73508210,NC,MDY,,HHZ,-1,133.0,,41.5,,3.12457743746
nc73508210,NC,MDPB,,HHZ,1,123.0,,262.2,,3.891822431000001
nc73508210,NC,MMX1,,HN3,-1,104.0,,108.3,,7.056430042036
nc73508210,NC,MDC,2.0,EHZ,1,100.0,,356.1,,8.087207011618
nc73508210,NC,MLC,,EHZ,1,94.0,,104.6,,10.981610951016
nc73508210,NC,MINS,,HHZ,1,135.0,,310.0,,2.904411482792
nc73508210,NC,MMP,,EHZ,-1,133.0,,168.6,,3.09121895948
nc73508215,NC,MMX1,,HN3,1,106.0,,108.4,,7.061989788366
nc73508215,NC,MDC,2.0,EHZ,1,102.0,,356.1,,8.069415823362
nc73508215,NC,MCY,,EHZ,1,165.0,,41.9,,0.8609823166638
nc73508215,NC,MLI,,HHZ,-1,155.0,,91.6,,1.568960414326
nc73508215,NC,MINS,,HHZ,1,138.0,,309.7,,2.893291990132
nc73508215,NC,MQ1P,,EHZ,1,137.0,,155.0,,2.9889196270080003
nc73508215,NC,MDY,,HHZ,-1,135.0,,41.7,,3.110122097002
nc73508215,NC,MMP,,EHZ,-1,135.0,,168.6,,3.109010147736
nc73508215,NC,MDPB,,HHZ,-1,126.0,,262.0,,3.895158278798
nc73508215,NC,MLC,,EHZ,1,96.0,,104.7,,10.98605874808
nc73508220,NC,MCS,,EHZ,1,117.0,,260.1,,6.323655475742
nc73508220,NC,MCV,,EHZ,-1,108.0,,176.3,,8.302925169222
nc73508220,NC,MLC,,EHZ,1,106.0,,230.4,,9.16802169817
nc73508220,NC,MEM,,EHZ,1,105.0,,271.0,,9.231402806332
nc73508220,NC,MMX1,,HN3,1,93.0,,244.3,,12.19808344802
nc73508220,NC,MMLB,,HHZ,1,93.0,,267.2,,12.70958011038
nc73508220,NC,MMP,,EHZ,1,85.0,,250.3,,18.13589252846
nc73508220,NC,MDC,2.0,EHZ,-1,85.0,,285.5,,18.903137522
nc73508220,NC,MINS,,HHZ,1,85.0,,266.6,,19.9594893247
nc73508220,NC,MDPB,,HHZ,1,84.0,,260.6,,21.8498030769
nc73508220,CI,MLAC,,HHZ,-1,134.0,,181.2,,3.827329373572
nc73508220,NC,MCB,,HHZ,1,120.0,,247.5,,5.8888833127360005
nc73508220,NC,MCO,,EHZ,-1,121.0,,205.7,,5.63202303229
nc73508220,NC,MDR,2.0,EHZ,-1,143.0,,181.2,,2.965568692422
nc73508220,NC,MQ1P,,EHZ,1,94.0,,250.7,,17.41312550556
nc73508250,NC,MCY,,EHZ,-1,145.0,,41.8,,1.282077503698
nc73508250,NC,MDY,,HHZ,1,101.0,,41.7,,3.531550868816
nc73508250,NC,MDPB,,HHZ,1,100.0,,266.3,,3.584924433584
nc73508250,NC,MEM,,EHZ,1,55.0,,68.0,,9.424881978616
nc73508250,NC,MINS,,HHZ,1,111.0,,318.0,,2.908859279856
nc73508255,NC,MDR,2.0,EHZ,-1,143.0,,171.6,,2.26837650264
nc73508255,NC,MLH,,EHZ,1,133.0,,43.8,,3.142368625716
nc73508255,CI,MLAC,,HHZ,-1,134.0,,174.2,,3.122353538928
nc73508255,NC,MCO,,EHZ,-1,117.0,,205.2,,4.810292524716
nc73508255,NC,MCB,,HHZ,1,113.0,,253.1,,5.271751470106
nc73508255,NC,MCS,,EHZ,1,111.0,,266.4,,5.8444053420960005
nc73508255,NC,MCV,,EHZ,-1,103.0,,173.0,,7.621300269164
nc73508260,NC,MCY,,EHZ,-1,149.0,,41.8,,1.0831497800106
nc73508260,NC,MINS,,HHZ,1,111.0,,314.1,,2.8944039393980003
nc73508260,NC,MQ1P,,EHZ,1,111.0,,151.0,,2.90774733059
nc73508260,NC,MMP,,EHZ,1,110.0,,165.2,,2.981135982146
nc73508260,NC,MDY,,HHZ,1,105.0,,41.7,,3.332511950202
nc73508260,NC,MDPB,,HHZ,1,97.0,,264.2,,3.728365888898
nc73508260,NC,MDC,2.0,EHZ,1,52.0,,357.2,,8.226200669868001
nc73508260,NC,MLC,,EHZ,1,52.0,,103.7,,11.088358080552
nc73508320,NC,MCB,,HHZ,-1,147.0,,238.6,,1.9459112155
nc73508320,NC,MCO,,EHZ,1,121.0,,160.9,,4.054167023836
nc73508320,NC,MLC,,EHZ,1,110.0,,215.5,,5.652038119078
nc73508320,NC,MBS1,,EP1,1,90.0,,333.9,,13.29891322136
nc73508320,NC,MCS,,EHZ,-1,139.0,,273.6,,2.455183979328
nc73508320,NC,MDR,2.0,EHZ,-1,121.0,,115.0,,4.098644994476
nc73508320,NC,MEM,,EHZ,-1,110.0,,284.4,,5.62646328596
nc73508330,NC,MCV,,EHZ,1,138.0,,23.4,,3.00782276453
nc73508330,NC,MCO,,EHZ,-1,111.0,,343.4,,6.23803538226
nc73508330,NC,MLC,,EHZ,1,103.0,,309.2,,8.264006944912
nc73508330,NC,MMP,,EHZ,1,85.0,,286.9,,17.15737717438
nc73508330,NC,MMT,,EHZ,1,72.0,,234.8,,36.46081643214001
nc73508395,NC,MDPB,,HHZ,-1,119.0,,271.7,,2.225010481266
nc73508395,NC,MMP,,EHZ,1,105.0,,137.4,,3.315832711212
nc73508395,NC,MQ1P,,EHZ,1,100.0,,126.0,,3.5793646872540004
nc73508400,NC,MCY,,EHZ,-1,158.0,,159.5,,1.135300200586
nc73508400,NC,MLI,,HHZ,-1,138.0,,141.6,,2.232794126128
nc73508400,NC,MINS,,HHZ,-1,136.0,,273.4,,2.409594059422
nc73508400,NC,MQ1P,,EHZ,1,113.0,,166.2,,4.54231275161
nc73508400,NC,MDPB,,HHZ,1,112.0,,240.8,,4.615701403166
nc73508400,NC,MMP,,EHZ,1,111.0,,174.7,,4.77026235114
nc73508405,NC,MDPB,,HHZ,-1,144.0,,275.1,,1.789126368994
nc73508405,NC,MCY,,EHZ,1,126.0,,63.0,,2.9711284387520003
nc73508405,NC,MDC,2.0,EHZ,1,92.0,,9.8,,8.885586584606
nc73508405,NC,MEM,,EHZ,1,88.0,,69.5,,11.24180707926
nc73508405,NC,MLC,,EHZ,1,89.0,,99.3,,12.87637250028
nc73508405,NC,MCS,,EHZ,1,87.0,,78.8,,13.79929039106
nc73508405,NC,MCO,,EHZ,1,83.0,,94.3,,17.36864753492
nc73508405,NC,MDR,2.0,EHZ,1,81.0,,87.6,,19.72597997884
nc73508405,NC,MCV,,EHZ,1,80.0,,102.6,,20.81569025952
nc73508405,NC,MDY,,HHZ,1,104.0,,53.8,,5.13164586259
nc73508405,NC,MINS,,HHZ,-1,131.0,,356.5,,2.550811616204
nc73508405,NC,MLI,,HHZ,1,116.0,,79.7,,3.701679106514
nc73508405,NC,MMP,,EHZ,1,118.0,,131.2,,3.568245194594
nc73508410,NC,MCY,,EHZ,-1,146.0,,51.7,,1.125292657192
nc73508410,NC,MINS,,HHZ,1,114.0,,314.8,,2.700924767114
nc73508410,NC,MQ1P,,EHZ,1,110.0,,149.4,,3.084547263884
nc73508410,NC,MDPB,,HHZ,1,105.0,,262.1,,3.58047663652
nc73508425,NC,MCY,,EHZ,-1,149.0,,43.7,,1.0661369562407998
nc73508425,NC,MLI,,HHZ,-1,133.0,,87.2,,1.7313050071620002
nc73508425,NC,MINS,,HHZ,1,112.0,,313.8,,2.85770961362
nc73508425,NC,MQ1P,,EHZ,1,110.0,,151.1,,2.9466655549
nc73508425,NC,MMP,,EHZ,1,109.0,,165.2,,3.020054206456
nc73508425,NC,MDPB,,HHZ,1,97.0,,263.6,,3.718358345504
nc73508425,NC,MMX1,,HN3,1,55.0,,107.0,,7.176520562764
nc73508425,NC,MEM,,EHZ,1,53.0,,68.8,,9.246970096056
nc73508425,NC,MDH,,HNZ,1,53.0,,66.7,,12.35375634526
nc73508425,NC,MDH1,1.0,DP1,-1,53.0,,66.7,,12.35375634526
nc73508425,NC,MBS1,,EP1,-1,52.0,,30.4,,16.123264357
nc73508425,NC,MRC,,EHZ,-1,47.0,,84.7,,47.002095473820006
nc73508425,NC,MTU,2.0,EHZ,1,47.0,,126.8,,52.39504941392
nc73508425,CI,MLAC,,HHZ,1,52.0,,92.0,,17.791188256
nc73508425,NC,MCB,,HHZ,1,53.0,,85.6,,12.4538317792
nc73508425,NC,MCO,,EHZ,1,52.0,,97.0,,15.52281175336
nc73508425,NC,MCS,,EHZ,1,52.0,,79.7,,11.82002069758
nc73508425,NC,MCV,,EHZ,1,52.0,,105.5,,19.09216889722
nc73508425,NC,MDC,2.0,EHZ,1,53.0,,357.3,,8.188394394824
nc73508425,NC,MDY,,HHZ,1,106.0,,42.3,,3.314720761946
nc73508425,NC,MLC,,EHZ,1,52.0,,103.8,,11.111709015138
nc73508425,NC,MLH,,EHZ,1,52.0,,76.4,,20.20411816322
nc73508425,NC,MLM,,EHZ,1,53.0,,37.9,,12.96532844156
nc73508425,NC,MMLB,,HHZ,1,63.0,,63.5,,5.75989719788
nc73508425,NC,MMS,,EHZ,1,154.0,,141.0,,0.8049400736574
nc73508455,NP,1576,10.0,HNZ,1,153.0,,75.7,,3.34696729066
nc73508455,NC,MCV,,EHZ,1,144.0,,311.6,,4.670186917200001
nc73508455,CI,MLAC,,HHZ,-1,124.0,,331.5,,8.597591724712
nc73508455,NC,MCO,,EHZ,-1,122.0,,314.3,,9.049043126708
nc73508455,NC,MLC,,EHZ,1,109.0,,296.7,,12.42047330122
nc73508455,NC,MLH,,EHZ,-1,108.0,,350.2,,13.10988184614
nc73508455,NC,MCB,,HHZ,-1,108.0,,314.1,,13.15435981678
nc73508455,NC,MCS,,EHZ,-1,107.0,,315.2,,14.53317690662
nc73508455,NC,MMX1,,HN3,1,105.0,,292.2,,16.22333979094
nc73508455,NC,MDH,,HNZ,-1,105.0,,321.2,,16.76819493128
nc73508455,NC,MEM,,EHZ,-1,104.0,,311.2,,17.57991789546
nc73508455,NC,MMLB,,HHZ,1,101.0,,302.9,,19.9038918614
nc73508455,NC,MQ1P,,EHZ,1,99.0,,285.5,,21.2382309806
nc73508455,NC,MMP,,EHZ,1,99.0,,284.2,,21.78308612094
nc73508455,NC,MLI,,HHZ,1,98.0,,292.5,,21.80532510626
nc73508455,NC,MDY,,HHZ,1,97.0,,298.6,,22.36129973926
nc73508455,NC,MCY,,EHZ,1,97.0,,293.1,,22.98399132822
nc73508455,NC,MINS,,HHZ,1,95.0,,293.2,,26.04185180972
nc73508455,NC,MDC,2.0,EHZ,-1,95.0,,306.5,,27.64305875276
nc73508455,NC,MRC,,EHZ,1,94.0,,63.4,,27.843209620640003
nc73508455,NC,MTU,2.0,EHZ,-1,93.0,,139.3,,30.645321770960003
nc73508455,NC,MFB,,EHZ,1,92.0,,114.8,,35.1375968056
nc73508455,NC,MMT,,EHZ,1,91.0,,239.1,,40.23032444388
nc73508455,NP,1587,10.0,HNZ,-1,89.0,,87.0,,48.88128973336
nc73508455,NN,LHV,,HHZ,-1,87.0,,18.0,,80.49400736574
nc73508455,NC,MMI,,EHZ,1,87.0,,259.6,,85.87584181318
nc73508455,BK,HELL,0.0,HHZ,-1,85.0,,192.0,,100.07543394
nc73508455,WR,FRI,,EHZ,1,85.0,,232.3,,103.15553340682
nc73508455,NC,MHD,,EHZ,1,85.0,,243.5,,109.71603407622
nc73508455,NC,MPR,,EHZ,1,85.0,,284.4,,111.3061215266
nc73508455,BK,LEGD,0.0,HHZ,1,84.0,,252.6,,126.4286315442
nc73508455,CI,SPG2,,HHZ,1,83.0,,179.2,,151.1139052494
nc73508455,CI,ISA,,HHZ,1,56.0,,172.3,,212.7158945858
nc73508455,BK,LIND,0.0,HHZ,-1,83.0,,190.1,,136.3249800116
nc73508460,NC,MCO,,EHZ,-1,121.0,,316.5,,9.053490923772
nc73508460,NC,MCB,,HHZ,1,107.0,,315.5,,13.16547930944
nc73508460,NC,MCS,,EHZ,-1,106.0,,316.5,,14.54429639928
nc73508460,NC,MMX1,,HN3,1,105.0,,293.3,,16.101025371680002
nc73508460,NC,MMLB,,HHZ,1,101.0,,303.9,,19.83717490544
nc73508460,NC,MDY,,HHZ,-1,97.0,,299.4,,22.27234379798
nc73508460,NC,MCY,,EHZ,1,96.0,,293.9,,22.86167690896
nc73508460,NC,MINS,,HHZ,1,95.0,,293.9,,25.91953739046
nc73508460,NC,MDC,2.0,EHZ,1,94.0,,307.2,,27.598580782120003
nc73508460,NC,MRC,,EHZ,1,93.0,,63.2,,28.165674907780005
nc73508460,NC,MTU,2.0,EHZ,-1,92.0,,138.6,,30.61196329298
nc73508460,NC,MMT,,EHZ,1,91.0,,239.2,,39.89673966408
nc73508460,NC,MHD,,EHZ,1,85.0,,243.5,,109.40468828174
nc73508460,NC,MPR,,EHZ,1,85.0,,284.6,,111.16156812202
nc73508460,CI,MLAC,,HHZ,-1,123.0,,333.7,,8.702114955716
nc73508460,NC,MCV,,EHZ,1,143.0,,315.7,,4.66462717087
nc73508460,NC,MEM,,EHZ,-1,103.0,,312.3,,17.55767891014
nc73508460,NC,MLC,,EHZ,1,108.0,,298.1,,12.32039786728
nc73508460,NC,MLH,,EHZ,-1,107.0,,351.3,,13.31003271402
nc73508460,NC,MMP,,EHZ,1,98.0,,284.9,,21.61629373104
nc73508460,NC,MQ1P,,EHZ,1,99.0,,286.3,,21.0714385907
nc73508510,NC,MCV,,EHZ,1,101.0,,2.7,,16.02318892306
nc73508510,NC,MCO,,EHZ,-1,98.0,,353.4,,19.3479172284
nc73508510,NC,MLC,,EHZ,-1,97.0,,339.7,,19.69262150086
nc73508510,NC,MDR,2.0,EHZ,-1,94.0,,0.4,,21.32718692188
nc73508510,NC,MMP,,EHZ,-1,90.0,,317.3,,24.81870761712
nc73508510,NC,MLH,,EHZ,1,90.0,,4.4,,25.908417897800003
nc73508515,NC,MCV,,EHZ,-1,106.0,,3.1,,15.9564719671
nc73508515,NC,MLC,,EHZ,-1,102.0,,339.9,,19.58142657426
nc73508515,NC,MMP,,EHZ,-1,97.0,,317.4,,24.69639319786
nc73508515,NP,1576,10.0,HNZ,-1,107.0,,29.0,,15.63400667996
nc73508515,NC,MMX1,,HN3,-1,99.0,,330.7,,21.74972764296
nc73508515,NC,MQ1P,,EHZ,-1,97.0,,319.0,,24.507361822640004
nc73508515,NC,MDPB,,HHZ,-1,94.0,,314.3,,29.622328446240004
nc73508515,NC,MINS,,HHZ,-1,94.0,,319.7,,30.245020035200003
nc73508515,NC,MDC,2.0,EHZ,-1,93.0,,328.6,,34.28139587078
nc73508515,BK,TOLH,0.0,HHZ,-1,87.0,,224.2,,76.84681377326001
nc73508530,NC,MCV,,EHZ,1,142.0,,310.1,,5.414080976154
nc73508530,NC,MCO,,EHZ,1,123.0,,313.3,,9.786265490066
nc73508530,NC,MDR,2.0,EHZ,-1,122.0,,331.8,,9.998647799872
nc73508530,NC,MLC,,EHZ,1,112.0,,296.9,,13.16547930944
nc73508530,NC,MLH,,EHZ,-1,112.0,,347.8,,13.6213785085
nc73508530,NC,MCB,,HHZ,-1,111.0,,313.4,,13.899365825
nc73508530,NC,MMP,,EHZ,1,101.0,,284.7,,22.50585314384
nc73508535,NC,MMP,,EHZ,1,144.0,,328.2,,2.793216556192
nc73508535,NC,MQ1P,,EHZ,1,143.0,,343.2,,2.8354706283
nc73508535,NC,MLI,,HHZ,1,121.0,,354.5,,5.400737584962
nc73508535,NC,MDPB,,HHZ,1,110.0,,309.5,,7.691353072921999
nc73508535,NC,MINS,,HHZ,1,107.0,,329.4,,8.4508144216
nc73508535,NC,MDC,2.0,EHZ,-1,92.0,,349.0,,13.72145394244
nc73508560,NC,MCV,,EHZ,-1,89.0,,8.6,,14.19959212682
nc73508560,NC,MCO,,EHZ,-1,85.0,,357.1,,17.279691593640003
nc73508560,NC,MLC,,EHZ,-1,85.0,,341.7,,17.390886520240002
nc73508560,CI,MLAC,,HHZ,-1,84.0,,4.6,,18.569552742200003
nc73508560,NC,MDR,2.0,EHZ,-1,83.0,,4.5,,19.42575367702
nc73508560,NC,MMX1,,HN3,-1,83.0,,331.2,,19.48135114032
nc73508560,NC,MQ1P,,EHZ,1,82.0,,318.3,,22.26122430532
nc73508560,NC,MDPB,,HHZ,1,78.0,,313.3,,27.39842991424
nc73508560,NC,MINS,,HHZ,-1,77.0,,319.2,,27.98776302522
nc73508560,NC,MMT,,EHZ,1,76.0,,251.5,,30.48964887372
nc73508565,NC,MDPB,,HHZ,-1,142.0,,286.3,,1.763551535876
nc73508565,NC,MINS,,HHZ,-1,123.0,,358.7,,2.87994859894
nc73508565,NC,MMP,,EHZ,1,115.0,,126.0,,3.43036348561
nc73508565,NC,MQ1P,,EHZ,1,109.0,,116.0,,3.816209880912
nc73508565,NC,MLI,,HHZ,-1,109.0,,75.1,,3.860687851552
nc73508565,NC,MLC,,EHZ,1,87.0,,97.8,,12.90973097826
nc73508570,NC,MCV,,EHZ,-1,95.0,,8.3,,13.98832176628
nc73508570,NC,MCO,,EHZ,-1,95.0,,356.8,,17.079540725759998
nc73508570,NC,MLC,,EHZ,1,95.0,,341.1,,17.224094130340003
nc73508570,NC,MDR,2.0,EHZ,-1,85.0,,4.2,,19.214483316480003
nc73508570,NC,MMX1,,HN3,1,85.0,,330.7,,19.35903672106
nc73508570,NC,MQ1P,,EHZ,1,85.0,,317.7,,22.17226836404
nc73508570,NC,MMP,,EHZ,1,85.0,,315.9,,22.37241923192
nc73508570,NC,MDPB,,HHZ,1,81.0,,312.9,,27.33171295828
nc73508570,NC,MINS,,HHZ,1,80.0,,318.8,,27.898807083940003
nc73508570,NC,MMT,,EHZ,1,79.0,,251.2,,30.645321770960003
nc73508575,NC,MCO,,EHZ,1,156.0,,291.2,,2.819903338576
nc73508575,NC,MDR,2.0,EHZ,-1,153.0,,355.6,,3.1312491330560004
nc73508575,NC,MLC,,EHZ,1,128.0,,272.0,,7.25546896065
nc73508575,NC,MLH,,EHZ,-1,126.0,,11.8,,7.79476435466
nc73508590,NC,MCV,,EHZ,1,143.0,,308.4,,5.14832510158
nc73508590,CI,MLAC,,HHZ,-1,125.0,,328.8,,8.950079642034002
nc73508590,NC,MCO,,EHZ,1,123.0,,312.4,,9.509390122832
nc73508590,NC,MDR,2.0,EHZ,-1,123.0,,331.5,,9.689525903924
nc73508590,NC,MLC,,EHZ,1,111.0,,295.9,,12.94308945624
nc73508590,NC,MLH,,EHZ,-1,111.0,,347.9,,13.31003271402
nc73508685,NC,MCO,,EHZ,1,122.0,,321.6,,10.077596197758
nc73508685,NC,MDR,2.0,EHZ,-1,120.0,,338.8,,10.716967025708
nc73508685,NC,MLC,,EHZ,1,112.0,,303.3,,13.02092590486
nc73508685,NC,MLH,,EHZ,-1,110.0,,352.0,,14.63325234056
nc73508685,NC,MCS,,EHZ,1,109.0,,319.9,,15.55617023134
nc73508685,NC,MMX1,,HN3,1,108.0,,297.5,,16.70147797532
nc73508685,NC,MEM,,EHZ,1,106.0,,315.3,,18.50283578624
nc73508685,NC,MMLB,,HHZ,-1,103.0,,306.9,,20.6266588843
nc73508685,NC,MMP,,EHZ,1,101.0,,288.3,,22.0165954668
nc73508685,NC,MDPB,,HHZ,1,98.0,,290.4,,27.06484513444
nc73508685,NC,MBS1,,EP1,-1,98.0,,330.5,,27.22051803168
nc73508685,NC,MDC,2.0,EHZ,1,97.0,,309.3,,28.45478171694
nc73508685,NC,MCB,,HHZ,-1,111.0,,319.2,,14.15511415618
nc73508685,NC,MCV,,EHZ,1,140.0,,324.9,,5.710971430176
nc73508685,NC,MQ1P,,EHZ,1,102.0,,289.7,,21.50509880444
nc73508730,NC,MCV,,EHZ,1,144.0,,322.7,,5.5219400549560005
nc73508730,NC,MCO,,EHZ,1,126.0,,320.3,,9.899684315198
nc73508730,NC,MDR,2.0,EHZ,-1,124.0,,338.0,,10.48012183205
nc73508730,NC,MLC,,EHZ,1,115.0,,302.1,,12.92085047092
nc73508730,NC,MLH,,EHZ,1,114.0,,351.6,,14.366384516720002
nc73508735,NC,MLC,,EHZ,1,106.0,,298.1,,12.36487583792
nc73508735,NC,MCB,,HHZ,-1,105.0,,315.5,,13.20995728008
nc73508735,NC,MCS,,EHZ,-1,104.0,,316.5,,14.58877436992
nc73508735,NC,MMX1,,HN3,1,102.0,,293.3,,16.156622834980002
nc73508735,NC,MEM,,EHZ,1,101.0,,312.2,,17.61327637344
nc73508735,NC,MQ1P,,EHZ,1,96.0,,286.3,,21.11591656134
nc73508735,NC,MMP,,EHZ,1,95.0,,284.9,,21.66077170168
nc73508735,NC,MBS1,,EP1,-1,91.0,,329.0,,26.08632978036
nc73508735,NC,MDPB,,HHZ,1,91.0,,287.7,,26.65342390602
nc73508735,NC,MDC,2.0,EHZ,1,90.0,,307.2,,27.65417824542
nc73508735,NC,MRC,,EHZ,-1,90.0,,63.1,,28.1323164298
nc73508735,NC,MTU,2.0,EHZ,-1,90.0,,138.7,,30.578604815
nc73508735,NC,MMT,,EHZ,1,91.0,,239.3,,39.93009814206
nc73508735,NC,MCO,,EHZ,1,119.0,,316.3,,9.097968894412
nc73508735,NC,MCV,,EHZ,1,141.0,,315.5,,4.70910514151
nc73508735,NC,MDR,2.0,EHZ,-1,117.0,,335.9,,9.510502072098
nc73508735,NC,MDY,,HHZ,-1,93.0,,299.4,,22.31682176862
nc73508735,NC,MLH,,EHZ,-1,105.0,,351.2,,13.33227169934
nc73508740,NC,MDPB,,HHZ,-1,143.0,,275.5,,2.041538852376
nc73508740,NC,MINS,,HHZ,-1,135.0,,351.1,,2.614192724366
nc73508740,NC,MMP,,EHZ,1,126.0,,133.5,,3.35808678332
nc73508740,NC,MQ1P,,EHZ,1,122.0,,122.6,,3.664984780736
nc73508740,NC,MDY,,HHZ,1,111.0,,51.8,,4.954845929296001
nc73508740,NC,MDC,2.0,EHZ,1,96.0,,8.2,,8.882250736808
nc73508750,NC,MCV,,EHZ,1,143.0,,307.3,,5.702075836048
nc73508750,CI,MLAC,,HHZ,-1,128.0,,327.0,,9.436001471276
nc73508750,NC,MCO,,EHZ,1,125.0,,311.6,,10.054245263172
nc73508750,NC,MDR,2.0,EHZ,-1,125.0,,329.7,,10.160992392708
nc73508750,NC,MLC,,EHZ,1,115.0,,296.0,,13.5101835819
nc73508750,NC,MLH,,EHZ,1,115.0,,346.1,,13.6769759718
nc73508760,NP,1576,10.0,HNZ,-1,145.0,,58.3,,4.396647397764
nc73508760,NC,MCV,,EHZ,1,138.0,,326.9,,5.4685664901880005
nc73508760,CI,MLAC,,HHZ,1,118.0,,338.3,,9.726220229702
nc73508760,NC,MCB,,HHZ,1,106.0,,319.9,,13.899365825
nc73508760,NC,MMX1,,HN3,1,104.0,,297.7,,16.4012516735
nc73508760,NC,MEM,,EHZ,1,102.0,,315.7,,18.2359679624
nc73508760,NC,MMP,,EHZ,1,97.0,,288.3,,21.70524967232
nc73508760,NC,MINS,,HHZ,1,94.0,,296.6,,26.19752470696
nc73508760,NC,MDPB,,HHZ,1,94.0,,290.4,,26.75349933996
nc73508760,NC,MRC,,EHZ,-1,92.0,,61.2,,28.97739787196
nc73508760,BK,HELL,0.0,HHZ,1,85.0,,191.9,,98.5187049676
nc73508760,NC,MHD,,EHZ,1,85.0,,244.1,,108.61520430288
nc73508760,NC,MPR,,EHZ,1,85.0,,285.2,,111.1949266
nc73508760,NC,MCO,,EHZ,1,118.0,,322.6,,9.82407176511
nc73508760,NC,MDR,2.0,EHZ,-1,116.0,,340.1,,10.526823701222
nc73508760,NC,MLC,,EHZ,1,107.0,,303.6,,12.72069960304
nc73508760,NC,MLH,,EHZ,-1,106.0,,353.1,,14.49981842864
nc73508760,NC,MMLB,,HHZ,1,99.0,,307.2,,20.33755207514
nc73508775,NC,MCV,,EHZ,-1,133.0,,45.3,,5.149437050846
nc73508775,NC,MLC,,EHZ,-1,122.0,,327.1,,7.229894127532
nc73508775,NC,MDR,2.0,EHZ,1,113.0,,18.9,,9.444897065404
nc73508775,NC,MCB,,HHZ,1,111.0,,346.6,,9.91858745272
nc73508775,NC,MMX1,,HN3,-1,110.0,,310.2,,10.282194862702
nc73508775,NC,MCS,,EHZ,-1,107.0,,344.1,,11.24180707926
nc73508775,NC,MQ1P,,EHZ,1,99.0,,294.9,,14.65549132588
nc73508775,NC,MMP,,EHZ,-1,99.0,,292.7,,15.11139052494
nc73508775,NC,MDPB,,HHZ,-1,95.0,,294.4,,20.21523765588
nc73508775,NC,MDC,2.0,EHZ,-1,91.0,,318.4,,22.66152604108
nc73508775,NC,MMT,,EHZ,1,81.0,,233.6,,33.958930583640004
nc73508775,CI,MLAC,,HHZ,1,116.0,,20.7,,8.62872630416
nc73508775,NC,MCO,,EHZ,1,123.0,,5.7,,6.859615021954
nc73508775,NC,MMLB,,HHZ,-1,99.0,,319.8,,14.7889252378
nc73508850,NC,MCV,,EHZ,-1,95.0,,4.6,,9.950833981434
nc73508850,NC,MLC,,EHZ,1,89.0,,331.3,,14.1217556782
nc73508850,NC,MMX1,,HN3,-1,85.0,,320.4,,16.81267290192
nc73508850,NC,MQ1P,,EHZ,1,82.0,,307.7,,20.41538852376
nc73508850,NC,MDPB,,HHZ,1,78.0,,304.6,,25.84170094184
nc73508895,NC,MCV,,EHZ,-1,95.0,,7.5,,14.02168024426
nc73508895,NC,MCO,,EHZ,-1,95.0,,356.2,,17.14625768172
nc73508895,NC,MLC,,EHZ,-1,95.0,,340.7,,17.335289056940002
nc73508895,CI,MLAC,,HHZ,-1,95.0,,3.8,,18.39164085964
nc73508895,NC,MDR,2.0,EHZ,-1,85.0,,3.7,,19.25896128712
nc73508895,NC,MMX1,,HN3,1,85.0,,330.3,,19.49247063298
nc73508895,NC,MCS,,EHZ,1,85.0,,346.9,,21.66077170168
nc73508895,NC,MQ1P,,EHZ,-1,85.0,,317.5,,22.33906075394
nc73508895,NC,MMP,,EHZ,-1,85.0,,315.7,,22.53921162182
nc73508895,NC,MLH,,EHZ,-1,84.0,,7.4,,23.92914820432
nc73508895,NC,MDPB,,HHZ,-1,81.0,,312.7,,27.49850534818
nc73508895,NC,MMT,,EHZ,1,78.0,,251.4,,30.800994668200005
nc73508925,NC,MCV,,EHZ,-1,130.0,,325.5,,6.413723366288
nc73508925,NC,MDR,2.0,EHZ,-1,110.0,,338.3,,11.41971896182
nc73508925,NC,MLC,,EHZ,1,103.0,,304.6,,13.65473698648
nc73508925,NC,MCB,,HHZ,1,102.0,,319.7,,14.85564219376
nc73508925,NC,MLH,,EHZ,-1,102.0,,351.0,,15.2893024075
nc73508925,NC,MQ1P,,EHZ,1,90.0,,290.9,,22.04995394478
nc73508925,NC,MMP,,EHZ,-1,90.0,,289.5,,22.55033111448
nc73508925,NC,MDPB,,HHZ,-1,90.0,,291.3,,27.60970027478
nc73508940,NC,MLH,,EHZ,1,129.0,,17.2,,10.582421164522
nc73508940,NC,MQ1P,,EHZ,1,118.0,,280.6,,15.3448998708
nc73508940,NC,MDPB,,HHZ,-1,110.0,,283.9,,20.81569025952
nc73508940,NC,MRC,,EHZ,-1,100.0,,72.3,,31.79062951494
nc73508940,NC,MMI,,EHZ,1,89.0,,256.9,,81.16117692534
nc73508950,NC,MCV,,EHZ,-1,153.0,,221.2,,1.843611883028
nc73508950,CI,MLAC,,HHZ,1,133.0,,329.4,,3.577140788722
nc73508950,NC,MDR,2.0,EHZ,-1,126.0,,335.4,,4.334378238868
nc73508950,NC,MCO,,EHZ,1,124.0,,293.6,,4.58679072225
nc73508950,NC,MLH,,EHZ,1,104.0,,0.2,,8.441918827472
nc73508950,NC,MLC,,EHZ,1,103.0,,277.0,,8.891146330936001
nc73509005,NC,MMX1,,HN3,1,109.0,,15.4,,9.458240456596
nc73509005,NC,MLC,,EHZ,1,105.0,,36.9,,10.720302873506
nc73509005,NC,MLI,,HHZ,1,102.0,,347.0,,11.59763084438
nc73509005,NC,MCY,,EHZ,1,97.0,,343.3,,12.5094292425
nc73509005,NC,MDY,,HHZ,1,97.0,,351.3,,13.82152937638
nc73509005,NC,MCO,,EHZ,1,97.0,,49.8,,14.477579443320002
nc73509005,NC,MCB,,HHZ,-1,97.0,,33.5,,14.58877436992
nc73509005,NC,MEM,,EHZ,-1,96.0,,16.3,,15.16698798824
nc73509005,NC,MCV,,EHZ,1,96.0,,66.4,,15.33378037814
nc73509005,NC,MDC,2.0,EHZ,1,85.0,,346.4,,19.9594893247
nc73509005,NC,MDPB,,HHZ,1,97.0,,323.5,,13.46570561126
nc73509005,NC,MINS,,HHZ,1,97.0,,334.2,,14.65549132588
nc73509005,NC,MMLB,,HHZ,1,97.0,,3.4,,13.79929039106
nc73509005,NC,MQ1P,,EHZ,1,110.0,,341.4,,9.11242423487
nc73509010,NC,MMX1,,HN3,1,100.0,,14.9,,11.75330374162
nc73509010,NC,MLC,,EHZ,1,95.0,,32.7,,12.85413351496
nc73509010,NC,MCY,,EHZ,1,95.0,,347.8,,14.55541589194
nc73509010,NC,MCO,,EHZ,1,95.0,,44.9,,16.36789319552
nc73509010,NC,MCV,,EHZ,1,95.0,,60.1,,16.801553409260002
nc73509010,NC,MEM,,EHZ,1,95.0,,15.9,,17.4576034762
nc73509010,NC,MDC,2.0,EHZ,1,85.0,,349.0,,22.03883445212
nc73509010,NC,MMT,,EHZ,1,85.0,,226.7,,22.50585314384
nc73509010,NC,MPR,,EHZ,1,74.0,,290.0,,95.5720394127
nc73509010,NC,MDPB,,HHZ,1,95.0,,330.1,,15.05579306164
nc73509010,NC,MDY,,HHZ,1,95.0,,354.3,,15.97871095242
nc73509010,NC,MINS,,HHZ,1,95.0,,339.2,,16.5124466001
nc73509010,NC,MLI,,HHZ,1,95.0,,351.2,,13.69921495712
nc73509010,NC,MMLB,,HHZ,1,95.0,,4.7,,16.0676668937
nc73509010,NC,MQ1P,,EHZ,1,102.0,,347.6,,11.13061215266
nc73509040,NC,MCV,,EHZ,1,108.0,,311.1,,19.09216889722
nc73509040,CI,MLAC,,HHZ,1,103.0,,318.6,,22.66152604108
nc73509040,NC,MDR,2.0,EHZ,1,102.0,,320.1,,23.30645661536
nc73509040,NC,MCO,,EHZ,1,102.0,,312.3,,23.4621295126
nc73509040,NC,MLH,,EHZ,1,101.0,,329.6,,25.91953739046
nc73509040,NC,MLC,,EHZ,1,100.0,,304.4,,26.6311849207
nc73509040,NC,MCB,,HHZ,-1,100.0,,312.5,,27.56522230414
nc73509040,NC,MCS,,EHZ,1,98.0,,313.1,,28.93291990132
nc73509040,NC,MBS1,,EP1,1,94.0,,322.2,,39.952337127380005
nc73509040,NC,MMT,,EHZ,1,93.0,,256.2,,46.83530308392
nc73509055,CI,MLAC,,HHZ,-1,121.0,,338.2,,9.554980042738
nc73509055,NC,MDR,2.0,EHZ,-1,119.0,,340.0,,10.354471564992
nc73509055,NC,MLC,,EHZ,1,110.0,,303.1,,12.59838518378
nc73509055,NC,MLH,,EHZ,-1,109.0,,353.2,,14.333026038739998
nc73509055,NC,MMX1,,HN3,1,107.0,,297.2,,16.27893725424
nc73509055,NC,MEM,,EHZ,1,105.0,,315.4,,18.08029506516
nc73509055,NC,MQ1P,,EHZ,1,101.0,,289.3,,21.10479706868
nc73509055,NC,MDY,,HHZ,1,99.0,,302.2,,22.55033111448
nc73509055,NC,MINS,,HHZ,1,97.0,,296.3,,26.08632978036
nc73509055,NC,MDPB,,HHZ,1,96.0,,290.1,,26.65342390602
nc73509055,NC,MBS1,,EP1,-1,96.0,,330.8,,26.82021629592
nc73509055,NC,MDC,2.0,EHZ,1,96.0,,309.3,,28.0211215032
nc73509055,NC,MRC,,EHZ,-1,95.0,,61.6,,28.93291990132
nc73509055,NC,MMT,,EHZ,-1,92.0,,240.4,,39.09613619256
nc73509055,NC,MCB,,HHZ,-1,109.0,,319.6,,13.74369292776
nc73509055,NC,MCO,,EHZ,1,121.0,,322.2,,9.665063020072
nc73509055,NC,MCV,,EHZ,1,141.0,,326.3,,5.305109948086001
nc73509055,NC,MMLB,,HHZ,1,102.0,,306.9,,20.20411816322
nc73509070,NC,MQ1P,,EHZ,1,97.0,,346.3,,10.773676438274
nc73509070,NC,MMX1,,HN3,1,96.0,,14.7,,11.31964352788
nc73509070,NC,MLC,,EHZ,1,90.0,,33.1,,12.42047330122
nc73509070,NC,MCY,,EHZ,1,90.0,,346.8,,14.18847263416
nc73509070,NC,MMLB,,HHZ,1,87.0,,4.3,,15.64512617262
nc73509070,NC,MCO,,EHZ,1,86.0,,45.5,,15.96759145976
nc73509070,NC,MINS,,HHZ,1,86.0,,338.1,,16.18998131296
nc73509070,NC,MCB,,HHZ,-1,86.0,,31.0,,16.32341522488
nc73509070,NC,MCV,,EHZ,1,86.0,,61.0,,16.46796862946
nc73509070,NC,MEM,,EHZ,1,86.0,,15.7,,17.02394326246
nc73509070,NC,MDR,2.0,EHZ,1,84.0,,46.0,,19.158885853180003
nc73509070,NC,MMT,,EHZ,1,82.0,,226.3,,22.9061548796
nc73509070,NC,MLH,,EHZ,1,81.0,,41.2,,23.6845193658
nc73509070,NC,MBS1,,EP1,-1,79.0,,8.9,,27.253876509660003
nc73509070,NC,MRC,,EHZ,1,71.0,,67.9,,46.19037250964
nc73509070,NC,MMI,,EHZ,1,71.0,,260.8,,67.3841255196
nc73509070,BK,TOLH,0.0,HHZ,-1,71.0,,212.3,,74.67851270455999
nc73509070,CI,TIN,,HHZ,1,71.0,,127.2,,84.99740189303999
nc73509070,NC,MPR,,EHZ,1,71.0,,289.8,,95.58315890536
nc73509070,CI,CWC,,HHZ,-1,70.0,,145.7,,144.66459950659998
nc73509070,NC,MDC,2.0,EHZ,1,83.0,,348.4,,21.67189119434
nc73509070,NC,MDPB,,HHZ,1,91.0,,328.8,,14.7889252378
nc73509070,NC,MDY,,HHZ,1,92.0,,353.6,,15.58952870932
nc73509070,NC,MLI,,HHZ,1,90.0,,350.3,,13.32115220668
nc73509085,NC,MMX1,,HN3,-1,90.0,,14.4,,12.0090520728
nc73509085,NC,MLC,,EHZ,-1,90.0,,31.9,,13.0654038755
nc73509085,NC,MCY,,EHZ,1,92.0,,347.9,,14.83340320844
nc73509085,NC,MCB,,HHZ,-1,86.0,,30.1,,16.96834579916
nc73509085,NC,MEM,,EHZ,-1,85.0,,15.5,,17.71335180738
nc73509085,NC,MDR,2.0,EHZ,1,84.0,,44.8,,19.71486048618
nc73509085,NC,MMT,,EHZ,1,83.0,,227.3,,22.3501802466
nc73509085,NC,MDC,2.0,EHZ,1,83.0,,349.1,,22.31682176862
nc73509085,NC,MLH,,EHZ,1,82.0,,40.4,,24.28497196944
nc73509085,NC,MRC,,EHZ,1,72.0,,67.1,,46.56843526008
nc73509085,NC,MMI,,EHZ,1,72.0,,261.4,,67.1617356664
nc73509085,BK,TOLH,0.0,HHZ,-1,72.0,,212.5,,74.03358213028
nc73509085,NC,MHD,,EHZ,1,72.0,,241.4,,91.15760082668
nc73509085,BK,HELL,0.0,HHZ,-1,72.0,,181.6,,92.4029840046
nc73509085,NC,MPR,,EHZ,1,72.0,,290.2,,95.70547332462
nc73509085,NC,MCO,,EHZ,1,93.0,,44.1,,16.53468558542
nc73509085,NC,MCV,,EHZ,1,86.0,,59.2,,16.91274833586
nc73509085,NC,MDPB,,HHZ,1,93.0,,330.5,,15.31154139282
nc73509085,NC,MDY,,HHZ,1,93.0,,354.3,,16.25669826892
nc73509085,NC,MINS,,HHZ,1,93.0,,339.4,,16.7904339166
nc73509085,NC,MMLB,,HHZ,1,93.0,,4.5,,16.3456542102
nc73509085,NC,MQ1P,,EHZ,1,97.0,,347.7,,11.41971896182
nc73509090,NC,MCV,,EHZ,-1,149.0,,304.1,,4.0074651546640006
nc73509090,CI,MLAC,,HHZ,-1,129.0,,329.7,,7.769189521542001
nc73509090,NC,MCO,,EHZ,-1,127.0,,311.0,,8.342955342798
nc73509090,NC,MDR,2.0,EHZ,-1,126.0,,332.7,,8.517531377560001
nc73509090,NC,MLC,,EHZ,1,114.0,,293.4,,11.8978571462
nc73509090,NC,MLH,,EHZ,-1,111.0,,350.3,,12.24256141866
nc73509135,NC,MLC,,EHZ,-1,132.0,,312.6,,6.124616557127999
nc73509135,NC,MCB,,HHZ,-1,122.0,,339.6,,8.242879908858
nc73509135,NC,MCS,,EHZ,-1,116.0,,337.6,,9.613913353836
nc73509135,NC,MMX1,,HN3,-1,116.0,,299.2,,9.659503273742
nc73509135,NC,MDH,,HNZ,-1,105.0,,341.4,,12.29815888196
nc73509135,NC,MQ1P,,EHZ,1,103.0,,287.0,,14.49981842864
nc73509135,NC,MINS,,HHZ,-1,98.0,,296.9,,19.459112155
nc73509135,NC,MDPB,,HHZ,1,97.0,,288.7,,20.04844526598
nc73509135,NC,MDC,2.0,EHZ,-1,94.0,,313.8,,21.683010687
nc73509135,NC,MBS1,,EP1,1,94.0,,341.2,,21.8498030769
nc73509135,NC,MRC,,EHZ,1,90.0,,70.6,,33.380716965320005
nc73509135,NC,MMT,,EHZ,1,91.0,,231.6,,35.57125701934
nc73509135,NC,MMI,,EHZ,1,86.0,,257.7,,79.68228440156
nc73509135,BK,TOLH,0.0,HHZ,-1,86.0,,216.5,,86.25390456362
nc73509135,NC,MPR,,EHZ,-1,85.0,,284.5,,104.58994795996
nc73509135,NC,MHD,,EHZ,1,85.0,,241.1,,104.523231004
nc73509135,CI,MLAC,,HHZ,1,129.0,,21.9,,6.62721762536
nc73509135,NC,MCO,,EHZ,1,139.0,,1.2,,4.902584313794
nc73509135,NC,MCV,,EHZ,1,149.0,,61.3,,3.5259911224860003
nc73509135,NC,MDR,2.0,EHZ,1,125.0,,19.5,,7.43894058954
nc73509135,NC,MEM,,EHZ,-1,105.0,,326.7,,12.13136649206
nc73509135,NC,MLH,,EHZ,1,105.0,,20.6,,12.309278374620002
nc73509135,NC,MMLB,,HHZ,-1,104.0,,312.8,,13.79929039106
nc73509145,NC,MQ1P,,EHZ,1,105.0,,347.9,,11.30852403522
nc73509145,NC,MMX1,,HN3,-1,103.0,,14.8,,11.931215624180002
nc73509145,NC,MLC,,EHZ,1,98.0,,32.3,,13.02092590486
nc73509145,NC,MDPB,,HHZ,1,97.0,,330.5,,15.20034646622
nc73509145,NC,MCO,,EHZ,1,97.0,,44.5,,16.5124466001
nc73509145,NC,MINS,,HHZ,1,97.0,,339.4,,16.679238989999998
nc73509145,NC,MCV,,EHZ,1,96.0,,59.5,,16.91274833586
nc73509145,NC,MDC,2.0,EHZ,1,86.0,,349.2,,22.21674633468
nc73509145,NC,MMT,,EHZ,1,86.0,,227.1,,22.37241923192
nc73509155,NC,MMP,,EHZ,1,112.0,,336.1,,9.319246798346
nc73509155,NC,MQ1P,,EHZ,1,112.0,,340.6,,9.393747399168
nc73509155,NC,MMX1,,HN3,1,111.0,,13.8,,9.617249201634
nc73509155,NC,MLC,,EHZ,-1,108.0,,35.2,,10.768116691944
nc73509155,NC,MDPB,,HHZ,1,99.0,,323.3,,13.77705140574
nc73509155,NC,MCO,,EHZ,-1,99.0,,48.5,,14.455340458
nc73509155,NC,MCV,,EHZ,1,98.0,,65.3,,15.22258545154
nc73509155,NC,MDC,2.0,EHZ,1,95.0,,345.9,,20.22635714854
nc73509160,NC,MMP,,EHZ,1,101.0,,343.5,,10.834833647904
nc73509160,NC,MQ1P,,EHZ,1,100.0,,347.2,,10.999402139272
nc73509160,NC,MMX1,,HN3,1,98.0,,14.9,,11.59763084438
nc73509160,NC,MLC,,EHZ,1,92.0,,32.9,,12.69846061772
nc73509160,NC,MDPB,,HHZ,1,93.0,,329.7,,14.94459813504
nc73509160,NC,MCO,,EHZ,1,94.0,,45.2,,16.2344592836
nc73509160,NC,MINS,,HHZ,1,94.0,,338.8,,16.390132180840002
nc73509160,NC,MCV,,EHZ,1,94.0,,60.4,,16.690358482660002
nc73509160,NC,MDR,2.0,EHZ,-1,85.0,,45.7,,19.41463418436
nc73509160,NC,MDC,2.0,EHZ,1,84.0,,348.9,,21.89428104754
nc73509165,NC,MLC,,EHZ,-1,127.0,,131.1,,4.8369793071
nc73509165,NC,MMP,,EHZ,1,113.0,,241.5,,7.228782178266
nc73509165,NC,MDR,2.0,EHZ,-1,101.0,,91.6,,10.666929308738
nc73509165,NC,MCV,,EHZ,1,93.0,,116.6,,12.58726569112
nc73509165,NC,MMT,,EHZ,1,75.0,,213.8,,35.37110615146
nc73509180,NC,MMP,,EHZ,1,111.0,,341.2,,10.33000868114
nc73509180,NC,MQ1P,,EHZ,1,110.0,,345.2,,10.466778440858
nc73509180,NC,MLC,,EHZ,1,102.0,,33.5,,12.05353004344
nc73509180,NC,MDPB,,HHZ,1,100.0,,327.6,,14.55541589194
nc73509180,NC,MCO,,EHZ,1,99.0,,46.1,,15.63400667996
nc73509180,NC,MINS,,HHZ,1,99.0,,337.2,,15.91199399646
nc73509180,NC,MCV,,EHZ,1,99.0,,61.9,,16.1788618203
nc73509180,NC,MDC,2.0,EHZ,1,93.0,,347.9,,21.3494259072
nc73509180,NC,MMT,,EHZ,1,90.0,,225.9,,23.25085915206
nc73509185,NC,MMX1,,HN3,1,98.0,,15.9,,11.83114019024
nc73509185,NC,MLC,,EHZ,-1,94.0,,33.5,,12.98756742688
nc73509185,NC,MCY,,EHZ,1,94.0,,348.7,,14.52205741396
nc73509185,NC,MCO,,EHZ,1,94.0,,45.4,,16.545805078079997
nc73509185,NC,MCV,,EHZ,1,94.0,,60.4,,17.00170427714
nc73509185,NC,MDC,2.0,EHZ,1,85.0,,349.6,,22.0165954668
nc73509185,NC,MMT,,EHZ,1,85.0,,226.4,,22.33906075394
nc73509185,NC,MLH,,EHZ,-1,83.0,,41.2,,24.26273298412
nc73509185,NC,MDPB,,HHZ,1,94.0,,330.9,,14.955717627700002
nc73509185,NC,MINS,,HHZ,1,94.0,,339.9,,16.445729644140002
nc73509185,NC,MMLB,,HHZ,-1,94.0,,5.5,,16.11214486434
nc73509185,NC,MMP,,EHZ,1,101.0,,345.1,,10.922677639918
nc73509185,NC,MQ1P,,EHZ,1,101.0,,348.7,,11.106149268808
nc73509215,NC,MCB,,HHZ,-1,107.0,,316.2,,13.6769759718
nc73509215,NC,MMX1,,HN3,1,105.0,,294.5,,16.523566092760003
nc73509215,NC,MMLB,,HHZ,-1,100.0,,304.6,,20.31531308982
nc73509215,NC,MQ1P,,EHZ,1,99.0,,287.3,,21.44950134114
nc73509215,NC,MDY,,HHZ,1,97.0,,300.2,,22.72824299704
nc73509215,NC,MBS1,,EP1,-1,95.0,,329.2,,26.59782644272
nc73509215,NC,MDPB,,HHZ,1,95.0,,288.5,,26.98700868582
nc73509215,NC,MDC,2.0,EHZ,1,94.0,,307.7,,28.09895795182
nc73509215,NC,MRC,,EHZ,1,94.0,,62.1,,28.15455541512
nc73509215,NC,MCD,,EHZ,1,93.0,,91.5,,30.589724307660003
nc73509215,NC,MCO,,EHZ,1,120.0,,317.4,,9.576107078792
nc73509215,NC,MCV,,EHZ,1,140.0,,317.5,,5.186131376624
nc73509215,NC,MDR,2.0,EHZ,-1,118.0,,335.9,,10.016438988128
nc73509215,NC,MLC,,EHZ,1,108.0,,299.5,,12.76517757368
nc73509215,NC,MLH,,EHZ,-1,107.0,,350.6,,13.82152937638
nc73509215,NC,MMP,,EHZ,1,98.0,,286.0,,21.98323698882
nc73509225,NC,MCV,,EHZ,1,149.0,,12.7,,1.558952870932
nc73509225,NC,MCO,,EHZ,1,103.0,,330.9,,5.424088519548
nc73509225,NC,MLC,,EHZ,1,94.0,,298.8,,8.281798133168001
nc73509225,NC,MCB,,HHZ,-1,92.0,,323.4,,9.425993927882
nc73509245,NP,1576,10.0,HNZ,-1,153.0,,68.6,,3.229100668464
nc73509245,NC,MMX1,,HN3,1,105.0,,293.0,,16.579163556060003
nc73509245,NC,MDY,,HHZ,-1,97.0,,299.1,,22.72824299704
nc73509245,NC,MINS,,HHZ,1,95.0,,293.7,,26.39767557484
nc73509245,NC,MRC,,EHZ,1,94.0,,62.5,,27.787612157340003
nc73509245,NC,MDC,2.0,EHZ,1,94.0,,306.8,,28.04336048852
nc73509245,NC,MCD,,EHZ,1,93.0,,92.2,,30.37845394712
nc73509245,NC,MMT,,EHZ,1,91.0,,239.7,,40.2525634292
nc73509245,NC,MMI,,EHZ,1,86.0,,259.9,,86.04263420308001
nc73509245,BK,TOLH,0.0,HHZ,1,86.0,,220.7,,89.15609214788
nc73509245,NC,MHD,,EHZ,1,85.0,,243.7,,109.77163153952
nc73509245,NC,MPR,,EHZ,1,85.0,,284.5,,111.6397063064
nc73509245,CI,MLAC,,HHZ,-1,122.0,,331.3,,9.019020496526
nc73509245,NC,MCB,,HHZ,1,108.0,,314.5,,13.57690053786
nc73509245,NC,MCO,,EHZ,-1,120.0,,314.9,,9.463800202926
nc73509245,NC,MCV,,EHZ,-1,141.0,,312.8,,5.080496196354
nc73509245,NC,MDPB,,HHZ,1,95.0,,287.6,,27.08708411976
nc73509245,NC,MDR,2.0,EHZ,-1,119.0,,333.8,,9.776257946672
nc73509245,NC,MEM,,EHZ,1,103.0,,311.5,,17.99133912388
nc73509245,NC,MLC,,EHZ,1,108.0,,297.6,,12.787416559
nc73509245,NC,MLH,,EHZ,-1,108.0,,349.5,,13.49906408924
nc73509245,NC,MMLB,,HHZ,1,101.0,,303.4,,20.2930741045
nc73509245,NC,MMP,,EHZ,1,98.0,,284.9,,22.09443191542
nc73509245,NC,MQ1P,,EHZ,1,99.0,,286.2,,21.56069626774
nc73509250,NC,MCO,,EHZ,-1,116.0,,326.8,,8.786623099932001
nc73509250,NC,MLC,,EHZ,-1,107.0,,305.0,,11.5086749031
nc73509250,NC,MCB,,HHZ,1,101.0,,322.6,,12.82077503698
nc73509250,NC,MCS,,EHZ,1,101.0,,322.9,,14.221831112140002
nc73509250,NC,MMX1,,HN3,-1,100.0,,298.2,,15.15586849558
nc73509250,NC,MQ1P,,EHZ,1,95.0,,289.6,,19.9594893247
nc73509250,NC,MMP,,EHZ,1,95.0,,288.1,,20.47098598706
nc73509250,NC,MINS,,HHZ,-1,92.0,,296.8,,24.963261021700003
nc73509250,NC,MDPB,,HHZ,1,92.0,,290.4,,25.50811616204
nc73509250,NC,MMT,,EHZ,-1,82.0,,239.2,,38.26217424306
nc73509250,CI,MLAC,,HHZ,-1,116.0,,344.2,,8.92895260598
nc73509250,NC,MCV,,EHZ,-1,139.0,,336.1,,4.517849867758
nc73509250,NC,MDR,2.0,EHZ,-1,112.0,,345.6,,9.75735480915
nc73509255,NC,MCV,,EHZ,1,144.0,,316.4,,5.252848332584
nc73509255,CI,MLAC,,HHZ,1,126.0,,332.9,,9.281440523302
nc73509255,NC,MCO,,EHZ,1,124.0,,316.8,,9.642824034752
nc73509255,NC,MLC,,EHZ,1,113.0,,299.2,,12.86525300762
nc73509255,NC,MMX1,,HN3,1,109.0,,294.3,,16.6236415267
nc73509255,NC,MEM,,EHZ,1,108.0,,312.6,,18.14701202112
nc73509255,NC,MQ1P,,EHZ,1,103.0,,287.2,,21.56069626774
nc73509255,NC,MMP,,EHZ,1,102.0,,285.8,,22.08331242276
nc73509255,NC,MINS,,HHZ,1,99.0,,294.5,,26.44215354548
nc73509255,NC,MBS1,,EP1,-1,99.0,,328.9,,26.64230441336
nc73509255,NC,MDPB,,HHZ,1,98.0,,288.4,,27.09820361242
nc73509255,NC,MRC,,EHZ,1,98.0,,62.0,,28.04336048852
nc73509255,NC,MDC,2.0,EHZ,1,98.0,,307.5,,28.17679440044
nc73509255,NC,MCD,,EHZ,1,96.0,,91.5,,30.4674098884
nc73509255,NC,MCB,,HHZ,-1,112.0,,315.8,,13.74369292776
nc73509255,NC,MDR,2.0,EHZ,-1,123.0,,335.2,,10.048685516842
nc73509255,NC,MLH,,EHZ,-1,112.0,,350.1,,13.83264886904
nc73509285,NC,MLC,,EHZ,-1,133.0,,313.5,,6.570508212794
nc73509285,CI,MLAC,,HHZ,1,131.0,,18.7,,6.881854007274
nc73509285,NC,MMX1,,HN3,-1,118.0,,300.3,,10.073148400694
nc73509285,NC,MLH,,EHZ,1,108.0,,18.9,,12.5650267058
nc73509285,NC,MEM,,EHZ,-1,108.0,,326.7,,12.58726569112
nc73509285,NC,MQ1P,,EHZ,-1,106.0,,288.1,,14.866761686420002
nc73509285,NC,MINS,,HHZ,-1,101.0,,297.5,,19.859413890760003
nc73509285,NC,MDPB,,HHZ,-1,100.0,,289.4,,20.41538852376
nc73509285,NC,MCO,,EHZ,1,140.0,,358.3,,5.273975368638
nc73509285,NC,MCV,,EHZ,1,151.0,,53.9,,3.500416289368
nc73509285,NC,MDR,2.0,EHZ,1,127.0,,16.8,,7.708032311912001
nc73509295,NC,MCV,,EHZ,1,144.0,,312.6,,4.744687518022
nc73509295,NC,MCS,,EHZ,-1,107.0,,315.5,,14.61101335524
nc73509295,NC,MMX1,,HN3,1,106.0,,292.6,,16.26781776158
nc73509295,NC,MDH1,1.0,DP1,1,105.0,,321.5,,16.857150872560002
nc73509295,NC,MEM,,EHZ,-1,104.0,,311.4,,17.65775434408
nc73509295,NC,MLI,,HHZ,1,99.0,,292.7,,21.8498030769
nc73509295,NC,MCY,,EHZ,1,98.0,,293.4,,23.028469298860003
nc73509295,NC,MINS,,HHZ,1,96.0,,293.4,,26.0752102877
nc73509295,NC,MBS1,,EP1,1,96.0,,328.5,,26.06409079504
nc73509295,NC,MDC,2.0,EHZ,-1,95.0,,306.7,,27.70977570872
nc73509295,NC,MRC,,EHZ,1,95.0,,63.2,,27.88768759128
nc73509295,NC,MTU,2.0,EHZ,-1,93.0,,139.1,,30.55636582968
nc73509295,NC,MMT,,EHZ,1,91.0,,239.2,,40.16360748792
nc73509295,NC,MMI,,EHZ,1,87.0,,259.7,,85.85360282786
nc73509295,BK,HELL,0.0,HHZ,-1,85.0,,192.0,,99.9642390134
nc73509295,NC,MHD,,EHZ,1,85.0,,243.5,,109.67155610558
nc73509295,NC,MPR,,EHZ,1,85.0,,284.5,,111.3061215266
nc73509295,CI,MLAC,,HHZ,-1,124.0,,331.9,,8.695443260120001
nc73509295,NC,MCB,,HHZ,-1,109.0,,314.4,,13.2321962654
nc73509295,NC,MCD,,EHZ,1,93.0,,92.6,,30.62308278564
nc73509295,NC,MCO,,EHZ,-1,122.0,,314.8,,9.126879575328
nc73509295,NC,MDPB,,HHZ,1,96.0,,287.3,,26.78685781794
nc73509295,NC,MDR,2.0,EHZ,-1,121.0,,334.4,,9.45712850733
nc73509295,NC,MDY,,HHZ,1,98.0,,298.8,,22.4057777099
nc73509295,NC,MLC,,EHZ,1,109.0,,297.1,,12.46495127186
nc73509295,NC,MLH,,EHZ,-1,109.0,,350.3,,13.22107677274
nc73509295,NC,MLM,,EHZ,-1,97.0,,323.3,,23.15078371812
nc73509295,NC,MMLB,,HHZ,1,102.0,,303.2,,19.9594893247
nc73509295,NC,MMP,,EHZ,1,99.0,,284.4,,21.80532510626
nc73509295,NC,MQ1P,,EHZ,1,100.0,,285.8,,21.26046996592
nc73509305,NC,MCV,,EHZ,1,143.0,,313.1,,5.162780442038
nc73509305,CI,MLAC,,HHZ,-1,125.0,,331.3,,9.104640590008
nc73509305,NC,MDR,2.0,EHZ,-1,122.0,,333.8,,9.861878040154
nc73509305,NC,MLC,,EHZ,1,112.0,,297.8,,12.86525300762
nc73509305,NC,MCS,,EHZ,-1,110.0,,315.6,,15.033554076319998
nc73509305,NC,MMX1,,HN3,1,108.0,,293.2,,16.64588051202
nc73509305,NC,MQ1P,,EHZ,1,102.0,,286.4,,21.61629373104
nc73509305,NC,MINS,,HHZ,1,98.0,,293.8,,26.4643925308
nc73509305,NC,MDPB,,HHZ,1,98.0,,287.8,,27.15380107572
nc73509305,NC,MDC,2.0,EHZ,-1,97.0,,306.9,,28.1323164298
nc73509305,NC,MCB,,HHZ,-1,111.0,,314.5,,13.65473698648
nc73509305,NC,MCO,,EHZ,1,123.0,,315.0,,9.547196397876
nc73509305,NC,MLH,,EHZ,-1,111.0,,349.3,,13.57690053786
nc73509340,NC,MCV,,EHZ,-1,142.0,,308.8,,4.951510081498
nc73509340,NC,MDR,2.0,EHZ,-1,120.0,,332.2,,9.52384546329
nc73509340,NC,MLC,,EHZ,1,108.0,,295.9,,12.74293858836
nc73509340,NC,MLH,,EHZ,-1,108.0,,348.6,,13.1765988021
nc73509395,NC,MCV,,EHZ,1,142.0,,330.4,,4.62570894656
nc73509395,NC,MCO,,EHZ,1,120.0,,324.0,,8.955639388364
nc73509395,CI,MLAC,,HHZ,-1,120.0,,341.2,,8.960087185428
nc73509395,NC,MDR,2.0,EHZ,-1,116.0,,342.9,,9.775145997406
nc73509395,NC,MLC,,EHZ,1,110.0,,303.3,,11.83114019024
nc73509395,NC,MLH,,EHZ,-1,105.0,,355.7,,13.88824633234
nc73509395,NC,MCS,,EHZ,1,104.0,,321.2,,14.421981980020002
nc73509395,NC,MMX1,,HN3,1,103.0,,297.1,,15.511692260700002
nc73509395,NC,MQ1P,,EHZ,1,98.0,,288.9,,20.3486715678
nc73509395,NC,MMP,,EHZ,1,97.0,,287.4,,20.87128772282
nc73509395,NC,MDY,,HHZ,-1,95.0,,302.2,,21.78308612094
nc73509395,NC,MINS,,HHZ,1,92.0,,296.2,,25.319084786820003
nc73509395,NC,MDPB,,HHZ,1,92.0,,289.8,,25.89729840514
nc73509430,NC,MCV,,EHZ,-1,139.0,,318.0,,7.83368257897
nc73509430,NC,MDR,2.0,EHZ,-1,121.0,,332.4,,12.576146198460002
nc73509430,NC,MLC,,EHZ,1,118.0,,302.9,,15.2893024075
nc73509430,NC,MLH,,EHZ,-1,117.0,,345.7,,16.14550334232
nc73509485,NC,MCV,,EHZ,-1,139.0,,309.1,,6.807353406452
nc73509485,CI,MLAC,,HHZ,-1,125.0,,326.1,,10.544614889478
nc73509485,NC,MCO,,EHZ,-1,123.0,,312.3,,11.1750901233
nc73509485,NC,MDR,2.0,EHZ,-1,122.0,,328.6,,11.26404606458
nc73509485,NC,MLC,,EHZ,1,114.0,,297.7,,14.55541589194
nc73509485,NC,MLH,,EHZ,-1,114.0,,344.1,,14.66661081854
nc73509485,NC,MCB,,HHZ,1,114.0,,312.6,,15.27818291484
nc73509485,NC,MMX1,,HN3,-1,110.0,,293.5,,18.347162889
nc73509485,NC,MQ1P,,EHZ,1,103.0,,287.1,,23.28421763004
nc73509485,NC,MMP,,EHZ,1,103.0,,285.9,,23.81795327772
nc73509485,NC,MDPB,,HHZ,1,99.0,,288.3,,28.83284446738
nc73509550,NC,MCS,,EHZ,1,108.0,,315.7,,14.41086248736
nc73509550,NC,MMX1,,HN3,1,107.0,,292.4,,16.0676668937
nc73509550,NC,MEM,,EHZ,1,105.0,,311.5,,17.446483983540002
nc73509550,NC,MMLB,,HHZ,1,103.0,,303.2,,19.748218964160003
nc73509550,NC,MQ1P,,EHZ,1,101.0,,285.6,,21.06031909804
nc73509550,NC,MMP,,EHZ,1,100.0,,284.3,,21.60517423838
nc73509550,NC,MCY,,EHZ,1,98.0,,293.3,,22.81719893832
nc73509550,NC,MDPB,,HHZ,1,96.0,,287.2,,26.58670695006
nc73509550,NC,MDC,2.0,EHZ,1,96.0,,306.7,,27.50962484084
nc73509550,NC,MRC,,EHZ,1,95.0,,63.6,,27.99888251788
nc73509550,CI,MLAC,,HHZ,-1,125.0,,332.6,,8.514195529762
nc73509550,NC,MCB,,HHZ,1,110.0,,314.6,,13.03204539752
nc73509550,NC,MCO,,EHZ,1,124.0,,315.1,,8.92339285965
nc73509550,NC,MCV,,EHZ,1,146.0,,313.1,,4.538976903812
nc73509550,NC,MDR,2.0,EHZ,-1,122.0,,335.1,,9.281440523302
nc73509550,NC,MLC,,EHZ,1,110.0,,297.0,,12.26480040398
nc73509550,NC,MLH,,EHZ,-1,109.0,,350.9,,13.08764286082
nc73509605,NC,MCV,,EHZ,-1,150.0,,356.6,,3.3947811090980005
nc73509605,NC,MCO,,EHZ,-1,125.0,,334.3,,7.334417358536001
nc73509605,NC,MDR,2.0,EHZ,-1,119.0,,354.8,,8.74548097709
nc73509605,NC,MLC,,EHZ,1,115.0,,306.9,,9.754018961352
nc73509605,NC,MCB,,HHZ,-1,111.0,,326.9,,11.27516555724
nc73509605,NC,MCS,,EHZ,-1,104.0,,326.8,,12.6762216324
nc73509605,NC,MBS1,,EP1,1,90.0,,335.2,,24.66303471988
nc73509605,NC,MMT,,EHZ,-1,91.0,,236.9,,37.27253939632
nc73509625,NC,MCV,,EHZ,1,139.0,,311.6,,5.119414420664
nc73509625,NC,MCO,,EHZ,1,118.0,,314.2,,9.498270630172
nc73509625,NC,MDR,2.0,EHZ,-1,117.0,,333.1,,9.772922098874
nc73509625,NC,MLC,,EHZ,1,106.0,,297.2,,12.85413351496
nc73509625,NC,MLH,,EHZ,-1,106.0,,349.0,,13.46570561126
nc73509625,NC,MCB,,HHZ,-1,106.0,,314.0,,13.61025901584
nc73509625,NC,MBS1,,EP1,1,93.0,,328.1,,26.39767557484
nc73509630,NC,MCV,,EHZ,1,135.0,,325.4,,6.280289454368001
nc73509630,NC,MDR,2.0,EHZ,-1,116.0,,338.4,,11.286285049900002
nc73509630,NC,MLC,,EHZ,1,109.0,,304.4,,13.53242256722
nc73509630,NC,MLH,,EHZ,-1,107.0,,351.2,,15.16698798824
nc73509630,NC,MMX1,,HN3,1,105.0,,298.6,,17.1796161597
nc73509630,NC,MEM,,EHZ,1,103.0,,315.7,,19.05881041924
nc73509630,NC,MMLB,,HHZ,1,101.0,,307.5,,21.149275039320003
nc73509630,NC,MQ1P,,EHZ,1,99.0,,290.7,,21.93875901818
nc73509630,NC,MMP,,EHZ,1,98.0,,289.3,,22.439136187880003
nc73509630,NC,MCY,,EHZ,-1,98.0,,297.6,,23.94026769698
nc73509630,NC,MINS,,HHZ,1,96.0,,297.2,,26.98700868582
nc73509630,NC,MDPB,,HHZ,1,96.0,,291.2,,27.49850534818
nc73509630,NC,MRC,,EHZ,1,95.0,,59.6,,28.76612751142
nc73509630,NC,MMT,,EHZ,1,91.0,,241.8,,39.27404807512
nc73509630,NC,MCO,,EHZ,1,118.0,,322.1,,10.643578374152
nc73509835,NC,MDR,2.0,EHZ,1,116.0,,161.1,,2.881060548206
nc73509835,CI,MLAC,,HHZ,1,100.0,,165.6,,3.702791055780001
nc73509835,NC,MCV,,EHZ,1,70.0,,169.2,,8.189506344089999
nc73509835,NC,MEM,,EHZ,-1,70.0,,272.8,,8.240656010326
nc73509835,NC,MLC,,EHZ,1,70.0,,227.2,,8.255111350784
nc73509835,NC,MDPB,,HHZ,-1,68.0,,260.8,,20.82680975218
nc73509835,NC,MCB,,HHZ,-1,101.0,,245.6,,4.87589753141
nc73509835,NC,MCO,,EHZ,1,101.0,,196.7,,5.04268992131
nc73509835,NC,MLH,,EHZ,1,110.0,,57.2,,3.303601269286
nc73509900,NC,MMX1,,HN3,1,97.0,,14.6,,11.38636048384
nc73509900,NC,MLC,,EHZ,-1,90.0,,32.9,,12.48719025718
nc73509900,NC,MCY,,EHZ,1,91.0,,346.9,,14.26630908278
nc73509900,NC,MMLB,,HHZ,-1,93.0,,4.3,,15.72296262124
nc73509900,NC,MCO,,EHZ,1,93.0,,45.4,,16.02318892306
nc73509900,NC,MCV,,EHZ,1,86.0,,60.8,,16.50132710744
nc73509900,NC,MEM,,EHZ,-1,86.0,,15.7,,17.090660218420002
nc73509900,NC,MDR,2.0,EHZ,-1,84.0,,45.9,,19.20336382382
nc73509900,NC,MMT,,EHZ,1,83.0,,226.4,,22.86167690896
nc73509900,NC,MLH,,EHZ,-1,82.0,,41.1,,23.7401168291
nc73509900,NC,MMI,,EHZ,-1,72.0,,260.9,,67.37300602694
nc73509900,NC,MHD,,EHZ,1,72.0,,241.1,,91.54678306978
nc73509900,NC,MPR,,EHZ,1,72.0,,289.8,,95.60539789068
nc73509900,NC,MDPB,,HHZ,1,92.0,,328.9,,14.8445227011
nc73509900,NC,MDY,,HHZ,1,93.0,,353.6,,15.656245665280002
nc73509900,NC,MINS,,HHZ,1,93.0,,338.2,,16.25669826892
nc73509900,NC,MMP,,EHZ,1,99.0,,342.6,,10.692504141856
nc73509900,NC,MQ1P,,EHZ,1,99.0,,346.4,,10.845953140564
nc73509915,CI,MLAC,,HHZ,-1,126.0,,331.7,,8.457486117196
nc73509915,NC,MMX1,,HN3,1,107.0,,292.0,,16.101025371680002
nc73509915,NC,MEM,,EHZ,1,106.0,,311.1,,17.43536449088
nc73509915,NC,MQ1P,,EHZ,1,101.0,,285.2,,21.11591656134
nc73509915,NC,MMP,,EHZ,1,100.0,,283.9,,21.66077170168
nc73509915,NC,MLI,,HHZ,1,100.0,,292.3,,21.683010687
nc73509915,NC,MDY,,HHZ,1,99.0,,298.5,,22.22786582734
nc73509915,NC,MCY,,EHZ,1,99.0,,292.9,,22.86167690896
nc73509915,NC,MINS,,HHZ,1,97.0,,293.0,,25.908417897800003
nc73509915,NC,MDPB,,HHZ,1,97.0,,286.9,,26.64230441336
nc73509915,NC,MDC,2.0,EHZ,1,96.0,,306.4,,27.50962484084
nc73509915,NC,MRC,,EHZ,1,96.0,,63.7,,27.87656809862
nc73509915,NC,MMT,,EHZ,1,92.0,,238.9,,40.20808545856
nc73509915,NC,MMI,,EHZ,1,87.0,,259.5,,85.80912485722001
nc73509915,BK,HELL,0.0,HHZ,-1,86.0,,191.9,,100.16438988128
nc73509915,NC,MHD,,EHZ,-1,85.0,,243.4,,109.6937950909
nc73509915,NC,MPR,,EHZ,1,85.0,,284.4,,111.1949266
nc73509915,NC,MCB,,HHZ,-1,110.0,,314.0,,13.02092590486
nc73509915,NC,MCO,,EHZ,1,124.0,,314.2,,8.907825569926
nc73509915,NC,MCV,,EHZ,1,146.0,,311.3,,4.530081309684
nc73509915,NC,MDR,2.0,EHZ,-1,123.0,,334.3,,9.219171364406
nc73509915,NC,MLC,,EHZ,1,111.0,,296.4,,12.2870393893
nc73509915,NC,MLH,,EHZ,-1,110.0,,350.5,,12.98756742688
nc73509915,NC,MMLB,,HHZ,1,103.0,,302.8,,19.75933845682
nc73509945,NC,MCO,,EHZ,-1,152.0,,81.9,,1.965926302288
nc73509945,NC,MLC,,EHZ,1,143.0,,259.6,,2.717604006104
nc73509945,NC,MCB,,HHZ,1,137.0,,341.4,,3.268018892774
nc73509945,CI,MLAC,,HHZ,1,125.0,,70.5,,4.5812309759200005
nc73509945,NC,MDR,2.0,EHZ,1,122.0,,61.1,,4.9481742337
nc73509945,NC,MCV,,EHZ,-1,117.0,,120.9,,5.744329908156
nc73509945,NC,MDH1,1.0,DP1,-1,109.0,,343.4,,7.328857612206
nc73509945,NC,MLH,,EHZ,1,103.0,,41.8,,9.254753740918
nc73509965,NC,MCV,,EHZ,1,154.0,,95.4,,2.149397931178
nc73509965,NC,MCO,,EHZ,1,144.0,,344.3,,3.1323610823220003
nc73509965,CI,MLAC,,HHZ,1,132.0,,19.6,,4.523409614088
nc73509965,NC,MDR,2.0,EHZ,1,125.0,,16.7,,5.347364020194
nc73509965,NC,MLC,,EHZ,1,122.0,,292.5,,5.91557009512
nc73509965,NC,MLH,,EHZ,1,105.0,,19.3,,10.204358414082
nc73510025,NC,MCV,,EHZ,-1,91.0,,8.9,,14.03279973692
nc73510025,NC,MLC,,EHZ,1,85.0,,341.7,,17.190735652359997
nc73510025,NC,MDR,2.0,EHZ,-1,84.0,,4.7,,19.24784179446
nc73510025,NC,MMX1,,HN3,1,84.0,,331.1,,19.2923197651
nc73510025,NC,MQ1P,,EHZ,1,83.0,,318.1,,22.08331242276
nc73510025,NC,MMP,,EHZ,1,83.0,,316.2,,22.28346329064
nc73510025,NC,MCY,,EHZ,-1,81.0,,322.0,,25.08557544096
nc73510025,NC,MDPB,,HHZ,-1,79.0,,313.1,,27.23163752434
nc73510025,NC,MINS,,HHZ,1,79.0,,319.0,,27.80985114266
nc73510025,NC,MMT,,EHZ,1,77.0,,251.1,,30.48964887372
nc73510040,NC,MLC,,EHZ,-1,84.0,,340.0,,18.10253405048
nc73510040,NC,MDR,2.0,EHZ,-1,82.0,,2.3,,19.88165287608
nc73510040,NC,MMX1,,HN3,-1,82.0,,330.1,,20.28195461184
nc73510040,NC,MQ1P,,EHZ,1,80.0,,317.8,,23.1285447328
nc73510040,NC,MLH,,EHZ,-1,79.0,,6.1,,24.507361822640004
nc73510040,NC,MDPB,,HHZ,1,77.0,,313.1,,28.276869834380005
nc73510040,NC,MINS,,HHZ,1,76.0,,318.7,,28.843963960040004
nc73510040,NC,MMT,,EHZ,1,75.0,,252.8,,31.03450401406
nc73510040,NC,MFB,,EHZ,1,71.0,,95.0,,36.96119360184
nc73510040,NC,MRC,,EHZ,-1,71.0,,51.2,,38.195457287100005
nc73510040,CI,MLAC,,HHZ,-1,83.0,,2.3,,19.0143324486
nc73510040,NC,MCO,,EHZ,-1,84.0,,354.9,,17.835666226639997
nc73510040,NC,MCV,,EHZ,-1,89.0,,5.4,,14.61101335524
nc73510065,NC,MLC,,EHZ,1,139.0,,111.9,,2.160517423838
nc73510065,NC,MMX1,,EP1,1,143.0,,262.7,,1.937015621372
nc73510065,NC,MCO,,EHZ,1,99.0,,90.3,,6.626105676094
nc73510065,NC,MQ1P,,EHZ,1,97.0,,264.4,,7.392238720368
nc73510065,NC,MMP,,EHZ,-1,95.0,,262.4,,8.080535316022
nc73510065,NC,MDPB,,HHZ,1,89.0,,276.6,,12.5650267058
nc73510065,NC,MDC,2.0,EHZ,1,89.0,,317.7,,13.58802003052
nc73510080,NC,MMX1,,HN3,1,144.0,,298.0,,2.005956475864
nc73510080,NC,MCS,,EHZ,1,106.0,,30.2,,5.938921029706
nc73510080,NC,MEM,,EHZ,-1,103.0,,359.9,,6.369245395648
nc73510080,NC,MQ1P,,EHZ,1,100.0,,273.7,,7.224334381202
nc73510080,NC,MDY,,HHZ,-1,97.0,,310.7,,8.425239588482
nc73510080,CI,MLAC,,HHZ,-1,95.0,,75.3,,9.456016558064
nc73510080,NC,MDR,2.0,EHZ,1,94.0,,70.4,,9.72399633117
nc73510080,NC,MCV,,EHZ,-1,93.0,,102.0,,9.980856611616002
nc73510080,NC,MINS,,HHZ,-1,90.0,,295.2,,11.82002069758
nc73510080,NC,MDC,2.0,EHZ,-1,89.0,,321.3,,14.38862350204
nc73510080,NC,MMT,,EHZ,1,73.0,,219.4,,33.42519493596
nc73510080,NC,MCB,,HHZ,1,108.0,,43.5,,5.479685982848
nc73510080,NC,MCO,,EHZ,1,101.0,,80.3,,6.870734514614
nc73510080,NC,MDPB,,HHZ,1,89.0,,282.1,,12.60950467644
nc73510080,NC,MLC,,EHZ,1,141.0,,79.9,,2.187204206222
nc73510080,NC,MMLB,,HHZ,-1,102.0,,328.3,,6.589411350316
nc73510080,NC,MMP,,EHZ,1,98.0,,270.9,,7.863705209152001
nc73510180,NC,MCV,,EHZ,1,128.0,,4.8,,8.543106210678
nc73510180,NC,MCO,,EHZ,-1,117.0,,349.1,,11.94233511684
nc73510180,NC,MLC,,EHZ,-1,113.0,,327.9,,12.954208948900002
nc73510180,NC,MDR,2.0,EHZ,1,112.0,,0.5,,13.83264886904
nc73510180,NC,MCB,,HHZ,1,110.0,,340.2,,15.47833378272
nc73510180,NC,MCS,,EHZ,1,109.0,,339.0,,16.83491188724
nc73510180,NC,MLH,,EHZ,1,107.0,,6.1,,18.44723832294
nc73510180,NC,MMT,,EHZ,1,95.0,,243.3,,33.925572105659995
nc73510230,NC,MCV,,EHZ,-1,110.0,,5.0,,19.42575367702
nc73510230,NC,MLC,,EHZ,-1,105.0,,344.9,,22.59480908512
nc73510230,NC,MCO,,EHZ,-1,105.0,,356.7,,22.60592857778
nc73510230,NC,MMX1,,HN3,-1,104.0,,336.3,,24.42952537402
nc73510230,NC,MDR,2.0,EHZ,-1,104.0,,2.5,,24.69639319786
nc73510230,NC,MCB,,HHZ,1,103.0,,350.5,,25.75274500056
nc73510230,NC,MQ1P,,EHZ,-1,102.0,,325.2,,26.69790187666
nc73510230,NC,MLI,,HHZ,1,101.0,,328.7,,28.75500801876
nc73510230,NC,MLH,,EHZ,-1,100.0,,5.7,,29.33322163708
nc73510230,NC,MDPB,,HHZ,-1,99.0,,319.8,,31.54600067642
nc73510230,NC,MINS,,HHZ,-1,99.0,,324.8,,32.424440596560004
nc73510230,NC,MDC,2.0,EHZ,-1,96.0,,332.5,,36.84999867524
nc73510230,NC,MBS1,,EP1,1,96.0,,347.6,,39.262928582460006
nc73510260,NC,MINS,,HHZ,1,123.0,,255.9,,2.934434112974
nc73510260,NC,MMP,,EHZ,-1,97.0,,180.0,,5.600888452842
nc73510260,NC,MDC,2.0,EHZ,-1,97.0,,348.1,,5.618679641098
nc73510260,NC,MEM,,EHZ,1,91.0,,85.2,,7.871488854014001
nc73510260,NC,MCY,,EHZ,-1,139.0,,181.2,,1.913664686786
nc73510260,NC,MDPB,,HHZ,1,97.0,,235.2,,5.4407677585380005
nc73510260,NC,MDY,,HHZ,1,148.0,,99.2,,1.476668625248
nc73510260,NC,MLI,,HHZ,-1,125.0,,160.0,,2.766529773808
nc73510260,NC,MMLB,,HHZ,1,106.0,,91.6,,4.378856209508
nc73510265,NC,MCY,,EHZ,-1,149.0,,109.6,,0.68940854492
nc73510265,NC,MLI,,HHZ,-1,125.0,,119.2,,1.87919425954
nc73510265,NC,MINS,,HHZ,1,113.0,,294.4,,2.365116088782
nc73510265,NC,MMP,,EHZ,1,101.0,,170.1,,3.977442524482
nc73510265,NC,MDPB,,HHZ,1,101.0,,249.4,,4.038599734112
nc73510265,NC,MEM,,EHZ,-1,41.0,,74.6,,8.850004208094
nc73510265,NC,MDY,,HHZ,1,112.0,,55.9,,2.59084178978
nc73510295,NC,MCV,,EHZ,-1,145.0,,319.8,,5.411857077622
nc73510295,CI,MLAC,,HHZ,-1,127.0,,334.5,,9.520509615492
nc73510295,NC,MCO,,EHZ,-1,126.0,,318.7,,9.799608881258
nc73510295,NC,MDR,2.0,EHZ,-1,125.0,,336.7,,10.298874101692
nc73510295,NC,MLC,,EHZ,1,115.0,,300.8,,12.90973097826
nc73510295,NC,MCB,,HHZ,1,114.0,,317.1,,13.899365825
nc73510295,NC,MLH,,EHZ,-1,114.0,,350.9,,14.132875170859998
nc73510295,NC,MMP,,EHZ,1,104.0,,286.8,,22.04995394478
nc73510295,NC,MBS1,,EP1,1,100.0,,329.5,,26.8535747739
nc73510300,CI,MLAC,,HHZ,-1,112.0,,2.0,,6.537149734814
nc73510300,NC,MCS,,EHZ,-1,98.0,,327.6,,11.003849936336
nc73510300,NC,MMX1,,HN3,1,95.0,,295.5,,11.8422596829
nc73510300,NC,MLH,,EHZ,-1,90.0,,9.9,,12.08688852142
nc73510300,NC,MMLB,,HHZ,-1,92.0,,308.3,,15.767440591880002
nc73510300,NC,MINS,,HHZ,-1,83.0,,295.2,,21.64965220902
nc73510300,NC,MDPB,,HHZ,1,83.0,,287.8,,22.30570227596
nc73510300,NC,MBS1,,EP1,-1,82.0,,336.2,,23.03958879152
nc73510300,NC,MCB,,HHZ,-1,101.0,,327.8,,9.599458013378
nc73510300,NC,MCO,,EHZ,-1,117.0,,338.0,,5.708747531644
nc73510300,NC,MCV,,EHZ,-1,148.0,,22.1,,2.2405777709900003
nc73510300,NC,MDR,2.0,EHZ,-1,109.0,,1.9,,7.40002236523
nc73510300,NC,MLC,,EHZ,-1,106.0,,303.9,,8.141692525652
nc73510305,NC,MCB,,HHZ,1,156.0,,294.2,,1.644572964414
nc73510305,NC,MCO,,EHZ,-1,143.0,,145.3,,2.6130807751000003
nc73510305,NC,MCS,,EHZ,1,140.0,,308.9,,2.934434112974
nc73510305,NC,MDR,2.0,EHZ,1,129.0,,90.6,,3.88070293834
nc73510305,NC,MLC,,EHZ,1,126.0,,227.0,,4.274332978504001
nc73510305,NC,MDH1,1.0,DP1,1,118.0,,331.0,,5.2617439267120005
nc73510305,NC,MCV,,EHZ,-1,109.0,,140.2,,6.986377238278
nc73510305,NC,MLH,,EHZ,1,108.0,,51.9,,7.259916757714
nc73510310,NC,MCO,,EHZ,-1,164.0,,267.2,,1.159763084438
nc73510310,CI,MLAC,,HHZ,1,157.0,,45.6,,1.700170427714
nc73510310,NC,MDR,2.0,EHZ,1,149.0,,30.9,,2.3906909219
nc73510310,NC,MCV,,EHZ,-1,135.0,,150.9,,3.748380975686
nc73510310,NC,MCB,,HHZ,1,125.0,,303.8,,4.984868559478
nc73510310,NC,MLC,,EHZ,1,120.0,,261.9,,5.836621697234
nc73510310,NC,MLH,,EHZ,1,112.0,,25.0,,7.241013620192
nc73510320,NC,MCB,,HHZ,1,155.0,,307.3,,1.754655941748
nc73510320,NC,MCS,,EHZ,1,138.0,,315.6,,3.11901769113
nc73510320,CI,MLAC,,HHZ,1,129.0,,97.4,,4.001905408334
nc73510320,NC,MDH,,HNZ,1,117.0,,333.9,,5.557522431468
nc73510320,NC,MDH1,1.0,DP1,1,117.0,,333.9,,5.557522431468
nc73510320,NC,MMX1,,HN3,1,109.0,,254.2,,7.225446330467999
nc73510320,NC,MMLB,,HHZ,-1,103.0,,287.4,,9.064610416432
nc73510320,NC,MDY,,HHZ,1,95.0,,282.6,,11.86449866822
nc73510320,NC,MLI,,HHZ,1,90.0,,271.1,,12.08688852142
nc73510320,NC,MQ1P,,EHZ,1,90.0,,258.8,,12.631743661760002
nc73510320,NC,MINS,,HHZ,-1,86.0,,277.6,,16.02318892306
nc73510320,NC,MDC,2.0,EHZ,-1,86.0,,300.5,,16.445729644140002
nc73510320,NC,MMT,,EHZ,1,72.0,,222.6,,39.01829974394
nc73510320,NC,MHD,,EHZ,1,71.0,,237.6,,106.62481511674
nc73510320,NC,MCO,,EHZ,-1,146.0,,137.9,,2.372899733644
nc73510320,NC,MCV,,EHZ,-1,111.0,,137.5,,6.762875435812
nc73510320,NC,MDPB,,HHZ,1,85.0,,269.1,,17.5132009395
nc73510320,NC,MDR,2.0,EHZ,1,129.0,,85.0,,3.998569560536
nc73510320,NC,MEM,,EHZ,-1,114.0,,303.9,,6.23803538226
nc73510320,NC,MLC,,EHZ,1,130.0,,230.1,,3.9396362494380006
nc73510320,NC,MLH,,EHZ,1,108.0,,50.1,,7.583493994119999
nc73510320,NC,MMP,,EHZ,1,90.0,,257.9,,13.33227169934
nc73510360,NC,MCV,,EHZ,-1,85.0,,4.6,,18.33604339634
nc73510360,NC,MCO,,EHZ,-1,84.0,,356.0,,21.54957677508
nc73510360,NC,MLC,,EHZ,-1,84.0,,343.6,,21.6274132237
nc73510360,NC,MDR,2.0,EHZ,-1,83.0,,2.1,,23.61780240984
nc73510360,NC,MMP,,EHZ,-1,81.0,,321.9,,26.08632978036
nc73510360,NC,MMT,,EHZ,1,78.0,,259.6,,30.05598865998
nc73510420,NC,MLC,,EHZ,1,131.0,,313.1,,5.988958746676
nc73510420,NC,MCB,,HHZ,-1,121.0,,340.3,,8.14502837345
nc73510420,NC,MMX1,,HN3,1,115.0,,299.3,,9.517173767694
nc73510420,NC,MCS,,EHZ,-1,115.0,,338.2,,9.51272597063
nc73510420,NC,MEM,,EHZ,-1,104.0,,327.1,,12.0090520728
nc73510420,NC,MDH,,HNZ,-1,104.0,,341.9,,12.19808344802
nc73510420,NC,MQ1P,,EHZ,1,102.0,,286.9,,14.366384516720002
nc73510420,NC,MMP,,EHZ,1,101.0,,284.9,,14.9001201644
nc73510420,NC,MDY,,HHZ,-1,101.0,,305.5,,15.856396533160002
nc73510420,NC,MINS,,HHZ,-1,97.0,,296.9,,19.31455875042
nc73510420,NC,MDC,2.0,EHZ,-1,92.0,,314.0,,21.54957677508
nc73510420,NC,MRC,,EHZ,1,91.0,,70.8,,33.491911891920005
nc73510420,NC,MMT,,EHZ,1,92.0,,231.4,,35.50454006338
nc73510420,NC,MMI,,EHZ,1,85.0,,257.7,,79.5599699823
nc73510420,BK,TOLH,0.0,HHZ,-1,85.0,,216.4,,86.22054608564
nc73510420,NC,MPR,,EHZ,-1,84.0,,284.5,,104.44539455538
nc73510420,NC,MHD,,EHZ,1,84.0,,241.1,,104.43427506272
nc73510420,CI,MLAC,,HHZ,1,128.0,,23.1,,6.62721762536
nc73510420,NC,MCO,,EHZ,1,139.0,,2.8,,4.852546596824
nc73510420,NC,MCV,,EHZ,1,147.0,,63.1,,3.618282911564
nc73510420,NC,MDPB,,HHZ,1,96.0,,288.7,,19.9038918614
nc73510420,NC,MDR,2.0,EHZ,1,124.0,,20.6,,7.432268893943999
nc73510420,NC,MLH,,EHZ,1,103.0,,21.2,,12.29815888196
nc73510420,NC,MMLB,,HHZ,-1,102.0,,313.0,,13.66585647914
nc73510595,NC,MMX1,,HN3,-1,95.0,,330.3,,20.71561482558
nc73510595,NC,MCB,,HHZ,-1,92.0,,347.3,,21.5162182971
nc73510595,NC,MEM,,EHZ,-1,90.0,,340.0,,24.9076635584
nc73510595,NC,MLH,,EHZ,-1,90.0,,5.7,,24.89654406574
nc73510595,NC,MDH,,HNZ,-1,90.0,,346.9,,25.58595261066
nc73510595,NC,MMLB,,HHZ,-1,90.0,,332.1,,25.61931108864
nc73510595,NC,MTU,2.0,EHZ,-1,90.0,,114.6,,27.242757017
nc73510595,NC,MMT,,EHZ,1,90.0,,253.6,,31.078981984700004
nc73510595,NC,MDC,2.0,EHZ,-1,90.0,,328.3,,33.25840254606
nc73510595,NC,MBS1,,EP1,-1,91.0,,345.3,,35.09311883496
nc73510595,NC,MCD,,EHZ,1,87.0,,73.6,,36.8055207046
nc73510595,NC,MRC,,EHZ,-1,87.0,,50.5,,38.32889119902
nc73510595,NC,MMI,,EHZ,1,86.0,,267.4,,79.82683780614
nc73510595,BK,HELL,0.0,HHZ,-1,85.0,,190.5,,87.5104072342
nc73510595,NC,MCO,,EHZ,-1,98.0,,354.5,,18.24708745506
nc73510595,NC,MCS,,EHZ,-1,90.0,,346.0,,22.82831843098
nc73510595,NC,MCV,,EHZ,-1,102.0,,4.7,,15.00019559834
nc73510595,NC,MDPB,,HHZ,-1,90.0,,313.4,,28.677171570140004
nc73510595,NC,MDR,2.0,EHZ,-1,95.0,,1.8,,20.28195461184
nc73510595,NC,MINS,,HHZ,-1,90.0,,319.0,,29.25538518846
nc73510595,NC,MLC,,EHZ,-1,98.0,,339.9,,18.53619426422
nc73510595,NC,MMP,,EHZ,-1,90.0,,316.4,,23.728997336440003
nc73510595,NC,MQ1P,,EHZ,-1,90.0,,318.1,,23.53996596122
nc73510630,NC,MCV,,EHZ,1,140.0,,54.6,,4.298795862356
nc73510630,NC,MLC,,EHZ,1,126.0,,320.4,,6.415947264820001
nc73510630,CI,MLAC,,HHZ,1,120.0,,22.5,,7.520112885957999
nc73510630,NC,MMX1,,HN3,1,112.0,,304.5,,9.727332178968
nc73510630,NC,MCS,,EHZ,1,110.0,,341.5,,10.214365957476
nc73510630,NC,MLH,,EHZ,1,100.0,,21.0,,13.19883778742
nc73510630,NC,MQ1P,,EHZ,1,100.0,,290.5,,14.366384516720002
nc73510630,NC,MMP,,EHZ,-1,99.0,,288.4,,14.87788117908
nc73510630,NC,MINS,,HHZ,-1,96.0,,299.6,,19.47023164766
nc73510630,NC,MDPB,,HHZ,1,95.0,,291.2,,19.92613084672
nc73510630,NC,MCO,,EHZ,1,130.0,,5.2,,5.72097897357
nc73510630,NC,MDR,2.0,EHZ,1,117.0,,20.4,,8.327388053074
nc73510895,NC,MTU,2.0,EHZ,1,92.0,,100.6,,21.66077170168
nc73510895,NC,MCV,,EHZ,-1,90.0,,354.3,,22.42801669522
nc73510895,NC,MLC,,EHZ,-1,90.0,,338.4,,26.664543398680003
nc73510895,NC,MDR,2.0,EHZ,1,90.0,,354.2,,27.77649266468
nc73510895,NC,MDC,2.0,EHZ,-1,84.0,,329.6,,41.353393202540005
nc73510895,NC,MBS1,,EP1,1,84.0,,343.3,,43.132512028140006
nc73511000,NC,MCV,,EHZ,-1,117.0,,349.6,,11.101701471744
nc73511000,CI,MLAC,,HHZ,-1,107.0,,350.4,,15.60064820198
nc73511000,NC,MDR,2.0,EHZ,-1,107.0,,350.9,,16.445729644140002
nc73511000,NC,MCB,,HHZ,-1,104.0,,334.9,,18.74746462476
nc73511000,NC,MMX1,,HN3,-1,103.0,,315.9,,19.43687316968
nc73511000,NC,MDH,,HNZ,1,98.0,,336.7,,22.76160147502
nc73511000,NC,MQ1P,,EHZ,-1,98.0,,305.5,,23.273098137380003
nc73511000,NC,MMP,,EHZ,1,98.0,,303.9,,23.61780240984
nc73511000,NC,MMLB,,HHZ,1,98.0,,320.8,,24.05146262358
nc73511000,NC,MTU,2.0,EHZ,-1,97.0,,125.6,,26.44215354548
nc73511000,NC,MDPB,,HHZ,-1,95.0,,303.1,,28.732769033440004
nc73511000,NC,MBS1,,EP1,1,94.0,,337.9,,32.29100668464
nc73511000,NC,MRC,,EHZ,1,93.0,,52.4,,33.28064153138
nc73511000,NC,MMT,,EHZ,1,93.0,,248.8,,35.448942600079995
nc73511000,NC,MCO,,EHZ,-1,108.0,,340.6,,14.98907610568
nc73511000,NC,MCS,,EHZ,-1,102.0,,334.3,,20.13740120726
nc73511000,NC,MLC,,EHZ,-1,107.0,,324.4,,16.47908812212
nc73511005,NC,MCV,,EHZ,1,109.0,,13.4,,10.504584715902
nc73511005,NC,MLC,,EHZ,-1,99.0,,337.9,,13.6769759718
nc73511005,NC,MDR,2.0,EHZ,1,98.0,,6.8,,15.64512617262
nc73511005,NC,MMP,,EHZ,1,95.0,,309.4,,19.60366555958
nc73511005,NC,MLH,,EHZ,-1,95.0,,10.4,,20.38203004578
nc73511005,NC,MDPB,,HHZ,-1,85.0,,307.3,,24.67415421254
nc73511005,NC,MINS,,HHZ,-1,85.0,,314.0,,24.98550000702
nc73511015,NC,MMX1,,HN3,-1,107.0,,331.7,,29.94479373338
nc73511015,NC,MCB,,HHZ,-1,107.0,,343.5,,30.61196329298
nc73511015,NC,MCS,,EHZ,-1,106.0,,342.8,,31.95742190484
nc73511015,NC,MQ1P,,EHZ,-1,105.0,,322.8,,32.51339653784
nc73511015,NC,MMT,,EHZ,1,105.0,,269.4,,33.79213819374
nc73511015,NC,MEM,,EHZ,-1,104.0,,338.6,,34.12572297354
nc73511015,NC,MDH,,HNZ,-1,104.0,,343.7,,34.68169760654
nc73511015,NC,MDH1,1.0,DP1,1,104.0,,343.7,,34.68169760654
nc73511015,NC,MCY,,EHZ,-1,103.0,,325.2,,35.61573498998
nc73511015,NC,MDPB,,HHZ,1,102.0,,318.6,,37.45045127888
nc73511015,NC,MRC,,EHZ,-1,101.0,,38.1,,41.5313050851
nc73511015,NC,MDC,2.0,EHZ,-1,100.0,,329.7,,42.46534246854
nc73511015,NC,MBS1,,EP1,1,99.0,,343.1,,44.22222230882
nc73511015,BK,TOLH,0.0,HHZ,1,92.0,,230.2,,74.48948132934001
nc73511015,NC,MHD,,EHZ,1,88.0,,253.6,,101.59880443442
nc73511015,NC,MPR,,EHZ,1,88.0,,294.1,,117.310647563
nc73511015,BK,BUCR,0.0,HHZ,1,87.0,,285.7,,123.87114823240002
nc73511015,BK,HELL,0.0,HHZ,-1,91.0,,194.4,,80.20490055658001
nc73511015,CI,MLAC,,HHZ,-1,109.0,,353.2,,27.97664353256
nc73511015,NC,MCO,,EHZ,-1,110.0,,347.9,,27.142681583060003
nc73511015,NC,MCV,,EHZ,-1,113.0,,353.3,,23.47324900526
nc73511015,NC,MDR,2.0,EHZ,-1,108.0,,353.4,,28.82172497472
nc73511015,NC,MDY,,HHZ,-1,103.0,,328.7,,36.20506810096
nc73511015,NC,MFB,,EHZ,1,105.0,,80.3,,33.14720761946
nc73511015,NC,MLC,,EHZ,-1,109.0,,338.2,,27.76537317202
nc73511015,NC,MLH,,EHZ,-1,105.0,,357.5,,33.16944660478
nc73511015,NC,MMI,,EHZ,1,91.0,,273.3,,83.85209414906
nc73511015,NC,MMLB,,HHZ,-1,104.0,,332.8,,34.8596094891
nc73511015,NC,MTU,2.0,EHZ,1,117.0,,98.1,,21.02696062006
nc73511030,NC,MTU,2.0,EHZ,1,100.0,,99.2,,21.24935047326
nc73511030,NC,MCV,,EHZ,-1,98.0,,353.6,,23.0173498062
nc73511030,NC,MCO,,EHZ,1,96.0,,348.0,,26.67566289134
nc73511030,NC,MLC,,EHZ,-1,96.0,,338.2,,27.2983544803
nc73511030,NC,MDR,2.0,EHZ,-1,95.0,,353.6,,28.36582577566
nc73511030,NC,MMX1,,HN3,1,94.0,,331.5,,29.47777504166
nc73511030,NC,MLH,,EHZ,-1,93.0,,357.7,,32.72466689838
nc73511030,NC,MMT,,EHZ,1,93.0,,268.6,,33.6364652965
nc73511035,NC,MCV,,EHZ,-1,93.0,,357.9,,21.4606208338
nc73511035,NC,MCO,,EHZ,-1,90.0,,351.4,,24.94102203638
nc73511035,NC,MLC,,EHZ,-1,90.0,,340.7,,25.33020427948
nc73511035,NC,MDR,2.0,EHZ,-1,90.0,,357.1,,26.7979773106
nc73511035,NC,MMX1,,HN3,-1,90.0,,333.4,,27.38731042158
nc73511035,NC,MMP,,EHZ,-1,91.0,,322.2,,29.967032718700004
nc73511035,NC,MMT,,EHZ,1,92.0,,265.9,,31.90182444154
nc73511035,NC,MINS,,HHZ,1,85.0,,323.5,,35.582376512
nc73511070,NC,MCV,,EHZ,-1,145.0,,313.1,,4.620149200229999
nc73511070,NC,MCO,,EHZ,-1,124.0,,315.1,,9.003453206802
nc73511070,NC,MDR,2.0,EHZ,-1,123.0,,334.9,,9.355941124124
nc73511070,NC,MLC,,EHZ,-1,111.0,,297.1,,12.33151735994
nc73511070,NC,MCB,,HHZ,1,110.0,,314.6,,13.10988184614
nc73511070,NC,MLH,,EHZ,-1,110.0,,350.7,,13.14324032412
nc73511070,NC,MCS,,EHZ,-1,109.0,,315.7,,14.48869893598
nc73511070,NC,MMX1,,HN3,1,107.0,,292.6,,16.14550334232
nc73511070,NC,MQ1P,,EHZ,1,101.0,,285.7,,21.13815554666
nc73511070,NC,MINS,,HHZ,1,97.0,,293.4,,25.95289586844
nc73511090,NC,MMX1,,HN3,-1,106.0,,332.1,,29.72240388018
nc73511090,NC,MQ1P,,EHZ,1,104.0,,323.1,,32.246528714
nc73511090,NC,MMP,,EHZ,1,104.0,,321.9,,32.37996262592
nc73511090,NC,MEM,,EHZ,-1,103.0,,339.0,,33.925572105659995
nc73511090,NC,MDH,,HNZ,-1,103.0,,344.2,,34.50378572398
nc73511090,NC,MDH1,1.0,DP1,-1,103.0,,344.2,,34.50378572398
nc73511090,NC,MDPB,,HHZ,1,101.0,,318.9,,37.17246396238
nc73511090,NC,MINS,,HHZ,-1,101.0,,323.1,,37.99530641922
nc73511090,NC,MLM,,EHZ,-1,100.0,,341.7,,40.61950668698
nc73511090,NC,MRC,,EHZ,-1,99.0,,38.5,,41.65361950436
nc73511090,NC,MDC,2.0,EHZ,-1,99.0,,330.0,,42.23183312268
nc73511090,NC,MBS1,,EP1,1,98.0,,343.5,,44.04431042626
nc73511090,BK,OVRO,0.0,HHZ,1,97.0,,109.8,,48.91464821134
nc73511090,CI,TIN,,HHZ,1,94.0,,125.5,,62.35811483728
nc73511090,NC,MHD,,EHZ,1,88.0,,253.5,,101.33193661058
nc73511090,BK,KARE,0.0,HHZ,1,88.0,,215.8,,107.09183380846
nc73511090,NC,MPR,,EHZ,1,87.0,,294.2,,116.9770627832
nc73511090,CI,CWC,,HHZ,1,87.0,,148.3,,122.6480040398
nc73511090,BK,BUCR,0.0,HHZ,1,86.0,,285.7,,123.5375634526
nc73511090,CI,SPG2,,HHZ,-1,86.0,,178.6,,130.9876235348
nc73511090,BK,HELL,0.0,HHZ,-1,90.0,,194.2,,80.2271395419
nc73511090,BK,LIND,0.0,HHZ,-1,87.0,,191.3,,116.3098932236
nc73511090,CI,MLAC,,HHZ,-1,107.0,,353.8,,27.843209620640003
nc73511090,NC,MCB,,HHZ,-1,105.0,,344.0,,30.44517090308
nc73511090,NC,MCO,,EHZ,-1,108.0,,348.5,,26.98700868582
nc73511090,NC,MCS,,EHZ,-1,104.0,,343.3,,31.77951002228
nc73511090,NC,MCV,,EHZ,-1,112.0,,354.1,,23.350934586
nc73511090,NC,MDR,2.0,EHZ,-1,107.0,,354.0,,28.69941055546
nc73511090,NC,MFB,,EHZ,1,103.0,,80.6,,33.43631442862
nc73511090,NC,MLC,,EHZ,-1,108.0,,338.7,,27.56522230414
nc73511090,NC,MLH,,EHZ,-1,104.0,,358.0,,33.06937117084
nc73511090,NC,MMI,,EHZ,1,90.0,,273.3,,83.54074835458
nc73511090,NC,MMLB,,HHZ,-1,103.0,,333.2,,34.6372196359
nc73511090,NC,MMT,,EHZ,1,103.0,,269.2,,33.48079239926
nc73511090,NC,MTU,2.0,EHZ,1,114.0,,98.2,,21.33830641454
nc73511100,NC,MCV,,EHZ,-1,126.0,,1.0,,7.015287919193999
nc73511100,CI,MLAC,,HHZ,-1,109.0,,357.6,,11.48643591778
nc73511100,NC,MDR,2.0,EHZ,-1,104.0,,357.8,,12.3426368526
nc73511100,NC,MMX1,,HN3,-1,102.0,,311.4,,15.18922697356
nc73511100,NC,MLH,,EHZ,1,100.0,,4.6,,16.9016288432
nc73511100,NC,MQ1P,,EHZ,-1,97.0,,299.7,,19.37015621372
nc73511100,NC,MMLB,,HHZ,-1,97.0,,318.4,,19.69262150086
nc73511100,NC,MDPB,,HHZ,1,90.0,,298.2,,24.9076635584
nc73511100,NC,MCO,,EHZ,-1,112.0,,344.4,,10.623563287364
nc73511100,NC,MLC,,EHZ,-1,104.0,,321.8,,12.07576902876
nc73511215,NC,MMP,,EHZ,1,99.0,,344.9,,11.5086749031
nc73511215,NC,MLC,,EHZ,1,93.0,,31.5,,13.36563017732
nc73511215,NC,MCV,,EHZ,1,94.0,,58.5,,17.135138189059997
nc73511355,NC,MCV,,EHZ,1,142.0,,42.9,,4.15313050851
nc73511355,NC,MCO,,EHZ,-1,128.0,,358.6,,6.254714621250001
nc73511355,NC,MLC,,EHZ,1,123.0,,319.1,,7.27770794597
nc73511355,NC,MCB,,HHZ,-1,113.0,,340.9,,9.602793861176002
nc73511355,NC,MMX1,,HN3,-1,110.0,,304.9,,10.600212352778
nc73511355,NC,MCS,,EHZ,1,109.0,,339.0,,10.966043661292
nc73511355,NC,MLH,,EHZ,1,101.0,,17.5,,13.49906408924
nc73511355,NC,MQ1P,,EHZ,1,100.0,,291.6,,15.20034646622
nc73511355,NC,MINS,,HHZ,1,95.0,,300.0,,20.33755207514
nc73511355,NC,MDPB,,HHZ,1,94.0,,292.0,,20.76009279622
nc73511355,NC,MDC,2.0,EHZ,1,90.0,,315.8,,22.81719893832
nc73511355,NC,MMT,,EHZ,1,83.0,,233.7,,34.9708044157
nc73511470,NC,MMX1,,HN3,1,112.0,,115.6,,4.18092924016
nc73511470,NC,MDPB,,HHZ,1,95.0,,269.0,,6.785114421132
nc73511470,NC,MDR,2.0,EHZ,1,86.0,,87.9,,14.72220828184
nc73511470,NC,MCV,,EHZ,-1,84.0,,107.4,,16.045427908380002
nc73511485,NC,MDR,2.0,EHZ,-1,171.0,,95.9,,1.120844860128
nc73511485,NC,MCO,,EHZ,-1,161.0,,209.8,,2.561931108864
nc73511485,NC,MGPB,,EHZ,1,146.0,,253.3,,5.010443392596001
nc73511485,NC,MCV,,EHZ,-1,142.0,,162.6,,5.699851937516
nc73511485,NC,MCB,,HHZ,-1,150.0,,278.0,,4.30880340575
nc73511500,NC,MLH,,EHZ,1,139.0,,29.2,,6.012309681262
nc73511500,NC,MDH,,HNZ,-1,131.0,,315.3,,7.575710349257999
nc73511500,NC,MDH1,1.0,DP1,1,131.0,,315.3,,7.575710349257999
nc73511500,NC,MEM,,EHZ,1,126.0,,295.6,,8.943407946438
nc73511500,NC,MMX1,,HN3,1,122.0,,260.9,,9.96306542336
nc73511500,NC,MINS,,HHZ,1,105.0,,277.7,,18.92537650732
nc73511500,NC,MMT,,EHZ,1,92.0,,225.9,,40.76406009156
nc73511500,BK,TOLH,0.0,HHZ,-1,87.0,,214.9,,92.15835516608
nc73511500,NC,MHD,,EHZ,1,86.0,,238.6,,108.87095263406
nc73511500,CI,MLAC,,HHZ,-1,171.0,,96.7,,1.0918229842854
nc73511500,NC,MCB,,HHZ,-1,147.0,,288.8,,4.52007376629
nc73511500,NC,MCO,,EHZ,-1,165.0,,223.2,,1.882530107338
nc73511500,NC,MCS,,EHZ,-1,140.0,,297.4,,5.703187785314
nc73511500,NC,MCV,,EHZ,-1,145.0,,159.8,,4.889240922602
nc73511500,NC,MDPB,,HHZ,1,104.0,,270.4,,20.393149538440003
nc73511500,NC,MDR,2.0,EHZ,-1,169.0,,56.1,,1.32321962654
nc73511500,NC,MGPB,,EHZ,-1,145.0,,263.1,,4.851434647558
nc73511500,NC,MLC,,EHZ,-1,137.0,,250.1,,6.284737251432
nc73511500,NC,MMP,,EHZ,1,109.0,,261.4,,16.101025371680002
nc73511500,NC,MQ1P,,EHZ,1,109.0,,262.3,,15.41161682676
nc73511525,CI,MLAC,,HHZ,-1,174.0,,96.3,,0.824510380739
nc73511525,NC,MCO,,EHZ,-1,165.0,,229.3,,2.048210547972
nc73511525,NC,MCB,,HHZ,-1,147.0,,288.2,,4.783605742332
nc73511525,NC,MCV,,EHZ,1,148.0,,162.6,,4.768038452608001
nc73511525,NC,MCS,,EHZ,1,141.0,,296.5,,5.955600268696
nc73511525,NC,MLC,,EHZ,1,138.0,,251.2,,6.522694394356
nc73511525,NC,MMX1,,HN3,1,123.0,,261.3,,10.21881375454
nc73511525,NC,MQ1P,,EHZ,1,111.0,,262.6,,15.66736515794
nc73511525,NC,MMP,,EHZ,1,111.0,,261.7,,16.35677370286
nc73511525,NC,MDPB,,HHZ,1,105.0,,270.5,,20.66001736228
nc73511525,NC,MMT,,EHZ,1,93.0,,226.2,,40.9197329888
nc73511525,NC,MDR,2.0,EHZ,-1,171.0,,47.1,,1.137524099118
nc73511540,NP,1679,10.0,HNZ,-1,107.0,,58.1,,24.7408711685
nc73511540,NP,1589,10.0,HNZ,1,107.0,,102.8,,25.14117290426
nc73511540,NC,MRC,,EHZ,-1,102.0,,16.5,,30.44517090308
nc73511540,BK,OVRO,0.0,HHZ,1,100.0,,125.0,,34.88184847442
nc73511540,NC,MCB,,HHZ,1,99.0,,315.4,,36.54977237342
nc73511540,NC,MMLB,,HHZ,1,97.0,,310.1,,43.021317101540006
nc73511540,NC,MDY,,HHZ,1,96.0,,307.6,,45.23409614088
nc73511540,NC,MINS,,HHZ,1,95.0,,304.1,,48.46986850494
nc73511540,NC,MBS1,,EP1,-1,95.0,,322.6,,49.08144060124
nc73511540,NC,MDC,2.0,EHZ,1,94.0,,310.9,,50.871678919500006
nc73511540,BK,TOLH,0.0,HHZ,1,89.0,,235.6,,90.20132445792
nc73511540,NC,MHD,,EHZ,1,86.0,,254.4,,118.978571462
nc73511540,BK,HELL,0.0,HHZ,-1,89.0,,204.6,,89.20057011852
nc73511540,BK,LIND,0.0,HHZ,-1,86.0,,199.0,,124.09353808560002
nc73511540,CI,MLAC,,HHZ,1,102.0,,320.2,,31.768390529620003
nc73511540,CI,SPG2,,HHZ,-1,85.0,,186.1,,135.101835819
nc73511540,NC,MCD,,EHZ,-1,112.0,,43.1,,20.91576569346
nc73511540,NC,MCO,,EHZ,1,101.0,,315.6,,32.44667958188
nc73511540,NC,MCS,,EHZ,1,99.0,,315.8,,37.93970895592
nc73511540,NC,MCV,,EHZ,1,104.0,,315.3,,28.05447998118
nc73511540,NC,MDPB,,HHZ,1,95.0,,300.6,,48.58106343154
nc73511540,NC,MDR,2.0,EHZ,1,101.0,,321.2,,32.424440596560004
nc73511540,NC,MEM,,EHZ,1,98.0,,314.0,,40.94197197412
nc73511540,NC,MFB,,EHZ,1,119.0,,82.4,,15.75632109922
nc73511540,NC,MGPB,,EHZ,1,100.0,,312.5,,35.53789854136
nc73511540,NC,MLC,,EHZ,1,100.0,,309.4,,35.359986658800004
nc73511540,NC,MMI,,EHZ,1,87.0,,270.9,,100.7982009629
nc73511540,NC,MMP,,EHZ,1,97.0,,300.8,,43.45497731528
nc73511540,NC,MMT,,EHZ,1,94.0,,265.8,,51.00511283142
nc73511540,NC,MPR,,EHZ,1,85.0,,289.8,,131.8771829476
nc73511540,NC,MQ1P,,EHZ,1,97.0,,301.6,,43.07691456484
nc73511540,NC,MTU,2.0,EHZ,-1,142.0,,149.9,,7.406694060826
nc73511545,NC,MINS,,HHZ,-1,100.0,,301.5,,5.061593058832
nc73511545,NC,MDPB,,HHZ,1,75.0,,272.5,,5.951152471632
nc73511545,NC,MQ1P,,EHZ,-1,129.0,,203.2,,2.080457076686
nc73511545,NC,MLC,,EHZ,-1,71.0,,103.1,,8.76771996241
nc73511545,NC,MGPB,,EHZ,1,71.0,,92.6,,9.642824034752
nc73511575,NC,MCS,,EHZ,1,166.0,,45.1,,0.8995669561940001
nc73511575,NC,MCB,,HHZ,-1,157.0,,110.4,,1.522258545154
nc73511575,NC,MGPB,,EHZ,1,141.0,,160.9,,2.714268158306
nc73511575,NC,MDH,,HNZ,1,133.0,,6.2,,3.4147961958860003
nc73511575,NC,MDH1,1.0,DP1,-1,133.0,,6.2,,3.4147961958860003
nc73511575,NC,MLC,,EHZ,1,126.0,,182.8,,4.118660081263999
nc73511575,NC,MMX1,,HN3,1,116.0,,229.1,,5.449663352666
nc73511575,NC,MCO,,EHZ,-1,116.0,,127.3,,5.544179040276
nc73511575,NC,MDR,2.0,EHZ,-1,108.0,,100.4,,6.920772231584
nc73511575,NC,MCV,,EHZ,-1,99.0,,131.6,,9.897460416666
nc73511575,NC,MQ1P,,EHZ,1,98.0,,247.0,,10.38004639811
nc73511575,NC,MMP,,EHZ,1,96.0,,246.7,,11.11393291367
nc73511575,NC,MINS,,HHZ,1,90.0,,272.3,,13.0654038755
nc73511575,NC,MDPB,,HHZ,1,91.0,,262.7,,14.80004473046
nc73511585,NC,MDH,,HNZ,-1,130.0,,318.1,,7.440052538805999
nc73511585,NC,MDH1,1.0,DP1,1,130.0,,318.1,,7.440052538805999
nc73511585,NC,MEM,,EHZ,1,125.0,,297.5,,8.693219361588
nc73511585,NC,MMX1,,HN3,1,122.0,,261.4,,9.591674368516
nc73511585,NP,1576,10.0,HNZ,-1,117.0,,127.4,,11.059447399636
nc73511585,NC,MCY,,EHZ,1,108.0,,275.3,,15.678484650599998
nc73511585,NC,MBS1,,EP1,1,107.0,,330.9,,16.66811949734
nc73511585,NC,MRC,,EHZ,1,94.0,,80.8,,30.856592131500005
nc73511585,NC,MTU,2.0,EHZ,-1,92.0,,140.3,,39.9745761127
nc73511585,NN,LHV,,HHZ,1,88.0,,23.7,,75.43463820544
nc73511585,NC,MMI,,EHZ,1,87.0,,253.7,,82.19528974271999
nc73511585,NC,MPR,,EHZ,1,86.0,,281.1,,104.25636318016
nc73511585,BK,BUCR,0.0,HHZ,-1,85.0,,272.8,,114.6419693246
nc73511585,BK,HELL,0.0,HHZ,1,86.0,,188.2,,106.51362019014
nc73511585,BK,LIND,0.0,HHZ,1,83.0,,187.3,,142.885480681
nc73511585,BK,TOLH,0.0,HHZ,1,87.0,,214.7,,91.83588987894
nc73511585,CI,MLAC,,HHZ,-1,168.0,,89.2,,1.437750400938
nc73511585,NC,MCB,,HHZ,-1,148.0,,292.2,,4.2409745005240005
nc73511585,NC,MCO,,EHZ,-1,167.0,,217.4,,1.54004973341
nc73511585,NC,MCS,,EHZ,-1,140.0,,300.5,,5.46523064239
nc73511585,NC,MCV,,EHZ,-1,144.0,,155.3,,4.888128973336
nc73511585,NC,MDC,2.0,EHZ,1,104.0,,298.0,,18.91425701466
nc73511585,NC,MDPB,,HHZ,1,103.0,,270.8,,20.04844526598
nc73511585,NC,MDR,2.0,EHZ,-1,166.0,,58.6,,1.700170427714
nc73511585,NC,MDY,,HHZ,1,109.0,,282.5,,14.44422096534
nc73511585,NC,MGPB,,EHZ,-1,146.0,,264.4,,4.484491389777999
nc73511585,NC,MHD,,EHZ,1,85.0,,238.6,,108.49288988362
nc73511585,NC,MINS,,HHZ,1,104.0,,278.3,,18.60291122018
nc73511585,NC,MLC,,EHZ,-1,138.0,,250.3,,5.902226703928
nc73511585,NC,MLH,,EHZ,1,136.0,,31.3,,6.318095729412001
nc73511585,NC,MLI,,HHZ,1,109.0,,273.0,,14.63325234056
nc73511585,NC,MMLB,,HHZ,1,115.0,,286.2,,11.64210881502
nc73511585,NC,MMP,,EHZ,1,108.0,,261.8,,15.7340821139
nc73511585,NC,MMT,,EHZ,1,91.0,,225.7,,40.39711683378
nc73511585,NC,MQ1P,,EHZ,1,108.0,,262.7,,15.04467356898
nc73511610,NC,MDR,2.0,EHZ,1,164.0,,76.7,,1.915888585318
nc73511610,NC,MCB,,HHZ,1,151.0,,288.2,,3.700567157248
nc73511610,NC,MCS,,EHZ,-1,143.0,,298.4,,4.888128973336
nc73511610,NC,MLC,,EHZ,1,139.0,,244.6,,5.690956343388001
nc73511610,NC,MLH,,EHZ,1,136.0,,36.7,,6.18243791896
nc73511610,NC,MMX1,,HN3,1,123.0,,258.3,,9.263649335046
nc73511610,NC,MQ1P,,EHZ,1,108.0,,260.8,,14.69996929652
nc73511610,NC,MMP,,EHZ,1,108.0,,259.9,,15.400497334100002
nc73511610,NC,MINS,,HHZ,1,105.0,,277.0,,18.13589252846
nc73511610,NC,MDPB,,HHZ,1,103.0,,269.5,,19.6259045449
nc73511610,NC,MMT,,EHZ,1,91.0,,224.9,,40.4193558191
nc73511615,NC,MQ1P,,EHZ,1,154.0,,12.8,,9.159126104042
nc73511615,NC,MCY,,EHZ,-1,145.0,,6.2,,12.35375634526
nc73511615,NC,MINS,,HHZ,-1,144.0,,353.8,,13.55466155254
nc73511650,NC,MMX1,,HN3,1,126.0,,195.1,,4.06973431356
nc73511650,NC,MLC,,EHZ,1,116.0,,147.6,,5.317341390012
nc73511650,NC,MQ1P,,EHZ,1,104.0,,235.8,,7.854809615023999
nc73511650,NC,MMP,,EHZ,1,102.0,,236.3,,8.587584181318
nc73511650,NC,MDPB,,HHZ,1,94.0,,259.1,,11.8422596829
nc73511685,NC,MDR,2.0,EHZ,1,175.0,,73.7,,0.5784360081732001
nc73511685,NC,MCO,,EHZ,1,161.0,,223.2,,2.673126035464
nc73511685,NC,MLH,,EHZ,1,145.0,,27.1,,5.24840053552
nc73511685,NC,MCV,,EHZ,-1,145.0,,167.4,,5.286206810564
nc73511685,NC,MLC,,EHZ,-1,137.0,,247.2,,6.9997206294700005
nc73511695,NC,MCV,,EHZ,-1,85.0,,319.4,,18.513955278900003
nc73511695,NC,MCO,,EHZ,-1,83.0,,319.0,,22.89503538694
nc73511695,NC,MDR,2.0,EHZ,-1,83.0,,326.9,,23.1285447328
nc73511695,NC,MLC,,EHZ,-1,80.0,,310.1,,25.67490855194
nc73511695,NC,MMT,,EHZ,1,72.0,,257.4,,44.21110281616
nc73511695,NC,MLH,,EHZ,1,80.0,,335.7,,26.1864052143
nc73511695,NC,MCB,,HHZ,1,80.0,,318.2,,26.98700868582
nc73511695,NC,MCS,,EHZ,-1,79.0,,318.6,,28.388064760980004
nc73511695,NC,MMX1,,HN3,1,78.0,,306.0,,29.121951276540003
nc73511695,NC,MEM,,EHZ,-1,77.0,,316.0,,31.33473031588
nc73511695,NC,MQ1P,,EHZ,1,75.0,,299.9,,33.44743392128
nc73511695,NC,MDY,,HHZ,1,74.0,,307.6,,35.53789854136
nc73511695,NC,MINS,,HHZ,1,73.0,,303.2,,38.79590989074
nc73511695,NC,MDPB,,HHZ,-1,73.0,,298.9,,38.9738217733
nc73511695,NC,MDC,2.0,EHZ,-1,72.0,,311.7,,41.20883979796
nc73511705,NC,MLH,,EHZ,1,140.0,,30.1,,5.851077037692
nc73511705,NC,MDH1,1.0,DP1,-1,133.0,,314.3,,7.44450033587
nc73511705,NC,MMX1,,HN3,1,123.0,,259.8,,9.994200002808
nc73511705,NC,MLI,,HHZ,1,110.0,,271.7,,14.977956613019998
nc73511705,NC,MQ1P,,EHZ,1,110.0,,261.7,,15.43385581208
nc73511705,NC,MCY,,EHZ,1,109.0,,274.0,,16.00094993774
nc73511705,NC,MBS1,,EP1,1,109.0,,329.3,,16.55692457074
nc73511705,NC,MRC,,EHZ,-1,96.0,,81.3,,30.45629039574
nc73511705,NN,LHV,,HHZ,-1,88.0,,23.6,,74.98985849904
nc73511705,NC,MMI,,EHZ,1,87.0,,253.5,,82.62894995646
nc73511705,NC,MPR,,EHZ,1,86.0,,280.9,,104.53435049666
nc73511705,BK,HELL,0.0,HHZ,1,86.0,,188.4,,106.89168294058
nc73511705,BK,BUCR,0.0,HHZ,1,85.0,,272.6,,114.9755541044
nc73511705,BK,LIND,0.0,HHZ,1,83.0,,187.5,,143.2190654608
nc73511705,BK,TOLH,0.0,HHZ,1,87.0,,214.8,,92.30290857066
nc73511705,CI,MLAC,,HHZ,-1,171.0,,106.1,,1.12862850499
nc73511705,NC,MCB,,HHZ,-1,148.0,,286.5,,4.46447630299
nc73511705,NC,MCO,,EHZ,-1,164.0,,219.6,,2.020411816322
nc73511705,NC,MCS,,EHZ,-1,141.0,,295.7,,5.62090353963
nc73511705,NC,MCV,,EHZ,-1,144.0,,160.5,,5.062705008098
nc73511705,NC,MDC,2.0,EHZ,1,106.0,,296.7,,19.08104940456
nc73511705,NC,MDPB,,HHZ,1,104.0,,269.8,,20.393149538440003
nc73511705,NC,MDR,2.0,EHZ,-1,170.0,,63.3,,1.229815888196
nc73511705,NC,MDY,,HHZ,1,111.0,,281.0,,14.72220828184
nc73511705,NC,MEM,,EHZ,1,127.0,,294.6,,8.864459548552
nc73511705,NC,MHD,,EHZ,1,86.0,,238.5,,108.971028068
nc73511705,NC,MINS,,HHZ,1,106.0,,277.1,,18.903137522
nc73511705,NC,MLC,,EHZ,1,138.0,,248.5,,6.34923030886
nc73511705,NC,MMLB,,HHZ,1,117.0,,284.2,,11.8978571462
nc73511705,NC,MMP,,EHZ,1,109.0,,260.8,,16.13438384966
nc73511705,NC,MMT,,EHZ,1,92.0,,225.7,,40.886374510820005
nc73511720,CI,MLAC,,HHZ,1,161.0,,112.0,,2.3261978644720003
nc73511720,NC,MCB,,HHZ,1,155.0,,282.5,,3.2846981317640003
nc73511720,NC,MCS,,EHZ,1,147.0,,295.2,,4.412214687488
nc73511720,NC,MLC,,EHZ,1,140.0,,239.2,,5.62646328596
nc73511720,NC,MCV,,EHZ,1,138.0,,152.6,,6.003414087134001
nc73511720,NC,MLH,,EHZ,1,138.0,,41.6,,6.034548666582
nc73511720,NC,MDH1,1.0,DP1,1,136.0,,317.5,,6.298080642624001
nc73511720,NC,MQ1P,,EHZ,1,109.0,,258.8,,14.46645995066
nc73511720,NC,MMP,,EHZ,1,109.0,,258.1,,15.1781074809
nc73511720,NC,MDPB,,HHZ,1,104.0,,268.2,,19.32567824308
nc73511720,NC,MMT,,EHZ,1,92.0,,224.1,,40.51943125304
nc73511725,CI,MLAC,,HHZ,-1,173.0,,106.4,,0.7158729374508
nc73511725,NC,MDR,2.0,EHZ,-1,171.0,,46.6,,0.9648383781082
nc73511725,NC,MCO,,EHZ,-1,160.0,,229.3,,2.221674633468
nc73511725,NC,MCV,,EHZ,-1,141.0,,164.5,,4.8369793071
nc73511725,NC,MLH,,EHZ,1,135.0,,26.1,,5.761009147146001
nc73511725,NC,MCS,,EHZ,1,134.0,,295.0,,6.02676502172
nc73511725,NC,MLC,,EHZ,1,130.0,,250.7,,6.683927037926
nc73511780,NC,MMX1,,HN3,-1,96.0,,319.4,,19.31455875042
nc73511780,NC,MLH,,EHZ,-1,93.0,,0.5,,21.44950134114
nc73511780,NC,MEM,,EHZ,-1,90.0,,331.7,,22.80607944566
nc73511780,NC,MQ1P,,EHZ,-1,90.0,,308.3,,22.93951335758
nc73511780,NC,MDH,,HNZ,-1,90.0,,339.5,,23.05070828418
nc73511780,NC,MMP,,EHZ,-1,90.0,,306.6,,23.25085915206
nc73511780,NC,MMLB,,HHZ,-1,91.0,,323.6,,24.0181041456
nc73511780,NC,MINS,,HHZ,-1,94.0,,311.1,,28.53261816556
nc73511780,NC,MDC,2.0,EHZ,1,83.0,,321.6,,31.8573464709
nc73511780,NC,MMT,,EHZ,1,82.0,,249.3,,34.31475434876
nc73511780,NC,MMI,,EHZ,1,81.0,,265.2,,82.3398431473
nc73511780,NN,LHV,,HHZ,-1,81.0,,17.7,,89.35624301576
nc73511780,CI,MLAC,,HHZ,-1,99.0,,354.1,,16.16774232764
nc73511780,NC,MCB,,HHZ,-1,97.0,,338.3,,19.0143324486
nc73511780,NC,MCO,,EHZ,-1,100.0,,344.8,,15.37825834878
nc73511780,NC,MCS,,EHZ,-1,95.0,,337.5,,20.393149538440003
nc73511780,NC,MCV,,EHZ,-1,107.0,,354.8,,11.675467293
nc73511780,NC,MDPB,,HHZ,-1,94.0,,305.3,,28.34358679034
nc73511780,NC,MDR,2.0,EHZ,-1,98.0,,354.4,,17.02394326246
nc73511780,NC,MLC,,EHZ,-1,99.0,,328.5,,16.53468558542
nc73511985,NC,MDR,2.0,EHZ,1,163.0,,94.1,,1.869186716146
nc73511985,NC,MLH,,EHZ,1,136.0,,40.2,,5.733210415496
nc73511985,NC,MLC,,EHZ,1,135.0,,239.6,,5.957824167228001
nc73511985,NC,MDH1,1.0,DP1,1,132.0,,314.7,,6.419283112617999
nc73511985,NC,MMX1,,HN3,1,119.0,,254.9,,9.3959712977
nc73511985,NC,MQ1P,,EHZ,1,105.0,,258.6,,14.80004473046
nc73511985,NC,MMP,,EHZ,1,105.0,,257.8,,15.511692260700002
nc73511985,NC,MINS,,HHZ,1,102.0,,275.2,,18.0691755725
nc73511985,NC,MDPB,,HHZ,1,100.0,,267.8,,19.64814353022
nc73512045,NC,MCV,,EHZ,-1,142.0,,38.8,,10.47456208572
nc73512045,NC,MLC,,EHZ,-1,141.0,,354.5,,10.643578374152
nc73512050,NC,MCO,,EHZ,-1,128.0,,18.4,,13.16547930944
nc73512050,NC,MLC,,EHZ,1,133.0,,357.8,,11.7310647563
nc73512050,NC,MQ1P,,EHZ,1,125.0,,320.4,,15.3448998708
nc73512050,NC,MDPB,,HHZ,1,118.0,,313.2,,20.448747001740003
nc73512050,NC,MCV,,EHZ,-1,133.0,,37.6,,11.71994526364
nc73512065,NC,MLC,,EHZ,1,132.0,,312.8,,8.077199468224
nc73512065,NC,MDR,2.0,EHZ,-1,131.0,,7.3,,8.407448400226
nc73512065,NC,MMX1,,HN3,-1,120.0,,301.5,,11.5642723664
nc73512065,NC,MQ1P,,EHZ,1,111.0,,290.0,,16.27893725424
nc73512065,NC,MDPB,,HHZ,1,104.0,,290.8,,21.83868358424
nc73512065,NC,MMT,,EHZ,1,95.0,,234.7,,35.92708078446
nc73512080,NC,MCV,,EHZ,-1,125.0,,35.2,,12.82077503698
nc73512080,NC,MLC,,EHZ,-1,124.0,,359.1,,12.90973097826
nc73512080,NC,MMX1,,HN3,-1,123.0,,343.0,,14.07727770756
nc73512080,NC,MCO,,EHZ,-1,123.0,,17.8,,14.366384516720002
nc73512080,NC,MQ1P,,EHZ,-1,120.0,,323.7,,16.123264357
nc73512080,NC,MMP,,EHZ,-1,120.0,,321.2,,16.25669826892
nc73512080,NC,MDR,2.0,EHZ,1,119.0,,23.3,,17.1796161597
nc73512080,NC,MDPB,,HHZ,1,113.0,,316.0,,21.10479706868
nc73512080,NC,MMT,,EHZ,1,107.0,,240.6,,27.08708411976
nc73512080,NC,MTU,2.0,EHZ,1,101.0,,117.1,,34.77065354782
nc73512125,NC,MCV,,EHZ,1,143.0,,318.5,,4.406654941158
nc73512125,NC,MCO,,EHZ,1,120.0,,317.9,,8.796630643326
nc73512125,NC,MLC,,EHZ,1,106.0,,298.7,,11.99793258014
nc73512125,NC,MCB,,HHZ,1,106.0,,316.5,,12.8986114856
nc73512125,NC,MMX1,,HN3,1,103.0,,293.7,,15.77856008454
nc73512125,NC,MEM,,EHZ,1,102.0,,312.9,,17.2908110863
nc73512125,NC,MQ1P,,EHZ,1,97.0,,286.4,,20.7378538109
nc73512125,NC,MMP,,EHZ,1,96.0,,285.1,,21.27158945858
nc73512125,NC,MBS1,,EP1,1,92.0,,329.7,,25.852820434500003
nc73512125,NC,MDPB,,HHZ,1,92.0,,287.9,,26.26424166292
nc73512125,NC,MDC,2.0,EHZ,1,91.0,,307.6,,27.309473972960003
nc73512125,NC,MDR,2.0,EHZ,-1,118.0,,337.9,,9.308127305686002
nc73512125,NC,MLH,,EHZ,-1,105.0,,352.8,,13.2321962654
nc73512340,NC,MCV,,EHZ,-1,152.0,,304.8,,3.161271763238
nc73512340,NC,MCO,,EHZ,1,125.0,,312.0,,7.507881444032
nc73512340,NC,MDR,2.0,EHZ,-1,124.0,,335.9,,7.803659948788001
nc73512340,NC,MLC,,EHZ,1,112.0,,292.7,,11.060559348902
nc73512460,NC,MCV,,EHZ,-1,127.0,,34.7,,12.5650267058
nc73512460,NC,MLC,,EHZ,-1,127.0,,358.0,,12.76517757368
nc73512460,NC,MCO,,EHZ,-1,125.0,,17.1,,14.15511415618
nc73512460,NC,MDPB,,HHZ,1,115.0,,315.3,,21.16039453198
nc73512460,NC,MMT,,EHZ,1,108.0,,240.6,,27.365071436260003
nc73512500,NC,MMX1,,HN3,1,94.0,,15.8,,13.7325734351
nc73512500,NC,MCY,,EHZ,1,94.0,,351.7,,16.24557877626
nc73512500,NC,MDPB,,HHZ,1,94.0,,335.5,,16.36789319552
nc73512500,NC,MDY,,HHZ,-1,94.0,,357.2,,17.76894927068
nc73512500,NC,MCO,,EHZ,1,94.0,,42.4,,18.21372897708
nc73512500,NC,MINS,,HHZ,1,94.0,,343.4,,18.03581709452
nc73512500,NC,MMT,,EHZ,1,85.0,,229.1,,20.7378538109
nc73512500,NC,MDC,2.0,EHZ,1,83.0,,351.6,,23.7401168291
nc73512500,NC,MMLB,,HHZ,-1,94.0,,6.5,,17.980219631220002
nc73512500,NC,MEM,,EHZ,1,85.0,,16.4,,19.43687316968
nc73512500,NC,MLH,,EHZ,1,81.0,,39.4,,25.97513485376
nc73512500,NC,MMI,,EHZ,1,74.0,,262.6,,66.18322031231999
nc73512500,NC,MPR,,EHZ,1,74.0,,291.2,,95.53868093472
nc73512500,BK,BUCR,0.0,HHZ,-1,74.0,,281.3,,103.1888918848
nc73512540,NC,MCV,,EHZ,-1,97.0,,8.5,,17.47984246152
nc73512540,NC,MLC,,EHZ,-1,95.0,,345.8,,20.35979106046
nc73512540,NC,MCO,,EHZ,-1,95.0,,358.9,,20.504344465040003
nc73512540,NC,MMX1,,HN3,-1,93.0,,336.3,,22.17226836404
nc73512540,NC,MDR,2.0,EHZ,-1,92.0,,5.0,,22.69488451906
nc73512540,NC,MCB,,HHZ,-1,86.0,,351.8,,23.56220494654
nc73512540,NC,MCS,,EHZ,1,85.0,,350.4,,24.82982710978
nc73512540,NC,MLH,,EHZ,-1,83.0,,8.0,,27.37619092892
nc73512540,NC,MCY,,EHZ,-1,83.0,,327.1,,27.6319392601
nc73512540,NC,MDY,,HHZ,-1,82.0,,331.5,,28.2991088197
nc73512540,NC,MMT,,EHZ,1,82.0,,257.2,,29.16642924718
nc73512540,NC,MDPB,,HHZ,-1,82.0,,318.6,,29.38881910038
nc73512540,NC,MINS,,HHZ,-1,82.0,,323.9,,30.22278104988
nc73512540,NC,MDC,2.0,EHZ,-1,80.0,,332.2,,34.59274166526
nc73512635,NC,MCO,,EHZ,1,162.0,,202.6,,2.206107343744
nc73512635,NC,MCV,,EHZ,-1,139.0,,157.9,,5.669829307334
nc73512635,NC,MLH,,EHZ,1,139.0,,36.4,,5.692068292654
nc73512635,NC,MDH1,1.0,DP1,1,133.0,,314.0,,6.792898065994
nc73512635,NC,MEM,,EHZ,-1,126.0,,292.8,,8.26734279271
nc73512635,NC,MMX1,,HN3,1,121.0,,256.5,,9.659503273742
nc73512635,NC,MMLB,,HHZ,-1,116.0,,282.4,,11.35300200586
nc73512635,NC,MMP,,EHZ,1,107.0,,258.8,,15.7896795772
nc73512635,NC,MDC,2.0,EHZ,-1,104.0,,295.9,,18.46947730826
nc73512635,NC,MMT,,EHZ,-1,91.0,,224.8,,40.90861349614
nc73512635,NC,MCB,,HHZ,1,149.0,,281.6,,3.91962116265
nc73512635,NC,MCS,,EHZ,1,142.0,,292.9,,5.0204509359900005
nc73512635,NC,MDR,2.0,EHZ,-1,167.0,,87.4,,1.542273631942
nc73512635,NC,MLC,,EHZ,1,136.0,,242.8,,6.144631643916
nc73512665,NC,MDR,2.0,EHZ,-1,168.0,,164.5,,1.522258545154
nc73512665,NC,MLH,,EHZ,1,153.0,,36.4,,3.783963352198
nc73512665,NC,MCB,,HHZ,1,145.0,,261.4,,5.028234580852001
nc73512665,NC,MCS,,EHZ,1,141.0,,274.1,,5.774352538337999
nc73512665,NC,MCV,,EHZ,-1,136.0,,171.6,,6.86072697122
nc73512665,NC,MLC,,EHZ,1,131.0,,236.6,,7.898175636397999
nc73512670,NC,MDR,2.0,EHZ,-1,169.0,,159.3,,1.1920096131520002
nc73512670,CI,MLAC,,HHZ,-1,162.0,,168.4,,2.01818791779
nc73512670,NC,MLH,,EHZ,1,147.0,,33.7,,4.0797418569540005
nc73512670,NC,MCB,,HHZ,-1,141.0,,265.4,,4.973749066818
nc73512670,NC,MCS,,EHZ,-1,137.0,,277.6,,5.795479574392
nc73512670,NC,MCV,,EHZ,-1,133.0,,171.0,,6.51602269876
nc73512670,NC,MLC,,EHZ,1,127.0,,238.8,,7.698024768518
nc73512700,NC,MCV,,EHZ,1,99.0,,12.3,,11.286285049900002
nc73512700,NC,MCO,,EHZ,1,93.0,,357.7,,14.25518959012
nc73512700,NC,MLC,,EHZ,-1,93.0,,339.0,,14.44422096534
nc73512700,NC,MMP,,EHZ,-1,84.0,,311.1,,20.15964019258
nc73512760,NC,MMP,,EHZ,1,124.0,,354.6,,7.103131911208001
nc73512760,NC,MMX1,,HN3,1,114.0,,34.4,,9.578330977324
nc73512760,NC,MCY,,EHZ,1,110.0,,356.3,,10.782572032402
nc73512760,NC,MDPB,,HHZ,1,110.0,,331.9,,10.868192125884
nc73512760,NC,MDY,,HHZ,1,102.0,,3.6,,12.46495127186
nc73512760,NC,MINS,,HHZ,1,102.0,,343.7,,12.46495127186
nc73512760,NC,MCO,,EHZ,1,99.0,,59.7,,16.156622834980002
nc73512760,NC,MCV,,EHZ,1,98.0,,73.8,,17.65775434408
nc73512760,NC,MDC,2.0,EHZ,1,97.0,,354.3,,18.25820694772
nc73512760,NC,MMT,,EHZ,1,90.0,,216.6,,23.50660748324
nc73512870,NC,MCV,,EHZ,1,142.0,,311.5,,5.269527571574001
nc73512870,NC,MCO,,EHZ,1,122.0,,314.1,,9.647271831816
nc73512870,NC,MDR,2.0,EHZ,-1,121.0,,332.8,,9.909691858592002
nc73512870,NC,MLC,,EHZ,1,111.0,,297.3,,12.99868691954
nc73512870,NC,MLH,,EHZ,-1,110.0,,348.6,,13.57690053786
nc73512885,NC,MCV,,EHZ,1,142.0,,306.9,,5.011555341862
nc73512885,NC,MCO,,EHZ,1,122.0,,311.7,,9.363724768986
nc73512885,NC,MLC,,EHZ,1,109.0,,295.3,,12.8430140223
nc73512885,NC,MLH,,EHZ,-1,109.0,,347.9,,13.1210013388
nc73512885,NC,MCB,,HHZ,-1,109.0,,312.3,,13.47682510392
nc73512910,NC,MCV,,EHZ,1,171.0,,213.4,,0.4177593392362
nc73512910,CI,MLAC,,HHZ,-1,120.0,,348.5,,4.195384580618
nc73512910,NC,MCO,,EHZ,1,119.0,,311.8,,4.311027304282
nc73512910,NC,MDR,2.0,EHZ,-1,113.0,,350.6,,5.040466022778
nc73512910,NC,MLC,,EHZ,1,99.0,,285.1,,8.118341591066
nc73512910,NC,MLH,,EHZ,-1,96.0,,6.1,,9.532741057418
nc73512950,NC,MMX1,,HN3,1,113.0,,306.8,,10.547950737276
nc73512950,NC,MCS,,EHZ,-1,111.0,,340.7,,11.11949266
nc73512950,NC,MDH,,HNZ,1,103.0,,343.5,,13.83264886904
nc73512950,NC,MQ1P,,EHZ,1,102.0,,292.9,,15.066912554300002
nc73512950,NC,MINS,,HHZ,1,96.0,,301.0,,20.24859613386
nc73512950,NC,MDC,2.0,EHZ,-1,90.0,,316.7,,22.83943792364
nc73512950,NC,MRC,,EHZ,1,90.0,,68.0,,33.93669159832
nc73512950,NC,MMT,,EHZ,1,90.0,,233.8,,34.61498065058
nc73512950,BK,TOLH,0.0,HHZ,1,86.0,,217.2,,84.97516290772
nc73512950,CI,MLAC,,HHZ,1,121.0,,17.6,,8.137244728588
nc73512950,NC,MCB,,HHZ,-1,115.0,,342.8,,9.770698200342
nc73512950,NC,MCO,,EHZ,1,129.0,,0.8,,6.511574901696
nc73512950,NC,MCV,,EHZ,1,142.0,,43.0,,4.513402070694
nc73512950,NC,MDR,2.0,EHZ,1,118.0,,16.0,,8.96787083029
nc73512950,NC,MDY,,HHZ,-1,100.0,,309.8,,16.99058478448
nc73512950,NC,MEM,,EHZ,-1,103.0,,330.4,,13.5101835819
nc73512950,NC,MLC,,EHZ,1,125.0,,321.9,,7.317738119545999
nc73512950,NC,MLH,,EHZ,1,103.0,,18.2,,13.82152937638
nc73512950,NC,MMLB,,HHZ,-1,102.0,,317.3,,14.94459813504
nc73512950,NC,MMP,,EHZ,1,101.0,,290.8,,15.54505073868
nc73512990,NC,MCV,,EHZ,-1,90.0,,355.1,,12.69846061772
nc73512990,NC,MCO,,EHZ,-1,86.0,,345.7,,16.390132180840002
nc73512990,NC,MLC,,EHZ,-1,85.0,,330.2,,17.43536449088
nc73512990,NC,MDR,2.0,EHZ,-1,85.0,,354.7,,18.05805607984
nc73512990,NC,MMP,,EHZ,1,81.0,,308.6,,23.89578972634
nc73512990,NC,MTU,2.0,EHZ,-1,79.0,,121.3,,26.26424166292
nc73512990,NC,MMT,,EHZ,1,74.0,,251.0,,33.98116956896
nc73513080,NC,MLC,,EHZ,-1,130.0,,314.7,,5.86553237815
nc73513080,NC,MMX1,,HN3,1,114.0,,300.1,,9.355941124124
nc73513080,NC,MCS,,EHZ,-1,114.0,,339.5,,9.472695797054
nc73513080,NC,MEM,,EHZ,-1,106.0,,328.0,,11.931215624180002
nc73513080,NC,MDH,,HNZ,1,102.0,,342.9,,12.1758444627
nc73513080,NC,MQ1P,,EHZ,1,101.0,,287.3,,14.1773531415
nc73513080,NC,MMP,,EHZ,1,100.0,,285.3,,14.71108878918
nc73513080,NC,MINS,,HHZ,-1,96.0,,297.3,,19.14776636052
nc73513080,NC,MDC,2.0,EHZ,-1,93.0,,314.4,,21.42726235582
nc73513080,NC,MMT,,EHZ,1,82.0,,231.3,,35.32662818082
nc73513080,NC,MMI,,EHZ,1,81.0,,257.7,,79.34869962176
nc73513080,NC,MPR,,EHZ,-1,81.0,,284.5,,104.25636318016
nc73513080,NC,MHD,,EHZ,1,81.0,,241.0,,104.23412419484
nc73513080,BK,BUCR,0.0,HHZ,-1,81.0,,275.9,,113.6412149852
nc73513080,CI,MLAC,,HHZ,1,125.0,,24.6,,6.745084247556
nc73513080,NC,MCB,,HHZ,-1,119.0,,341.8,,8.112781844736
nc73513080,NC,MCO,,EHZ,1,136.0,,5.2,,4.9036962630600005
nc73513080,NC,MCV,,EHZ,1,144.0,,64.0,,3.81954572871
nc73513080,NC,MDPB,,HHZ,1,96.0,,288.9,,19.71486048618
nc73513080,NC,MDR,2.0,EHZ,1,122.0,,22.0,,7.542351871278
nc73513080,NC,MLH,,EHZ,1,102.0,,22.1,,12.40935380856
nc73513280,NC,MQ1P,,EHZ,-1,121.0,,221.6,,2.608632978036
nc73513280,NC,MCY,,EHZ,-1,118.0,,300.1,,2.798776302522
nc73513280,NC,MMX1,,HN3,1,99.0,,111.7,,3.98077837228
nc73513280,NC,MINS,,HHZ,-1,100.0,,296.6,,5.842181443564001
nc73513280,NC,MEM,,EHZ,1,76.0,,53.9,,6.74953204462
nc73513280,NC,MDPB,,HHZ,1,76.0,,271.8,,6.861838920486
nc73513280,NC,MLC,,EHZ,1,76.0,,104.9,,7.890391991535999
nc73513280,NC,MDC,2.0,EHZ,-1,76.0,,338.2,,9.49604673164
nc73513280,NC,MCO,,EHZ,-1,77.0,,95.9,,12.309278374620002
nc73513280,NC,MDR,2.0,EHZ,-1,76.0,,86.6,,14.65549132588
nc73513280,NC,MCB,,HHZ,1,76.0,,80.4,,9.38485180504
nc73513280,NC,MCS,,EHZ,-1,76.0,,72.1,,8.892258280202
nc73513280,NC,MDY,,HHZ,1,112.0,,343.3,,3.211309480208
nc73513280,NC,MLI,,HHZ,-1,142.0,,296.6,,1.60120694304
nc73513280,NC,MMLB,,HHZ,1,100.0,,31.9,,3.76394826541
nc73513280,NC,MMP,,EHZ,1,110.0,,226.1,,3.30804906635
nc73513430,NC,MMX1,,HN3,-1,128.0,,340.0,,14.63325234056
nc73513430,NC,MCB,,HHZ,-1,125.0,,1.8,,16.77931442394
nc73513430,NC,MQ1P,,EHZ,-1,125.0,,321.9,,16.89050935054
nc73513430,NC,MMP,,EHZ,-1,125.0,,319.4,,17.04618224778
nc73513430,NC,MDC,2.0,EHZ,1,111.0,,333.1,,26.97588919316
nc73513430,NC,MBS1,,EP1,-1,108.0,,353.0,,29.94479373338
nc73513430,NC,MRC,,EHZ,1,102.0,,60.0,,40.28592190718
nc73513430,BK,TOLH,0.0,HHZ,1,92.0,,218.4,,76.99136717784
nc73513430,CI,MLAC,,HHZ,-1,126.0,,21.1,,16.30117623956
nc73513430,NC,MCD,,EHZ,1,102.0,,81.3,,41.07540588604
nc73513430,NC,MCO,,EHZ,-1,128.0,,14.1,,14.38862350204
nc73513430,NC,MCS,,EHZ,-1,123.0,,359.2,,17.93574166058
nc73513430,NC,MCV,,EHZ,-1,131.0,,31.1,,12.55390721314
nc73513430,NC,MDPB,,HHZ,1,117.0,,314.9,,21.93875901818
nc73513430,NC,MDR,2.0,EHZ,-1,125.0,,20.1,,17.11289920374
nc73513430,NC,MEM,,EHZ,-1,121.0,,350.4,,19.44799266234
nc73513430,NC,MFB,,EHZ,1,101.0,,99.5,,42.5320594245
nc73513430,NC,MHD,,EHZ,1,91.0,,244.8,,97.37339722362
nc73513430,NC,MINS,,HHZ,1,115.0,,322.1,,22.6281675631
nc73513430,NC,MLC,,EHZ,-1,130.0,,355.3,,13.2321962654
nc73513430,NC,MLH,,EHZ,1,117.0,,20.6,,21.97211749616
nc73513430,NC,MLM,,EHZ,-1,112.0,,351.5,,26.34207811154
nc73513430,NC,MMI,,EHZ,1,93.0,,264.0,,74.86754407978
nc73513430,NC,MMT,,EHZ,1,111.0,,242.0,,27.7431341867
nc73513430,NC,MPR,,EHZ,1,88.0,,289.8,,103.97837586366
nc73513430,NC,MTU,2.0,EHZ,1,106.0,,117.4,,33.84773565704
nc73513580,NC,MQ1P,,EHZ,1,143.0,,338.9,,2.8098957951820003
nc73513580,NC,MMP,,EHZ,1,143.0,,324.0,,2.82435113564
nc73513580,NC,MMX1,,HN3,-1,120.0,,54.8,,5.401849534228
nc73513580,NC,MCY,,EHZ,1,116.0,,344.1,,6.206900802812
nc73513580,NC,MDY,,HHZ,1,109.0,,358.5,,7.647987051547999
nc73513580,NC,MDPB,,HHZ,1,108.0,,308.1,,7.782532912734
nc73513580,NC,MINS,,HHZ,1,106.0,,328.0,,8.471941457654
nc73513580,NC,MCO,,EHZ,-1,90.0,,75.6,,13.38786916264
nc73513580,NC,MDC,2.0,EHZ,1,91.0,,348.1,,13.6769759718
nc73513590,NC,MCV,,EHZ,1,141.0,,57.7,,3.240220161124
nc73513590,NC,MCO,,EHZ,1,126.0,,357.2,,4.944838385902
nc73513590,NC,MLC,,EHZ,-1,117.0,,310.8,,6.412611417022
nc73513590,NC,MDR,2.0,EHZ,1,113.0,,16.9,,7.363328039452
nc73513590,NC,MCB,,HHZ,1,108.0,,337.4,,8.407448400226
nc73513590,NC,MCS,,EHZ,1,104.0,,335.8,,9.788489388598
nc73513590,NC,MLH,,EHZ,1,93.0,,19.0,,12.22032243334
nc73513705,NC,MTU,2.0,EHZ,1,102.0,,99.9,,22.26122430532
nc73513705,NC,MDR,2.0,EHZ,-1,98.0,,355.5,,27.8543291133
nc73513705,NC,MCO,,EHZ,1,99.0,,349.9,,26.06409079504
nc73513705,NC,MINS,,HHZ,1,93.0,,323.4,,36.88335715322
nc73513705,BK,TOLH,0.0,HHZ,1,89.0,,229.1,,74.18925502752
nc73513735,NC,MCV,,EHZ,-1,92.0,,4.6,,15.22258545154
nc73513735,NC,MCO,,EHZ,-1,85.0,,354.6,,18.46947730826
nc73513735,CI,MLAC,,HHZ,-1,84.0,,1.8,,19.63702403756
nc73513735,NC,MDR,2.0,EHZ,-1,84.0,,1.8,,20.504344465040003
nc73513735,NC,MMP,,EHZ,1,82.0,,316.8,,23.89578972634
nc73513735,NC,MMT,,EHZ,1,77.0,,254.0,,31.01226502874
nc73513735,NC,MFB,,EHZ,1,73.0,,94.1,,36.7499232413
nc73513820,NC,MDR,2.0,EHZ,-1,121.0,,333.7,,9.789601337864
nc73513820,NC,MLC,,EHZ,1,110.0,,297.5,,12.80965554432
nc73513820,NC,MLH,,EHZ,-1,109.0,,349.3,,13.5101835819
nc73513820,NC,MCB,,HHZ,1,109.0,,314.4,,13.599139523180002
nc73513820,NC,MMX1,,HN3,1,106.0,,293.0,,16.61252203404
nc73513820,NC,MEM,,EHZ,1,105.0,,311.4,,18.0135781092
nc73513820,NC,MQ1P,,EHZ,1,100.0,,286.2,,21.58293525306
nc73513820,NC,MDC,2.0,EHZ,1,96.0,,306.8,,28.065599473840003
nc73513820,NC,MCO,,EHZ,1,122.0,,314.7,,9.483815289714
nc73513820,NC,MCV,,EHZ,1,142.0,,312.6,,5.102735181674
nc73513820,NC,MMLB,,HHZ,1,102.0,,303.3,,20.31531308982
nc73513825,NC,MCV,,EHZ,-1,107.0,,0.3,,20.3486715678
nc73513825,NC,MCO,,EHZ,-1,103.0,,353.1,,23.7401168291
nc73513825,NC,MLC,,EHZ,-1,102.0,,341.9,,24.00698465294
nc73513825,CI,MLAC,,HHZ,-1,102.0,,358.9,,24.81870761712
nc73513825,NC,MDR,2.0,EHZ,-1,101.0,,358.9,,25.67490855194
nc73513825,NC,MMX1,,HN3,1,101.0,,334.1,,26.00849333174
nc73513825,NC,MCS,,EHZ,1,99.0,,346.5,,28.34358679034
nc73513825,NC,MLH,,EHZ,-1,98.0,,2.6,,30.21166155722
nc73513825,NC,MMT,,EHZ,1,98.0,,263.8,,31.10122097002
nc73513825,NC,MDPB,,HHZ,-1,97.0,,318.9,,33.33623899468
nc73513825,NC,MMI,,EHZ,1,88.0,,271.3,,80.87207011618
nc73513825,NC,MPR,,EHZ,1,86.0,,293.3,,113.418825132
nc73513825,BK,BUCR,0.0,HHZ,1,85.0,,284.7,,120.3129105812
nc73513850,NC,MTU,2.0,EHZ,1,114.0,,100.0,,21.83868358424
nc73513850,NC,MCV,,EHZ,-1,112.0,,354.8,,22.572570099800004
nc73513850,NC,MCO,,EHZ,-1,109.0,,349.0,,26.1864052143
nc73513850,NC,MLC,,EHZ,-1,109.0,,338.9,,26.7423798473
nc73513850,NC,MDR,2.0,EHZ,-1,108.0,,354.6,,27.92104606926
nc73513850,NC,MMX1,,HN3,-1,107.0,,332.1,,28.88844193068
nc73513850,NC,MCS,,EHZ,1,105.0,,343.5,,30.95666756544
nc73513850,NC,MMP,,EHZ,1,105.0,,321.6,,31.56823966174
nc73513850,NC,MLH,,EHZ,-1,104.0,,358.6,,32.313245669960004
nc73513850,NC,MMT,,EHZ,1,104.0,,267.9,,33.11384914148
nc73513850,NC,MDPB,,HHZ,1,102.0,,318.5,,36.3607409982
nc73513850,BK,HELL,0.0,HHZ,-1,90.0,,193.8,,80.84983113086
nc73513850,NC,MMI,,EHZ,1,90.0,,272.8,,83.1182076335
nc73513850,NC,MHD,,EHZ,1,88.0,,253.0,,101.17626371334
nc73513850,NC,MPR,,EHZ,1,87.0,,293.9,,116.3098932236
nc73513850,BK,BUCR,0.0,HHZ,1,87.0,,285.4,,122.9815888196
nc73514130,NC,MCV,,EHZ,-1,166.0,,348.1,,0.9676182512732
nc73514130,NC,MCO,,EHZ,-1,121.0,,322.7,,5.2439527384560005
nc73514130,NC,MDR,2.0,EHZ,1,115.0,,352.8,,6.318095729412001
nc73514130,NC,MLC,,EHZ,1,106.0,,293.6,,8.518643326826
nc73514130,NC,MCB,,HHZ,1,103.0,,318.6,,9.324806544676
nc73514130,NC,MLH,,EHZ,1,99.0,,5.5,,10.823714155244
nc73514140,NC,MCV,,EHZ,-1,150.0,,332.5,,2.883284446738
nc73514140,NC,MCO,,EHZ,1,121.0,,323.3,,7.210990990010001
nc73514140,CI,MLAC,,HHZ,1,121.0,,344.6,,7.279931844502
nc73514140,NC,MDR,2.0,EHZ,1,117.0,,346.3,,8.110557946204
nc73514140,NC,MLC,,EHZ,-1,109.0,,299.4,,10.25217223252
nc73514140,NC,MLH,,EHZ,1,100.0,,359.6,,12.38711482324
nc73514140,NC,MMT,,EHZ,-1,79.0,,236.8,,38.67359547148
nc73514240,NC,MCV,,EHZ,-1,131.0,,7.5,,9.969737118956
nc73514240,NC,MCO,,EHZ,-1,121.0,,352.7,,13.19883778742
nc73514240,NC,MLC,,EHZ,-1,120.0,,333.1,,13.8437683617
nc73514240,NC,MDR,2.0,EHZ,-1,118.0,,2.7,,15.22258545154
nc73514240,NC,MMX1,,HN3,-1,117.0,,321.7,,16.4568491368
nc73514240,NC,MCB,,HHZ,-1,117.0,,343.7,,16.59028304872
nc73514240,NC,MLH,,EHZ,1,112.0,,7.4,,19.87053338342
nc73514240,NC,MQ1P,,EHZ,1,112.0,,308.5,,19.98172831002
nc73514240,NC,MDPB,,HHZ,1,106.0,,305.2,,25.39692123544
nc73514240,NC,MINS,,HHZ,-1,105.0,,311.7,,25.58595261066
nc73514240,NC,MDC,2.0,EHZ,1,102.0,,323.1,,29.010756349940003
nc73514240,NC,MMT,,EHZ,1,100.0,,245.0,,32.780264361680004
nc73514240,NC,MMI,,EHZ,1,89.0,,263.8,,80.12706410796001
nc73514240,NC,MHD,,EHZ,1,87.0,,245.6,,102.45500536924
nc73514240,NC,MPR,,EHZ,-1,87.0,,288.5,,108.61520430288
nc73514255,NC,MCV,,EHZ,-1,133.0,,355.7,,10.393389789302
nc73514255,NC,MCO,,EHZ,-1,123.0,,344.5,,14.09951669288
nc73514255,CI,MLAC,,HHZ,-1,122.0,,354.6,,14.88900067174
nc73514255,NC,MLC,,EHZ,-1,121.0,,326.9,,15.32266088548
nc73514255,NC,MDR,2.0,EHZ,-1,120.0,,355.0,,15.74520160656
nc73514255,NC,MLH,,EHZ,-1,114.0,,1.3,,20.19299867056
nc73514255,NC,MBS1,,EP1,-1,103.0,,339.6,,31.33473031588
nc73514255,NC,MMT,,EHZ,1,101.0,,247.2,,34.51490521664
nc73514275,NC,MCV,,EHZ,-1,123.0,,315.0,,17.2908110863
nc73514275,CI,MLAC,,HHZ,-1,117.0,,322.5,,21.03808011272
nc73514275,NC,MFB,,EHZ,1,113.0,,103.7,,23.82907277038
nc73514275,NC,MLC,,EHZ,-1,113.0,,306.6,,24.6852737052
nc73514275,NC,MCB,,HHZ,-1,112.0,,315.2,,25.78610347854
nc73514275,NC,MRC,,EHZ,1,110.0,,36.8,,26.9091722372
nc73514275,NC,MCS,,EHZ,-1,110.0,,315.7,,27.16492056838
nc73514275,NC,MEM,,EHZ,-1,107.0,,313.3,,30.17830307924
nc73514275,NC,MMLB,,HHZ,-1,106.0,,308.1,,32.313245669960004
nc73514275,NC,MQ1P,,EHZ,1,106.0,,296.9,,32.73578639104
nc73514275,NC,MINS,,HHZ,-1,103.0,,300.7,,37.98418692656
nc73514275,NC,MBS1,,EP1,-1,102.0,,324.5,,38.40672764764
nc73514275,NC,MDC,2.0,EHZ,1,102.0,,309.6,,40.15248799526
nc73514275,NC,MMT,,EHZ,1,100.0,,255.1,,44.8115554198
nc73514275,BK,TOLH,0.0,HHZ,1,91.0,,228.7,,88.95594128
nc73514275,NC,MMI,,EHZ,1,90.0,,266.2,,93.4593358073
nc73514275,NC,MHD,,EHZ,-1,88.0,,249.6,,114.1971896182
nc73514275,NC,MPR,,EHZ,1,87.0,,287.6,,122.2032243334
nc73514275,NC,MCO,,EHZ,-1,116.0,,315.5,,21.67189119434
nc73514275,NC,MDPB,,HHZ,1,102.0,,296.4,,38.28441322838
nc73514275,NC,MDR,2.0,EHZ,-1,116.0,,323.9,,21.71636916498
nc73514275,NC,MLH,,EHZ,-1,113.0,,333.6,,24.618556749240003
nc73514275,NC,MLM,,EHZ,-1,104.0,,320.7,,35.6379739753
nc73514275,NC,MTU,2.0,EHZ,-1,122.0,,141.5,,18.04693658718
nc73514390,NC,MDR,2.0,EHZ,-1,156.0,,146.3,,2.320638118142
nc73514390,CI,MLAC,,HHZ,-1,149.0,,155.5,,3.06897997416
nc73514390,NC,MLH,,EHZ,1,141.0,,50.5,,4.0586148209
nc73514390,NC,MCO,,EHZ,1,140.0,,195.2,,4.18092924016
nc73514390,NC,MCV,,EHZ,-1,120.0,,165.4,,7.491202205042
nc73514390,NC,MEM,,EHZ,1,118.0,,278.6,,7.96711649089
nc73514390,NC,MMX1,,HN3,1,109.0,,246.2,,10.536831244616
nc73514390,NC,MMLB,,HHZ,1,107.0,,272.2,,11.35300200586
nc73514390,NC,MBS1,,EP1,-1,99.0,,324.9,,14.366384516720002
nc73514390,NC,MMP,,EHZ,1,98.0,,252.1,,16.523566092760003
nc73514390,NC,MDC,2.0,EHZ,-1,97.0,,289.8,,17.924622167920003
nc73514390,NC,MINS,,HHZ,1,97.0,,269.5,,18.569552742200003
nc73514390,NC,MDPB,,HHZ,1,95.0,,262.8,,20.35979106046
nc73514390,NC,MCB,,HHZ,1,140.0,,253.4,,4.265437384376
nc73514390,NC,MCS,,EHZ,1,135.0,,269.4,,4.8770094806760005
nc73514390,NC,MLC,,EHZ,1,121.0,,229.9,,7.464515422658
nc73514420,NC,MFB,,EHZ,-1,124.0,,81.9,,12.83189452964
nc73514420,NP,1679,10.0,HNZ,1,111.0,,54.7,,22.17226836404
nc73514420,NP,1589,10.0,HNZ,1,110.0,,105.1,,22.37241923192
nc73514420,NC,MRC,,EHZ,1,104.0,,11.2,,29.50001402698
nc73514420,NC,MCV,,EHZ,1,103.0,,311.1,,30.01151068934
nc73514420,NC,MLH,,EHZ,1,100.0,,324.2,,36.42745795416
nc73514420,NC,MLC,,EHZ,1,99.0,,306.3,,37.50604874218
nc73514420,NC,MCB,,HHZ,1,99.0,,312.1,,38.48456409626
nc73514420,NC,MMX1,,HN3,1,98.0,,303.7,,41.04204740806
nc73514420,NC,MEM,,EHZ,1,97.0,,311.1,,42.91012217494
nc73514420,NC,MQ1P,,EHZ,1,97.0,,299.4,,45.44536650142
nc73514420,NC,MMP,,EHZ,1,97.0,,298.6,,45.85678772984
nc73514420,NC,MINS,,HHZ,1,95.0,,302.0,,50.77160348556
nc73514420,NC,MBS1,,EP1,1,95.0,,319.8,,50.7048865296
nc73514420,BK,HELL,0.0,HHZ,1,89.0,,206.3,,90.69058213496
nc73514420,NC,MMI,,EHZ,1,88.0,,270.8,,103.70038854716
nc73514420,NC,MHD,,EHZ,1,86.0,,254.7,,121.8696395536
nc73514420,NC,MPR,,EHZ,1,85.0,,289.3,,134.545861186
nc73514420,BK,LIND,0.0,HHZ,-1,86.0,,200.2,,125.3166822782
nc73514420,BK,TOLH,0.0,HHZ,1,88.0,,236.5,,92.75880776972
nc73514420,CI,TIN,,HHZ,1,95.0,,142.7,,50.10443392596
nc73514420,CI,WAS2,,HHZ,-1,82.0,,179.6,,185.9179172752
nc73514420,NC,MCO,,EHZ,1,101.0,,311.9,,34.37035181206
nc73514420,NC,MCS,,EHZ,1,99.0,,312.5,,39.84114220078
nc73514420,NC,MDPB,,HHZ,1,95.0,,298.7,,50.982873846100006
nc73514420,NC,MLM,,EHZ,-1,96.0,,316.8,,48.12516423248
nc73514420,NC,MMT,,EHZ,1,94.0,,265.8,,53.91841990834
nc73514420,NC,MTU,2.0,EHZ,-1,146.0,,173.0,,6.71061382031
nc73514515,NC,MCB,,HHZ,-1,157.0,,72.2,,2.873276903344
nc73514515,NC,MEM,,EHZ,1,153.0,,342.3,,3.444818826068
nc73514515,NC,MMX1,,HN3,-1,152.0,,232.5,,3.546006209274
nc73514515,NC,MDH,,HNZ,1,142.0,,19.2,,5.086055942684
nc73514515,NC,MDH1,1.0,DP1,-1,142.0,,19.2,,5.086055942684
nc73514515,NC,MLI,,HHZ,-1,128.0,,270.2,,7.951549201166
nc73514515,NC,MQ1P,,EHZ,-1,125.0,,252.3,,8.663196731406
nc73514515,NC,MDPB,,HHZ,-1,110.0,,268.0,,13.38786916264
nc73514515,NP,1576,10.0,HNZ,-1,106.0,,115.7,,17.15737717438
nc73514515,NC,MRC,,EHZ,-1,92.0,,83.5,,37.361495337600005
nc73514515,NC,MCD,,EHZ,-1,91.0,,102.8,,43.89975702168
nc73514515,NC,MTU,2.0,EHZ,-1,91.0,,134.3,,45.04506476566
nc73514515,NC,MFB,,EHZ,1,91.0,,117.5,,49.73749066818
nc73514515,NC,MMI,,EHZ,1,87.0,,251.7,,76.04621030173999
nc73514515,NN,LHV,,HHZ,1,87.0,,28.4,,77.72525369339999
nc73514515,NC,MHD,,EHZ,1,86.0,,236.2,,103.26672833342
nc73514515,NN,WAK,,HHZ,1,86.0,,335.3,,106.23563287364
nc73514515,BK,BUCR,0.0,HHZ,1,86.0,,272.6,,107.90355677264
nc73514515,CI,CWC,,HHZ,1,83.0,,150.3,,152.78182914840002
nc73514515,BG,STY,,DPZ,1,49.0,,292.4,,361.8282911564
nc73514515,BK,AONC,0.0,HHZ,-1,49.0,,314.3,,373.5037584494
nc73514515,BK,HAYF,0.0,HHZ,1,49.0,,312.2,,491.2591857188
nc73514515,BK,HELL,0.0,HHZ,1,86.0,,184.6,,106.48026171216
nc73514515,BK,LIND,0.0,HHZ,1,83.0,,184.6,,142.885480681
nc73514515,BK,TOLH,0.0,HHZ,1,87.0,,210.9,,88.81138787542
nc73514515,CI,ISA,,HHZ,-1,49.0,,169.4,,222.7234379798
nc73514515,CI,MLAC,,HHZ,-1,127.0,,94.9,,8.132796931524
nc73514515,CI,POR,,HHZ,-1,82.0,,182.3,,170.2394326246
nc73514515,CI,SPG2,,HHZ,-1,82.0,,174.8,,160.0094993774
nc73514515,CI,WAS2,,HHZ,1,54.0,,171.0,,213.2718692188
nc73514515,CI,WOR,,HHZ,-1,49.0,,164.0,,223.9465821724
nc73514515,NC,MBS1,,EP1,-1,109.0,,353.9,,13.899365825
nc73514515,NC,MCO,,EHZ,-1,137.0,,108.8,,6.04900400704
nc73514515,NC,MCS,,EHZ,-1,158.0,,43.6,,2.819903338576
nc73514515,NC,MCV,,EHZ,-1,120.0,,120.7,,10.12985781326
nc73514515,NC,MCY,,EHZ,-1,124.0,,274.6,,8.971206678088
nc73514515,NC,MDC,2.0,EHZ,1,110.0,,309.1,,12.93196996358
nc73514515,NC,MDR,2.0,EHZ,-1,127.0,,88.8,,8.119453540332
nc73514515,NC,MDY,,HHZ,-1,129.0,,287.9,,7.81700333998
nc73514515,NC,MINS,,HHZ,-1,114.0,,279.3,,11.8978571462
nc73514515,NC,MLC,,EHZ,-1,157.0,,157.8,,2.925538518846
nc73514515,NC,MLH,,EHZ,1,117.0,,64.8,,11.000514088538
nc73514515,NC,MMLB,,HHZ,-1,142.0,,299.1,,5.1705640869
nc73514515,NC,MMP,,EHZ,-1,123.0,,251.5,,9.389299602104
nc73514515,NC,MMT,,EHZ,1,92.0,,217.6,,36.49417491012
nc73514515,NC,PJC,1.0,EHZ,-1,53.0,,217.3,,214.050233705
nc73514520,NC,MLC,,EHZ,-1,155.0,,158.8,,2.726499600232
nc73514520,NC,MMX1,,HN3,-1,149.0,,235.8,,3.5437823107420003
nc73514520,NC,MDH,,HNZ,1,137.0,,17.4,,5.207258412678
nc73514520,NC,MDH1,1.0,DP1,-1,137.0,,17.4,,5.207258412678
nc73514520,NC,MDC,2.0,EHZ,-1,104.0,,309.3,,13.13212083146
nc73514520,NC,MCB,,HHZ,1,155.0,,68.2,,2.8187913893100003
nc73514520,NC,MCS,,EHZ,1,154.0,,39.6,,2.866605207748
nc73514520,NC,MEM,,EHZ,1,148.0,,341.3,,3.639409947618
nc73514525,NC,MMX1,,HN3,-1,153.0,,233.4,,3.340295595064
nc73514525,NC,MDH,,HNZ,1,140.0,,19.9,,5.287318759830001
nc73514525,NC,MDH1,1.0,DP1,-1,140.0,,19.9,,5.287318759830001
nc73514525,NC,MDY,,HHZ,1,128.0,,289.4,,7.74472663769
nc73514525,CI,MLAC,,HHZ,-1,125.0,,93.7,,8.251775502986
nc73514525,NC,MDR,2.0,EHZ,-1,125.0,,87.7,,8.25622330005
nc73514525,NC,MQ1P,,EHZ,-1,124.0,,253.1,,8.486396798112
nc73514525,NC,MCV,,EHZ,-1,118.0,,119.5,,10.160992392708
nc73514525,NC,MLH,,EHZ,1,115.0,,64.3,,11.18620961596
nc73514525,NC,MDPB,,HHZ,-1,108.0,,268.7,,13.24331575806
nc73514525,NC,MBS1,,EP1,-1,108.0,,354.6,,14.05503872224
nc73514525,NC,MMT,,EHZ,1,92.0,,217.6,,36.28290454958
nc73514525,NC,MHD,,EHZ,-1,85.0,,236.3,,103.05545797288
nc73514525,NC,MCB,,HHZ,-1,155.0,,69.9,,3.05230073517
nc73514525,NC,MCO,,EHZ,-1,135.0,,106.9,,6.123504607862
nc73514525,NC,MCS,,EHZ,1,155.0,,43.2,,3.032285648382
nc73514525,NC,MDC,2.0,EHZ,1,108.0,,310.0,,12.93196996358
nc73514525,NC,MEM,,EHZ,1,151.0,,345.1,,3.567133245328
nc73514525,NC,MINS,,HHZ,1,113.0,,280.3,,11.79778171226
nc73514525,NC,MLC,,EHZ,-1,157.0,,154.1,,2.8276869834380003
nc73514525,NC,MMLB,,HHZ,1,141.0,,301.5,,5.139429507452
nc73514525,NC,MMP,,EHZ,-1,122.0,,252.2,,9.211387719544
nc73514530,NC,MMX1,,HN3,-1,150.0,,234.1,,3.364758478916
nc73514530,NC,MDH,,HNZ,1,136.0,,19.4,,5.289542658362
nc73514530,NC,MDH1,1.0,DP1,1,136.0,,19.4,,5.289542658362
nc73514530,CI,MLAC,,HHZ,-1,121.0,,93.6,,8.207297532346
nc73514530,NC,MQ1P,,EHZ,-1,120.0,,253.3,,8.524203073156
nc73514530,NC,MCV,,EHZ,-1,114.0,,119.5,,10.11317857427
nc73514530,NC,MINS,,HHZ,1,109.0,,280.3,,11.8422596829
nc73514530,NC,MBS1,,EP1,-1,103.0,,354.4,,14.07727770756
nc73514530,NC,MMT,,EHZ,1,91.0,,217.6,,36.29402404224
nc73514530,NC,MMI,,EHZ,1,86.0,,251.8,,75.90165689716
nc73514530,BK,TOLH,0.0,HHZ,1,85.0,,210.9,,88.61123700754001
nc73514530,NC,MHD,,EHZ,-1,85.0,,236.3,,103.08881645086
nc73514530,NC,MCB,,HHZ,-1,153.0,,69.3,,3.017830307924
nc73514530,NC,MCO,,EHZ,-1,132.0,,106.9,,6.07680273869
nc73514530,NC,MCS,,EHZ,-1,153.0,,42.3,,3.015606409392
nc73514530,NC,MDC,2.0,EHZ,1,104.0,,310.0,,12.97644793422
nc73514530,NC,MDPB,,HHZ,1,104.0,,268.8,,13.2877937287
nc73514530,NC,MDR,2.0,EHZ,-1,121.0,,87.5,,8.212857278676
nc73514530,NC,MDY,,HHZ,1,123.0,,289.4,,7.792540456128001
nc73514530,NC,MEM,,EHZ,1,148.0,,344.5,,3.596043926244
nc73514530,NC,MLC,,EHZ,-1,155.0,,154.7,,2.7921046069260003
nc73514530,NC,MLH,,EHZ,1,111.0,,64.1,,11.16397063064
nc73514530,NC,MMLB,,HHZ,-1,137.0,,301.4,,5.18724332589
nc73514530,NC,MMP,,EHZ,-1,117.0,,252.4,,9.248082045322
nc73514535,NC,MEM,,EHZ,1,154.0,,340.0,,3.412572297354
nc73514535,NC,MMX1,,HN3,-1,152.0,,232.7,,3.683887918258
nc73514535,NC,MDH,,HNZ,1,144.0,,18.2,,4.978196863882
nc73514535,NC,MMLB,,HHZ,1,142.0,,297.8,,5.239504941392
nc73514535,NC,MDY,,HHZ,-1,129.0,,287.1,,7.907071230526001
nc73514535,NC,MDR,2.0,EHZ,-1,129.0,,89.3,,8.00047496887
nc73514535,NC,MQ1P,,EHZ,-1,126.0,,252.0,,8.797742592592
nc73514535,NC,MMP,,EHZ,-1,123.0,,251.3,,9.52384546329
nc73514535,NC,MDC,2.0,EHZ,-1,111.0,,308.5,,12.97644793422
nc73514535,NC,MDPB,,HHZ,1,111.0,,267.7,,13.49906408924
nc73514535,NC,MMT,,EHZ,1,93.0,,217.6,,36.61648932938
nc73514535,NC,MHD,,EHZ,1,86.0,,236.2,,103.40016224534
nc73514535,NC,MCB,,HHZ,-1,159.0,,72.9,,2.738731042158
nc73514535,NC,MCO,,EHZ,-1,139.0,,109.8,,5.962271964292
nc73514535,NC,MCS,,EHZ,-1,159.0,,42.8,,2.68535747739
nc73514535,NC,MLC,,EHZ,-1,157.0,,160.5,,2.95222530123
nc73514535,NC,MLH,,EHZ,1,119.0,,64.9,,10.862632379554
nc73514540,NC,MMX1,,HN3,-1,99.0,,220.3,,3.21353337874
nc73514540,NC,MLC,,EHZ,1,97.0,,148.6,,3.5237672239540005
nc73514540,NC,MDH1,1.0,DP1,1,92.0,,28.1,,5.110518826536
nc73514540,NC,MCO,,EHZ,-1,79.0,,109.2,,6.840711884432
nc73514540,NC,MMP,,EHZ,-1,43.0,,248.1,,8.799966491124
nc73514540,NC,MDR,2.0,EHZ,1,42.0,,90.8,,8.854452005158
nc73514540,NC,MCV,,EHZ,-1,40.0,,120.1,,10.91378204579
nc73514540,NC,MINS,,HHZ,1,40.0,,278.4,,11.13061215266
nc73514540,NC,MDC,2.0,EHZ,1,40.0,,310.2,,12.1758444627
nc73514540,NC,MMT,,EHZ,1,38.0,,216.4,,36.28290454958
nc73514540,NC,MCB,,HHZ,-1,97.0,,80.5,,3.520431376156
nc73514545,NP,1576,10.0,HNZ,-1,123.0,,87.4,,6.431514554544
nc73514545,NC,MCB,,HHZ,-1,107.0,,323.9,,10.653585917546
nc73514545,NC,MLH,,EHZ,1,98.0,,4.3,,12.42047330122
nc73514545,NC,MMX1,,HN3,1,98.0,,295.3,,13.09876235348
nc73514545,NC,MQ1P,,EHZ,1,96.0,,286.5,,18.02469760186
nc73514545,NC,MINS,,HHZ,1,86.0,,295.0,,22.91727437226
nc73514545,NC,MBS1,,EP1,-1,85.0,,334.1,,23.9625066823
nc73514545,NC,MDC,2.0,EHZ,1,84.0,,309.9,,24.80758812446
nc73514545,NC,MRC,,EHZ,1,80.0,,67.0,,30.51188785904
nc73514545,NC,MTU,2.0,EHZ,-1,79.0,,135.7,,33.1916855901
nc73514545,NC,MMI,,EHZ,1,77.0,,258.8,,82.85133980966
nc73514545,BK,HELL,0.0,HHZ,1,77.0,,190.1,,99.98647799872
nc73514545,NC,MPR,,EHZ,-1,77.0,,284.5,,108.11482713318
nc73514545,BK,TOLH,0.0,HHZ,-1,77.0,,218.6,,87.65496063878
nc73514545,CI,MLAC,,HHZ,1,120.0,,352.5,,7.075333179558001
nc73514545,NC,MCO,,EHZ,1,122.0,,330.3,,6.651680509212
nc73514545,NC,MCS,,EHZ,-1,98.0,,324.1,,12.05353004344
nc73514545,NC,MCV,,EHZ,-1,152.0,,352.9,,2.576386449322
nc73514545,NC,MDPB,,HHZ,1,85.0,,288.1,,23.56220494654
nc73514545,NC,MDR,2.0,EHZ,1,116.0,,353.4,,7.929310215846
nc73514545,NC,MDY,,HHZ,-1,95.0,,301.7,,19.33679773574
nc73514545,NC,MEM,,EHZ,-1,97.0,,317.6,,14.922359149720002
nc73514545,NC,MHD,,EHZ,1,77.0,,242.4,,107.12519228644
nc73514545,NC,MLC,,EHZ,1,110.0,,302.4,,9.37929205871
nc73514545,NC,MMLB,,HHZ,-1,96.0,,307.2,,16.979465291820002
nc73514545,NC,MMP,,EHZ,1,96.0,,284.9,,18.569552742200003
nc73514545,NC,MMT,,EHZ,1,77.0,,235.9,,37.82851402932
nc73514550,NC,MEM,,EHZ,-1,154.0,,338.5,,3.147928372046
nc73514550,NC,MLC,,EHZ,-1,154.0,,161.9,,3.220205074336
nc73514550,NC,MMX1,,HN3,-1,149.0,,229.3,,3.84734446036
nc73514550,NC,MDH1,1.0,DP1,-1,143.0,,19.4,,4.72022463417
nc73514550,NC,MCO,,EHZ,-1,136.0,,112.3,,6.074578840158
nc73514550,NC,MDR,2.0,EHZ,-1,126.0,,91.3,,8.016042258594
nc73514550,NC,MQ1P,,EHZ,-1,123.0,,250.3,,8.872243193414
nc73514550,NC,MMP,,EHZ,-1,120.0,,249.7,,9.602793861176002
nc73514550,NC,MCV,,EHZ,-1,118.0,,122.7,,10.225485450136
nc73514550,NC,MINS,,HHZ,1,112.0,,277.6,,11.9534546095
nc73514550,NC,MDC,2.0,EHZ,1,109.0,,307.6,,12.79853605166
nc73514550,NC,MBS1,,EP1,1,108.0,,353.4,,13.5657810452
nc73514550,NC,MMT,,EHZ,1,92.0,,217.4,,36.82775968992
nc73514550,NC,MCB,,HHZ,-1,158.0,,78.7,,2.68535747739
nc73514550,NC,MCS,,EHZ,-1,159.0,,47.4,,2.500773899234
nc73514555,NC,MLC,,EHZ,-1,155.0,,133.7,,3.927404807512
nc73514555,NC,MCS,,EHZ,-1,153.0,,60.9,,4.210951870342
nc73514555,NC,MCB,,HHZ,1,151.0,,78.9,,4.556768092068
nc73514555,NC,MDH1,1.0,DP1,-1,145.0,,35.3,,5.891107211268
nc73514555,NC,MCO,,EHZ,1,137.0,,104.6,,7.713592058242
nc73514555,NC,MCV,,EHZ,-1,123.0,,116.3,,11.65322830768
nc73514555,NC,MLH,,EHZ,1,118.0,,68.1,,12.59838518378
nc73514560,NC,MLC,,EHZ,-1,156.0,,152.7,,2.821015287842
nc73514560,NC,MCS,,EHZ,-1,153.0,,43.5,,3.100114553608
nc73514560,NC,MMX1,,HN3,-1,152.0,,233.3,,3.270242791306
nc73514560,NC,MEM,,EHZ,1,150.0,,346.1,,3.588260281382
nc73514560,NC,MDH1,1.0,DP1,-1,138.0,,20.4,,5.341804273864
nc73514560,NC,MCO,,EHZ,-1,133.0,,106.4,,6.170206477034
nc73514560,CI,MLAC,,HHZ,-1,123.0,,93.4,,8.308484915552
nc73514560,NC,MDR,2.0,EHZ,-1,123.0,,87.4,,8.317380509680001
nc73514560,NC,MMP,,EHZ,-1,120.0,,252.3,,9.144670763584
nc73514560,NC,MCV,,EHZ,-1,116.0,,119.2,,10.194350870688
nc73514560,NC,MDC,2.0,EHZ,1,107.0,,310.3,,12.90973097826
nc73514560,NC,MCB,,HHZ,-1,153.0,,69.7,,3.120129640396
nc73514575,NC,MCS,,EHZ,-1,157.0,,45.0,,2.787656809862
nc73514575,NC,MCB,,HHZ,-1,157.0,,73.7,,2.87994859894
nc73514575,NC,MLC,,EHZ,-1,156.0,,157.8,,3.004486916732
nc73514575,NC,MEM,,EHZ,-1,153.0,,342.3,,3.364758478916
nc73514575,NC,MMX1,,HN3,-1,151.0,,231.3,,3.568245194594
nc73514575,NC,MDH,,HNZ,1,142.0,,19.8,,5.02601068232
nc73514575,NC,MDH1,1.0,DP1,1,142.0,,19.8,,5.02601068232
nc73514575,NC,MMLB,,HHZ,-1,141.0,,298.6,,5.10940687727
nc73514575,NC,MCO,,EHZ,-1,136.0,,109.4,,6.100153673276
nc73514575,NC,MDY,,HHZ,1,128.0,,287.5,,7.76696562301
nc73514575,NC,MDR,2.0,EHZ,-1,126.0,,89.4,,8.147252271982
nc73514575,CI,MLAC,,HHZ,-1,126.0,,95.4,,8.168379308036
nc73514575,NC,MQ1P,,EHZ,-1,124.0,,251.7,,8.657636985076
nc73514575,NC,MMP,,EHZ,-1,121.0,,251.0,,9.38485180504
nc73514575,NC,MCV,,EHZ,-1,119.0,,121.0,,10.192126972156
nc73514575,NC,MLH,,EHZ,1,116.0,,65.2,,10.996066291474
nc73514575,NC,MDC,2.0,EHZ,1,109.0,,308.9,,12.86525300762
nc73514575,NC,MDPB,,HHZ,1,109.0,,267.7,,13.35451068466
nc73514575,NC,MBS1,,EP1,-1,108.0,,354.0,,13.82152937638
nc73514575,NC,MMT,,EHZ,1,92.0,,217.5,,36.5275333881
nc73514575,NC,MHD,,EHZ,1,85.0,,236.2,,103.27784782608
nc73514580,NC,MMX1,,HN3,-1,152.0,,230.6,,3.3958930583640003
nc73514580,NC,MEM,,EHZ,-1,152.0,,345.3,,3.390333312034
nc73514580,NC,MDH1,1.0,DP1,-1,141.0,,21.2,,5.151660949378001
nc73514580,NC,MDY,,HHZ,1,128.0,,288.3,,7.634643660356
nc73514580,NC,MQ1P,,EHZ,-1,124.0,,251.9,,8.480837051782
nc73514580,NC,MMP,,EHZ,-1,122.0,,251.1,,9.208051871746
nc73514580,NC,MCV,,EHZ,1,118.0,,120.1,,10.294426304628
nc73514580,NC,MINS,,HHZ,-1,113.0,,279.5,,11.70882577098
nc73514580,NC,MDC,2.0,EHZ,1,109.0,,309.6,,12.787416559
nc73514580,NC,MBS1,,EP1,-1,108.0,,354.7,,13.87712683968
nc73514580,NC,MMT,,EHZ,1,92.0,,217.3,,36.37186049086
nc73514580,NC,MCB,,HHZ,-1,155.0,,73.3,,3.0556365829680003
nc73514580,NC,MCO,,EHZ,-1,135.0,,108.2,,6.230251737398
nc73514580,NC,MCS,,EHZ,-1,156.0,,46.2,,2.955561149028
nc73514580,NC,MDR,2.0,EHZ,-1,125.0,,88.8,,8.310708814084
nc73514580,NC,MLC,,EHZ,-1,155.0,,154.5,,3.003374967466
nc73514585,NC,MLC,,EHZ,-1,156.0,,161.4,,3.0923309087460003
nc73514585,NC,MMX1,,HN3,-1,151.0,,230.9,,3.77506775807
nc73514585,NC,MDH,,HNZ,1,145.0,,18.7,,4.838091256366
nc73514585,NC,MDH1,1.0,DP1,-1,145.0,,18.7,,4.838091256366
nc73514585,NC,MDY,,HHZ,1,129.0,,286.1,,7.864817158418
nc73514585,NC,MDR,2.0,EHZ,-1,129.0,,90.4,,7.999363019604001
nc73514585,NC,MQ1P,,EHZ,-1,125.0,,251.1,,8.844444461764
nc73514585,NC,MMP,,EHZ,1,122.0,,250.5,,9.572771230994
nc73514585,NC,MCV,,EHZ,-1,121.0,,122.1,,10.144313153718
nc73514585,NC,MLH,,EHZ,1,119.0,,65.6,,10.800363220658
nc73514585,NC,MDC,2.0,EHZ,1,111.0,,308.0,,12.88749199294
nc73514585,NC,MDPB,,HHZ,1,110.0,,267.1,,13.5101835819
nc73514585,NC,MBS1,,EP1,-1,110.0,,353.4,,13.68809546446
nc73514585,NC,MMT,,EHZ,1,92.0,,217.5,,36.73880374864
nc73514585,NC,MCB,,HHZ,-1,159.0,,75.9,,2.698700868582
nc73514585,NC,MCO,,EHZ,-1,138.0,,111.2,,6.013421630528001
nc73514585,NC,MCS,,EHZ,-1,160.0,,45.1,,2.57972229712
nc73514585,NC,MEM,,EHZ,-1,155.0,,339.1,,3.273578639104
nc73514585,NC,MMLB,,HHZ,-1,142.0,,296.3,,5.171676036166001
nc73514590,NC,MMX1,,HN3,-1,131.0,,216.2,,3.887374633936
nc73514590,NC,MCO,,EHZ,-1,111.0,,115.2,,6.892973499934
nc73514590,NC,MDY,,HHZ,1,111.0,,281.6,,7.068661483962
nc73514590,NC,MMP,,EHZ,-1,103.0,,244.7,,9.275880776972
nc73514590,NC,MDC,2.0,EHZ,1,95.0,,307.0,,11.92009613152
nc73514590,NC,MBS1,,EP1,-1,90.0,,355.7,,12.87637250028
nc73514595,NC,MLC,,EHZ,-1,157.0,,155.3,,2.778761215734
nc73514595,NC,MMX1,,HN3,-1,153.0,,234.4,,3.388109413502
nc73514595,NC,MDH,,HNZ,1,140.0,,19.1,,5.2795351149680005
nc73514595,NC,MDH1,1.0,DP1,1,140.0,,19.1,,5.2795351149680005
nc73514595,NC,MDR,2.0,EHZ,1,126.0,,87.5,,8.18394659776
nc73514595,NC,MQ1P,,EHZ,-1,124.0,,253.3,,8.552001804806
nc73514595,NC,MMP,,EHZ,-1,122.0,,252.5,,9.275880776972
nc73514595,NC,MCV,,EHZ,-1,119.0,,119.6,,10.087603741152
nc73514595,NC,MDC,2.0,EHZ,-1,109.0,,309.9,,12.99868691954
nc73514595,NC,MDPB,,HHZ,1,108.0,,268.8,,13.32115220668
nc73514595,NC,MMT,,EHZ,1,92.0,,217.7,,36.3051435349
nc73514595,NC,MCB,,HHZ,1,155.0,,69.1,,2.990031576274
nc73514595,NC,MCO,,EHZ,-1,136.0,,106.9,,6.047892057774
nc73514595,NC,MCS,,EHZ,1,155.0,,41.9,,2.995591322604
nc73514595,NC,MEM,,EHZ,1,151.0,,344.0,,3.603827571106
nc73514600,NC,MLC,,EHZ,1,151.0,,160.5,,3.1690554081
nc73514600,NC,MEM,,EHZ,1,151.0,,340.0,,3.195742190484
nc73514600,NC,MMX1,,HN3,-1,146.0,,229.6,,3.753940722016
nc73514600,NC,MDH,,HNZ,1,139.0,,19.8,,4.80918057545
nc73514600,NC,MDH1,1.0,DP1,-1,139.0,,19.8,,4.80918057545
nc73514600,NC,MMP,,EHZ,1,115.0,,250.0,,9.521621564758
nc73514600,NC,MCV,,EHZ,-1,113.0,,122.2,,10.236604942796
nc73514600,NC,MDC,2.0,EHZ,-1,103.0,,308.0,,12.79853605166
nc73514600,NC,MCB,,HHZ,1,154.0,,77.4,,2.75763417968
nc73514600,NC,MCS,,EHZ,1,156.0,,47.1,,2.594177637578
nc73514605,NC,MCS,,EHZ,-1,157.0,,50.4,,2.714268158306
nc73514605,NC,MEM,,EHZ,1,154.0,,343.1,,3.100114553608
nc73514605,NC,MMX1,,HN3,-1,150.0,,227.2,,3.63607409982
nc73514605,NC,MDH,,HNZ,1,141.0,,22.0,,4.843651002696
nc73514605,NC,MDH1,1.0,DP1,-1,141.0,,22.0,,4.843651002696
nc73514605,NC,MCO,,EHZ,-1,133.0,,111.1,,6.29363284556
nc73514605,NC,MDR,2.0,EHZ,-1,124.0,,91.0,,8.266230843444001
nc73514605,CI,MLAC,,HHZ,1,124.0,,97.0,,8.31182076335
nc73514605,NC,MQ1P,,EHZ,1,122.0,,250.0,,8.624278507096001
nc73514605,NC,MMP,,EHZ,-1,120.0,,249.4,,9.355941124124
nc73514605,NC,MCV,,EHZ,-1,116.0,,121.8,,10.417852673154
nc73514605,NC,MBS1,,EP1,-1,106.0,,354.4,,13.57690053786
nc73514605,NC,MCB,,HHZ,-1,155.0,,78.9,,2.937769960772
nc73514605,NC,MLC,,EHZ,-1,152.0,,157.5,,3.272466689838
nc73514620,NC,MLC,,EHZ,-1,158.0,,154.6,,2.712044259774
nc73514620,NC,MMX1,,HN3,-1,153.0,,235.4,,3.345855341394
nc73514620,NC,MDH,,HNZ,1,140.0,,18.9,,5.349587918726
nc73514620,NC,MDH1,1.0,DP1,-1,140.0,,18.9,,5.349587918726
nc73514620,NC,MCO,,EHZ,-1,137.0,,106.3,,6.02676502172
nc73514620,NC,MMP,,EHZ,-1,122.0,,252.9,,9.254753740918
nc73514620,NC,MCV,,EHZ,-1,119.0,,119.2,,10.05202136464
nc73514620,NC,MLH,,EHZ,1,116.0,,63.7,,11.16397063064
nc73514620,NC,MDC,2.0,EHZ,-1,109.0,,310.1,,13.05428438284
nc73514620,NC,MMT,,EHZ,1,92.0,,217.7,,36.2495460716
nc73514620,NC,MCB,,HHZ,1,156.0,,67.8,,3.016718358658
nc73514620,NC,MCS,,EHZ,1,155.0,,41.0,,3.051188785904
nc73514620,NC,MEM,,EHZ,1,151.0,,344.4,,3.67499232413
nc73514630,NC,MMX1,,HN3,-1,150.0,,234.4,,3.607163418904
nc73514630,NC,MDH1,1.0,DP1,-1,140.0,,17.7,,5.101623232408
nc73514630,NC,MDR,2.0,EHZ,1,125.0,,88.4,,8.002698867402001
nc73514630,NC,MQ1P,,EHZ,1,122.0,,252.8,,8.758824368282001
nc73514630,NC,MMP,,EHZ,-1,119.0,,252.0,,9.483815289714
nc73514630,NC,MCV,,EHZ,-1,117.0,,120.8,,9.999759749138
nc73514630,NC,MLH,,EHZ,1,115.0,,64.2,,10.918229842854
nc73514630,NC,MDC,2.0,EHZ,-1,107.0,,308.9,,13.05428438284
nc73514630,NC,MDPB,,HHZ,1,107.0,,268.3,,13.49906408924
nc73514630,NC,MBS1,,EP1,-1,106.0,,353.5,,13.96608278096
nc73514630,NC,MMT,,EHZ,1,91.0,,217.8,,36.51641389544
nc73514630,NC,MCB,,HHZ,1,156.0,,70.3,,2.779873165
nc73514630,NC,MCO,,EHZ,-1,135.0,,108.7,,5.918905942918
nc73514630,NC,MCS,,EHZ,1,156.0,,41.0,,2.782097063532
nc73514630,NC,MEM,,EHZ,1,150.0,,340.7,,3.534886716614
nc73514630,NC,MLC,,EHZ,-1,156.0,,159.6,,2.831022831236
nc73514635,NC,MLC,,EHZ,-1,155.0,,161.7,,3.047852938106
nc73514635,NC,MEM,,EHZ,-1,153.0,,338.9,,3.3191685590100004
nc73514635,NC,MMX1,,HN3,-1,149.0,,231.7,,3.77506775807
nc73514635,NC,MDH1,1.0,DP1,1,142.0,,18.3,,4.863666089484
nc73514635,NC,MMP,,EHZ,-1,120.0,,250.7,,9.588338520718
nc73514635,NC,MCV,,EHZ,-1,118.0,,122.0,,10.099835183078
nc73514635,NC,MDC,2.0,EHZ,1,108.0,,308.0,,12.93196996358
nc73514635,NC,MCB,,HHZ,-1,157.0,,75.0,,2.67979773106
nc73514635,NC,MCS,,EHZ,-1,158.0,,44.0,,2.58528204345
nc73514645,NC,MEM,,EHZ,-1,154.0,,341.8,,3.316944660478
nc73514645,NC,MMX1,,HN3,-1,151.0,,230.8,,3.614947063766
nc73514645,NC,MDH1,1.0,DP1,-1,142.0,,19.8,,4.969301269754
nc73514645,NC,MMLB,,HHZ,-1,142.0,,297.9,,5.096063486078
nc73514645,CI,MLAC,,HHZ,-1,126.0,,95.8,,8.159483713908001
nc73514645,NC,MQ1P,,EHZ,-1,124.0,,251.4,,8.688771564524
nc73514645,NC,MMP,,EHZ,-1,122.0,,250.7,,9.417098333754
nc73514645,NC,MCV,,EHZ,-1,119.0,,121.3,,10.208806211146
nc73514645,NC,MLH,,EHZ,1,117.0,,65.4,,10.959371965696
nc73514645,NC,MDPB,,HHZ,1,109.0,,267.5,,13.37674966998
nc73514645,NC,MBS1,,EP1,-1,109.0,,353.9,,13.76593191308
nc73514645,NC,MMT,,EHZ,1,92.0,,217.4,,36.5831308514
nc73514645,NC,MCB,,HHZ,-1,157.0,,74.7,,2.851037918024
nc73514645,NC,MCO,,EHZ,-1,136.0,,109.9,,6.105713419606
nc73514645,NC,MCS,,EHZ,-1,158.0,,45.7,,2.738731042158
nc73514645,NC,MDC,2.0,EHZ,1,109.0,,308.7,,12.8430140223
nc73514645,NC,MDR,2.0,EHZ,-1,127.0,,89.7,,8.131684982258001
nc73514645,NC,MLC,,EHZ,-1,156.0,,158.5,,3.051188785904
nc73514685,NC,MCY,,EHZ,-1,130.0,,37.9,,2.010404272928
nc73514685,NC,MMP,,EHZ,1,120.0,,148.9,,2.461855674924
nc73514685,NC,MQ1P,,EHZ,1,119.0,,132.5,,2.614192724366
nc73514685,NC,MINS,,HHZ,-1,111.0,,330.7,,3.19685413975
nc73514685,NC,MDPB,,HHZ,1,111.0,,277.2,,3.21909312507
nc73514685,NC,MDY,,HHZ,1,100.0,,39.9,,4.257653739514
nc73514685,NC,MMX1,,HN3,1,67.0,,99.9,,7.475634915317999
nc73514685,NC,MDC,2.0,EHZ,1,67.0,,0.7,,8.994557612674
nc73514695,NC,MCV,,EHZ,-1,168.0,,322.0,,0.8976766424418
nc73514695,NC,MCO,,EHZ,1,125.0,,318.0,,5.285094861298
nc73514695,NC,MLC,,EHZ,1,109.0,,291.2,,8.754376571218
nc73514695,NC,MLH,,EHZ,-1,103.0,,3.8,,10.555734382138
nc73514785,NC,MCV,,EHZ,-1,162.0,,346.4,,1.41217556782
nc73514785,NC,MCO,,EHZ,-1,123.0,,324.2,,5.664269561004
nc73514785,CI,MLAC,,HHZ,1,121.0,,350.8,,5.9066745009920005
nc73514785,NC,MLC,,EHZ,-1,108.0,,295.8,,8.816645730114
nc73514785,NC,MLH,,EHZ,1,101.0,,4.7,,11.2306875866
nc73514790,NC,MCO,,EHZ,-1,39.0,,338.6,,12.5094292425
nc73514790,CI,MLAC,,HHZ,-1,39.0,,350.3,,13.0654038755
nc73514790,NC,MLC,,EHZ,-1,39.0,,319.9,,14.25518959012
nc73514790,NC,MLH,,EHZ,-1,39.0,,358.9,,18.24708745506
nc73514790,NC,MEM,,EHZ,-1,39.0,,326.1,,20.33755207514
nc73514790,NC,MDPB,,HHZ,-1,38.0,,299.1,,27.08708411976
nc73514790,NC,MBS1,,EP1,1,38.0,,336.9,,29.83359880678
nc73514790,NC,MCS,,EHZ,-1,39.0,,331.9,,17.724471300039998
nc73514790,NC,MCV,,EHZ,-1,61.0,,349.3,,8.570904942328
nc73514855,NC,MCV,,EHZ,-1,156.0,,355.1,,2.174972764296
nc73514855,NC,MCO,,EHZ,-1,125.0,,329.6,,6.24915487492
nc73514855,CI,MLAC,,HHZ,-1,122.0,,353.2,,6.673919494532
nc73514855,NC,MDR,2.0,EHZ,1,118.0,,354.1,,7.529008480086
nc73514855,NC,MLC,,EHZ,1,112.0,,300.8,,9.063498467166
nc73514855,NC,MCB,,HHZ,-1,108.0,,323.2,,10.262179775914
nc73514855,NC,MCS,,EHZ,-1,104.0,,323.5,,11.66434780034
nc73514855,NC,MLH,,EHZ,1,99.0,,5.0,,12.04241055078
nc73514855,NC,MMX1,,HN3,1,98.0,,293.9,,12.82077503698
nc73514855,NC,MMP,,EHZ,1,96.0,,283.8,,18.33604339634
nc73514855,NC,MDPB,,HHZ,1,85.0,,287.2,,23.31757610802
nc73514855,NC,MDC,2.0,EHZ,1,84.0,,309.4,,24.462883852
nc73514855,NC,MRC,,EHZ,1,80.0,,67.7,,30.478529381060003
nc73514855,NC,MTU,2.0,EHZ,1,79.0,,136.0,,33.55862884788
nc73514855,NC,MMT,,EHZ,1,78.0,,235.3,,37.93970895592
nc73514865,NC,MCS,,EHZ,-1,154.0,,52.8,,2.864381309216
nc73514865,NC,MMX1,,HN3,-1,149.0,,225.0,,3.49708044157
nc73514865,NC,MMLB,,HHZ,1,140.0,,297.8,,4.723560481968
nc73514865,NC,MDH,,HNZ,1,138.0,,24.1,,4.919263552784
nc73514865,NC,MDH1,1.0,DP1,-1,138.0,,24.1,,4.919263552784
nc73514865,NC,MQ1P,,EHZ,-1,120.0,,249.5,,8.44525467527
nc73514865,NC,MMP,,EHZ,-1,117.0,,248.9,,9.176917292298
nc73514865,NC,MCV,,EHZ,-1,112.0,,121.2,,10.581309215256
nc73514865,NC,MLH,,EHZ,1,110.0,,67.0,,11.18620961596
nc73514865,NC,MINS,,HHZ,-1,109.0,,278.1,,11.51979439576
nc73514865,NC,MDC,2.0,EHZ,1,104.0,,308.9,,12.47607076452
nc73514865,NC,MBS1,,EP1,-1,103.0,,355.2,,13.55466155254
nc73514865,CI,MLAC,,HHZ,-1,120.0,,96.9,,8.501964087836
nc73514865,NC,MCB,,HHZ,-1,152.0,,79.6,,3.125689386726
nc73514865,NC,MCO,,EHZ,-1,129.0,,110.5,,6.472656677386
nc73514865,NC,MDPB,,HHZ,-1,103.0,,266.6,,13.0654038755
nc73514865,NC,MDR,2.0,EHZ,-1,120.0,,91.0,,8.457486117196
nc73514865,NC,MEM,,EHZ,1,152.0,,346.5,,3.050076836638
nc73514865,NC,MLC,,EHZ,-1,150.0,,154.5,,3.350303138458
nc73514875,NC,MLC,,EHZ,1,155.0,,148.1,,2.842142323896
nc73514875,NC,MCS,,EHZ,1,151.0,,45.0,,3.3102729648820004
nc73514875,NC,MCB,,HHZ,1,151.0,,69.4,,3.345855341394
nc73514875,NC,MEM,,EHZ,1,149.0,,349.6,,3.634962150554
nc73514875,NC,MDH,,HNZ,1,136.0,,22.1,,5.503036917434
nc73514875,NC,MDR,2.0,EHZ,-1,121.0,,86.9,,8.527538920954
nc73514875,NC,MCV,,EHZ,-1,115.0,,118.1,,10.331120630406
nc73514875,NC,MDPB,,HHZ,-1,105.0,,269.3,,12.97644793422
nc73514930,NC,MCO,,EHZ,1,126.0,,329.4,,6.218020295472
nc73514930,NC,MLC,,EHZ,1,113.0,,300.6,,9.044595329644
nc73514930,NC,MCB,,HHZ,-1,110.0,,323.1,,10.232157145732002
nc73514930,NC,MLH,,EHZ,1,100.0,,5.1,,12.0090520728
nc73514930,NC,MMX1,,HN3,1,100.0,,293.8,,12.79853605166
nc73514930,NC,MQ1P,,EHZ,1,97.0,,285.3,,17.780068763339997
nc73514930,NC,MMP,,EHZ,1,96.0,,283.7,,18.33604339634
nc73514930,NC,MCY,,EHZ,1,95.0,,294.3,,19.55918758894
nc73514930,NC,MDPB,,HHZ,1,93.0,,287.2,,23.30645661536
nc73514930,NC,MRC,,EHZ,1,82.0,,67.8,,30.4674098884
nc73514930,NC,MMT,,EHZ,1,79.0,,235.3,,37.95082844858
nc73514930,CI,MLAC,,HHZ,1,124.0,,353.1,,6.637225168754
nc73514930,NC,MCV,,EHZ,-1,157.0,,355.0,,2.1382784385180003
nc73514930,NC,MDR,2.0,EHZ,1,120.0,,354.0,,7.492314154308
nc73514975,NC,MCV,,EHZ,-1,137.0,,8.4,,4.266549333642001
nc73514975,NC,MCO,,EHZ,-1,116.0,,342.4,,7.803659948788001
nc73514975,NC,MCB,,HHZ,1,103.0,,332.5,,11.57539185906
nc73515135,NC,MCV,,EHZ,1,112.0,,43.7,,6.26027436758
nc73515135,NC,MLC,,EHZ,1,106.0,,334.9,,7.701360616316
nc73515135,NC,MCO,,EHZ,1,105.0,,9.8,,7.848137919428001
nc73515135,CI,MLAC,,HHZ,1,99.0,,22.4,,9.716212686308
nc73515135,NC,MDR,2.0,EHZ,1,98.0,,20.7,,10.522375904158
nc73515165,NC,MCV,,EHZ,1,121.0,,33.3,,7.096460215612001
nc73515165,NC,MCO,,EHZ,1,112.0,,5.7,,9.183588987894
nc73515165,NC,MLC,,EHZ,-1,112.0,,336.2,,9.158014154776
nc73515165,NC,MCS,,EHZ,-1,99.0,,347.7,,13.43234713328
nc73515165,NC,MLH,,EHZ,1,97.0,,18.0,,16.5680440634
nc73515165,NC,MMT,,EHZ,1,80.0,,236.6,,32.435560089220004
nc73515165,NC,MDR,2.0,EHZ,1,104.0,,16.3,,11.71994526364
nc73515165,NC,MEM,,EHZ,1,98.0,,337.9,,15.511692260700002
nc73515165,NC,MDPB,,HHZ,1,94.0,,300.4,,21.0714385907
nc73515165,NC,MRC,,EHZ,-1,79.0,,64.6,,35.7491689019
nc73515165,CI,MLAC,,HHZ,-1,107.0,,17.5,,10.89154306047
nc73515460,NC,MFB,,EHZ,1,162.0,,85.7,,1.472220828184
nc73515460,NP,1679,10.0,HNZ,-1,96.0,,31.8,,13.03204539752
nc73515460,NP,1589,10.0,HNZ,1,96.0,,126.1,,12.79853605166
nc73515460,NC,MTU,2.0,EHZ,-1,96.0,,231.3,,13.35451068466
nc73515460,NP,1587,10.0,HNZ,-1,83.0,,46.8,,25.2412483382
nc73515460,NC,MCD,,EHZ,-1,96.0,,0.8,,13.2877937287
nc73515460,NC,MRC,,EHZ,-1,81.0,,348.8,,27.77649266468
nc73515460,NC,MCV,,EHZ,1,75.0,,298.1,,38.37336916966
nc73515460,NC,MDR,2.0,EHZ,1,75.0,,304.2,,41.62026102638001
nc73515460,NC,MLC,,EHZ,1,75.0,,296.4,,46.26820895826
nc73515460,NC,MCB,,HHZ,1,75.0,,301.3,,46.54619627476001
nc73515460,NC,MCS,,EHZ,-1,75.0,,302.0,,47.82493793066
nc73515460,NC,MMLB,,HHZ,1,75.0,,298.8,,53.66267157716
nc73515460,NC,MINS,,HHZ,1,75.0,,295.0,,59.8784679741
nc73515460,NC,MDPB,,HHZ,1,75.0,,292.3,,60.4344426071
nc73515460,NC,MDC,2.0,EHZ,1,75.0,,300.9,,61.24616557128
nc73515460,NC,MMT,,EHZ,1,75.0,,265.1,,65.26030242154
nc73515460,NN,LHV,,HHZ,-1,75.0,,356.8,,91.50230509914
nc73515495,NC,MCV,,EHZ,-1,146.0,,349.1,,2.847702070226
nc73515495,NC,MCO,,EHZ,-1,116.0,,329.7,,6.970809948554
nc73515495,NC,MLC,,EHZ,-1,105.0,,302.9,,9.695085650254
nc73515495,NC,MCB,,HHZ,1,102.0,,323.7,,10.978275103218
nc73515495,NC,MCS,,EHZ,1,95.0,,324.0,,12.38711482324
nc73515495,NC,MLH,,EHZ,1,95.0,,3.2,,12.64286315442
nc73515495,NC,MMP,,EHZ,-1,85.0,,285.5,,18.83642056604
nc73515495,NC,MMT,,EHZ,1,75.0,,236.4,,37.87299199996
nc73515600,NC,MCV,,EHZ,1,152.0,,350.3,,2.6686782384
nc73515600,CI,MLAC,,HHZ,-1,121.0,,351.5,,7.167624968636001
nc73515600,NC,MDR,2.0,EHZ,-1,117.0,,352.5,,8.019378106392
nc73515600,NC,MLC,,EHZ,1,111.0,,302.4,,9.530517158886
nc73515600,NC,MCS,,EHZ,-1,100.0,,323.8,,12.19808344802
nc73515600,NC,MLH,,EHZ,1,100.0,,3.6,,12.48719025718
nc73515600,NC,MMX1,,HN3,-1,99.0,,295.3,,13.25443525072
nc73515600,NC,MEM,,EHZ,-1,98.0,,317.4,,15.066912554300002
nc73515600,NC,MQ1P,,EHZ,1,96.0,,286.6,,18.1803704991
nc73515600,NC,MMP,,EHZ,1,96.0,,285.0,,18.71410614678
nc73515600,NC,MINS,,HHZ,-1,93.0,,295.1,,23.06182777684
nc73515600,NC,MDPB,,HHZ,1,86.0,,288.1,,23.70675835112
nc73515600,NC,MRC,,EHZ,1,81.0,,66.7,,30.411812425100003
nc73515600,NC,MCB,,HHZ,-1,108.0,,323.6,,10.79146762653
nc73515600,NC,MCO,,EHZ,-1,122.0,,329.6,,6.7828905226
nc73515620,NC,MCV,,EHZ,-1,144.0,,0.6,,3.295817624424
nc73515620,NC,MCO,,EHZ,-1,117.0,,335.7,,7.14983378038
nc73515620,CI,MLAC,,HHZ,1,114.0,,355.8,,7.775861217138001
nc73515620,NC,MDR,2.0,EHZ,-1,111.0,,356.3,,8.635397999756002
nc73515620,NC,MLC,,EHZ,1,108.0,,307.3,,9.510502072098
nc73515620,NC,MCB,,HHZ,-1,103.0,,327.6,,11.065007145966
nc73515620,NC,MCS,,EHZ,1,97.0,,327.4,,12.46495127186
nc73515620,NC,MLH,,EHZ,-1,96.0,,5.6,,13.18771829476
nc73515620,NC,MMP,,EHZ,-1,95.0,,287.4,,18.42499933762
nc73515815,NC,MCV,,EHZ,1,109.0,,313.0,,26.11968825834
nc73515815,CI,MLAC,,HHZ,1,105.0,,318.5,,29.733523372840004
nc73515815,NC,MDR,2.0,EHZ,-1,105.0,,319.6,,30.37845394712
nc73515815,NC,MCO,,EHZ,-1,105.0,,313.7,,30.50076836638
nc73515815,NC,MLH,,EHZ,-1,103.0,,327.2,,32.88033979562
nc73515815,NC,MLC,,EHZ,-1,103.0,,307.3,,33.54750935522
nc73515815,NC,MCB,,HHZ,-1,102.0,,313.6,,34.61498065058
nc73515815,NC,MCS,,EHZ,1,101.0,,314.1,,35.98267824776
nc73515815,NC,MINS,,HHZ,1,97.0,,302.3,,46.77970562062
nc73515815,NC,MDPB,,HHZ,1,97.0,,298.8,,46.9798564885
nc73515815,NC,MBS1,,EP1,-1,97.0,,321.6,,47.01321496648
nc73515815,NC,MMT,,EHZ,1,96.0,,263.3,,50.57145261768
nc73515825,NC,MMX1,,HN3,1,97.0,,303.4,,39.77442524482
nc73515825,NC,MDH1,1.0,DP1,-1,97.0,,315.2,,40.663984657620006
nc73515825,NP,1576,10.0,HNZ,-1,108.0,,317.9,,22.2945827833
nc73515825,NP,1679,10.0,HNZ,-1,107.0,,57.9,,22.49473365118
nc73515825,NP,1589,10.0,HNZ,1,107.0,,106.5,,23.52884646856
nc73515825,NC,MCV,,EHZ,-1,102.0,,311.0,,28.72164954078
nc73515825,NC,MRC,,EHZ,-1,102.0,,13.4,,28.86620294536
nc73515825,NC,MDR,2.0,EHZ,-1,100.0,,317.4,,32.84698131764
nc73515825,NC,MCO,,EHZ,1,100.0,,311.9,,33.091610156159994
nc73515825,NC,MLH,,EHZ,-1,99.0,,324.6,,35.18207477624
nc73515825,NC,MLC,,EHZ,1,98.0,,306.1,,36.22730708628
nc73515825,NC,MCB,,HHZ,1,98.0,,312.1,,37.1947029477
nc73515825,NC,MCS,,EHZ,1,97.0,,312.6,,38.56240054488
nc73515825,NC,MEM,,EHZ,1,96.0,,311.1,,41.63138051904
nc73515825,NC,MQ1P,,EHZ,1,95.0,,299.1,,44.1999833235
nc73515825,NC,MLM,,EHZ,1,95.0,,316.9,,46.84642257658
nc73515825,NC,MBS1,,EP1,-1,94.0,,320.0,,49.43726436636
nc73515825,NC,MINS,,HHZ,1,94.0,,301.7,,49.50398132232
nc73515825,NC,MDPB,,HHZ,1,94.0,,298.4,,49.73749066818
nc73515825,NC,MDC,2.0,EHZ,-1,94.0,,308.6,,51.67228239102
nc73515825,NC,MMT,,EHZ,1,93.0,,264.8,,53.0399799882
nc73515825,BK,TOLH,0.0,HHZ,1,88.0,,235.7,,92.43634248258
nc73515825,NP,1587,10.0,HNZ,-1,98.0,,59.3,,35.560137526679995
nc73515825,BK,HELL,0.0,HHZ,-1,88.0,,205.5,,91.03528640742
nc73515840,NC,MCV,,EHZ,-1,114.0,,311.4,,26.7979773106
nc73515840,CI,MLAC,,HHZ,-1,111.0,,317.0,,30.34509546914
nc73515840,NC,MDR,2.0,EHZ,-1,110.0,,318.1,,30.967787058100004
nc73515840,NC,MCO,,EHZ,-1,110.0,,312.2,,31.16793792598
nc73515840,NC,MLH,,EHZ,-1,109.0,,325.6,,33.35847798
nc73515840,NC,MLC,,EHZ,1,108.0,,306.1,,34.29251536344
nc73515840,NC,MCB,,HHZ,-1,107.0,,312.4,,35.282150210180006
nc73515840,NC,MCS,,EHZ,-1,106.0,,312.9,,36.64984780736
nc73515840,NC,MMX1,,HN3,-1,106.0,,303.3,,37.85075301464
nc73515840,NC,MDPB,,HHZ,1,101.0,,298.1,,47.82493793066
nc73515840,NC,MDC,2.0,EHZ,1,100.0,,308.7,,49.73749066818
nc73515840,NC,MMT,,EHZ,1,100.0,,263.4,,51.5944459424
nc73515845,NC,MLM,,EHZ,1,75.0,,317.8,,46.80194460594
nc73515845,NP,1679,10.0,HNZ,1,84.0,,57.7,,23.17302270344
nc73515845,NP,1589,10.0,HNZ,1,84.0,,105.1,,23.92914820432
nc73515845,NC,MCV,,EHZ,1,80.0,,312.4,,28.61045461418
nc73515845,NC,MRC,,EHZ,-1,80.0,,14.2,,29.4110580857
nc73515845,NC,MDR,2.0,EHZ,-1,77.0,,318.6,,32.81362283966
nc73515845,NC,MCO,,EHZ,1,77.0,,313.0,,32.980415229559995
nc73515845,NC,MLC,,EHZ,1,76.0,,307.1,,36.04939520372
nc73515845,NC,MMX1,,HN3,1,75.0,,304.4,,39.57427437694
nc73515845,NC,MEM,,EHZ,1,75.0,,312.0,,41.52018559244
nc73515845,NC,MQ1P,,EHZ,1,75.0,,299.9,,43.94423499232
nc73515845,NC,MINS,,HHZ,1,75.0,,302.5,,49.28159146912
nc73515845,NC,MDPB,,HHZ,1,75.0,,299.1,,49.47062284434001
nc73515845,NC,MDC,2.0,EHZ,1,75.0,,309.4,,51.51660949378
nc73515845,NC,MMT,,EHZ,1,75.0,,265.2,,52.47288586254
nc73515845,BK,HELL,0.0,HHZ,1,75.0,,205.3,,90.42371431112
nc73515845,BK,TOLH,0.0,HHZ,1,75.0,,235.7,,91.75805343032
nc73515880,NC,MTU,2.0,EHZ,-1,143.0,,176.4,,8.805526237454
nc73515880,NC,MFB,,EHZ,1,131.0,,91.5,,12.4538317792
nc73515880,NC,MLC,,EHZ,-1,104.0,,303.4,,36.50529440278
nc73515880,NC,MMT,,EHZ,1,97.0,,263.6,,54.38543860006
nc73515880,NP,1589,10.0,HNZ,-1,115.0,,110.5,,22.77272096768
nc73515880,NC,MCV,,EHZ,1,109.0,,307.5,,28.86620294536
nc73515880,NC,MDPB,,HHZ,1,98.0,,296.5,,50.23786783788
nc73515885,NC,MCV,,EHZ,-1,152.0,,303.9,,3.500416289368
nc73515885,NC,MCO,,EHZ,1,128.0,,311.3,,7.838130376034
nc73515885,NC,MDR,2.0,EHZ,-1,126.0,,334.3,,8.068303874096
nc73515885,NC,MLC,,EHZ,1,115.0,,292.8,,11.3974799765
nc73515885,NC,MLH,,EHZ,-1,113.0,,352.0,,11.88673765354
nc73515885,NC,MCB,,HHZ,-1,113.0,,312.1,,11.94233511684
nc73515885,NC,MMP,,EHZ,1,100.0,,281.5,,20.94912417144
nc73515885,NC,MMT,,EHZ,1,91.0,,237.3,,40.33039987782001
nc73515935,NC,MCV,,EHZ,1,96.0,,26.1,,11.054999602572
nc73515935,NC,MLC,,EHZ,-1,90.0,,347.6,,12.66510213974
nc73515935,NC,MCO,,EHZ,1,90.0,,8.1,,13.26555474338
nc73515935,CI,MLAC,,HHZ,1,91.0,,16.4,,15.00019559834
nc73515935,NC,MMT,,EHZ,1,77.0,,242.1,,29.566730982940005
nc73515940,NP,1576,10.0,HNZ,1,109.0,,54.9,,12.35375634526
nc73515940,NC,MLC,,EHZ,1,109.0,,340.3,,12.53166822782
nc73515940,NC,MMX1,,HN3,-1,107.0,,326.7,,14.811164223120002
nc73515940,NC,MCS,,EHZ,1,105.0,,348.5,,16.89050935054
nc73515940,NC,MEM,,EHZ,-1,103.0,,340.3,,18.903137522
nc73515940,NC,MMLB,,HHZ,-1,102.0,,330.0,,19.67038251554
nc73515940,NC,MINS,,HHZ,1,97.0,,314.0,,23.70675835112
nc73515940,NC,MDC,2.0,EHZ,-1,95.0,,325.9,,27.37619092892
nc73515940,NC,MBS1,,EP1,1,94.0,,346.5,,29.133070769200003
nc73515940,NC,MTU,2.0,EHZ,1,93.0,,122.2,,31.8017490076
nc73515940,NP,1679,10.0,HNZ,1,90.0,,86.7,,44.26670027946
nc73515940,NP,1589,10.0,HNZ,-1,88.0,,108.6,,50.33794327182
nc73515940,NN,LHV,,HHZ,-1,86.0,,20.9,,88.68907345616
nc73515940,BK,HELL,0.0,HHZ,1,86.0,,188.6,,92.6809713211
nc73515940,WR,FRI,,EHZ,1,86.0,,232.7,,93.89299602104
nc73515940,NC,MPR,,EHZ,1,85.0,,288.5,,106.49138120482
nc73515940,BK,BUCR,0.0,HHZ,1,85.0,,279.7,,114.7531642512
nc73515940,GS,MCA04,0.0,HHZ,1,84.0,,57.7,,120.2017156546
nc73515940,BK,LIND,0.0,HHZ,1,84.0,,187.5,,129.0973097826
nc73515940,CI,CWC,,HHZ,1,83.0,,149.2,,137.5481242042
nc73515940,BK,TOLH,0.0,HHZ,1,87.0,,219.6,,80.04922765934
nc73515940,BK,WINE,0.0,HHZ,1,84.0,,225.1,,130.9876235348
nc73515940,CI,MLAC,,HHZ,1,107.0,,11.3,,14.07727770756
nc73515940,NC,MCB,,HHZ,1,106.0,,350.4,,15.60064820198
nc73515940,NC,MCD,,EHZ,1,91.0,,82.7,,37.77291656602
nc73515940,NC,MCO,,EHZ,1,109.0,,1.8,,12.5650267058
nc73515940,NC,MCV,,EHZ,1,119.0,,19.8,,9.937490590242
nc73515940,NC,MDPB,,HHZ,1,97.0,,307.0,,23.4065320493
nc73515940,NC,MDR,2.0,EHZ,1,107.0,,10.7,,14.922359149720002
nc73515940,NC,MFB,,EHZ,1,91.0,,102.3,,39.70770828886
nc73515940,NC,MHD,,EHZ,1,85.0,,244.9,,100.80932045556
nc73515940,NC,MLH,,EHZ,1,102.0,,13.5,,19.72597997884
nc73515940,NC,MMI,,EHZ,1,87.0,,263.2,,78.13667492182
nc73515940,NC,MMP,,EHZ,1,103.0,,309.1,,18.33604339634
nc73515940,NC,MMT,,EHZ,1,93.0,,242.5,,31.16793792598
nc73515940,NC,MQ1P,,EHZ,1,104.0,,311.3,,18.05805607984
nc73515940,NC,MRC,,EHZ,1,92.0,,59.4,,36.87223766056
nc73515985,NP,1576,10.0,HNZ,1,106.0,,53.7,,12.55390721314
nc73515985,CI,MLAC,,HHZ,1,104.0,,11.1,,14.41086248736
nc73515985,NC,MMX1,,HN3,-1,103.0,,327.4,,15.07803204696
nc73515985,NC,MCB,,HHZ,-1,103.0,,350.7,,15.92311348912
nc73515985,NC,MQ1P,,EHZ,1,100.0,,312.1,,18.26932644038
nc73515985,NC,MMP,,EHZ,1,100.0,,310.0,,18.53619426422
nc73515985,NC,MEM,,EHZ,-1,99.0,,340.7,,19.20336382382
nc73515985,NC,MMLB,,HHZ,-1,98.0,,330.5,,19.94836983204
nc73515985,NC,MDH,,HNZ,-1,98.0,,349.5,,19.97060881736
nc73515985,NC,MDY,,HHZ,-1,96.0,,323.6,,21.44950134114
nc73515985,NC,MDPB,,HHZ,1,93.0,,307.7,,23.59556342452
nc73515985,NC,MINS,,HHZ,-1,93.0,,314.6,,23.92914820432
nc73515985,NC,MDC,2.0,EHZ,-1,90.0,,326.3,,27.64305875276
nc73515985,NC,MBS1,,EP1,-1,90.0,,346.7,,29.455536056340005
nc73515985,NC,MTU,2.0,EHZ,-1,90.0,,121.7,,31.646076110360003
nc73515985,NP,1679,10.0,HNZ,1,88.0,,86.2,,44.30005875744
nc73515985,BK,TOLH,0.0,HHZ,1,86.0,,219.7,,79.79347932816
nc73515985,NN,LHV,,HHZ,1,86.0,,20.8,,89.00041925064001
nc73515985,WR,FRI,,EHZ,1,85.0,,232.9,,93.6817256605
nc73515985,BK,BUCR,0.0,HHZ,1,84.0,,279.9,,114.8643591778
nc73515985,BK,KARE,0.0,HHZ,-1,84.0,,209.5,,115.3091388842
nc73515985,GS,MCA04,0.0,HHZ,1,84.0,,57.6,,120.3129105812
nc73515985,BK,LIND,0.0,HHZ,1,84.0,,187.6,,128.7637250028
nc73515985,CI,CWC,,HHZ,1,83.0,,149.1,,137.2145394244
nc73515985,CI,POR,,HHZ,-1,82.0,,184.5,,155.7840921666
nc73515985,BK,HELL,0.0,HHZ,1,85.0,,188.6,,92.3473865413
nc73515985,BK,WINE,0.0,HHZ,1,84.0,,225.2,,130.7652336816
nc73515985,NC,MCD,,EHZ,1,91.0,,82.2,,37.82851402932
nc73515985,NC,MCO,,EHZ,1,105.0,,1.8,,12.8986114856
nc73515985,NC,MCS,,EHZ,-1,101.0,,348.7,,17.21297463768
nc73515985,NC,MCV,,EHZ,1,115.0,,19.2,,10.256620029584
nc73515985,NC,MDR,2.0,EHZ,1,103.0,,10.5,,15.25594392952
nc73515985,NC,MHD,,EHZ,1,85.0,,245.0,,100.65364755832
nc73515985,NC,MLC,,EHZ,-1,105.0,,340.9,,12.8430140223
nc73515985,NC,MLH,,EHZ,1,98.0,,13.3,,20.04844526598
nc73515985,NC,MMI,,EHZ,1,86.0,,263.4,,78.08107745852001
nc73515985,NC,MMT,,EHZ,1,90.0,,243.0,,31.00114553608
nc73515985,NC,MPR,,EHZ,1,85.0,,288.7,,106.5803371461
nc73515985,NC,MRC,,EHZ,1,91.0,,59.0,,37.06126903578
nc73516010,NC,MCV,,EHZ,-1,157.0,,277.5,,2.459631776392
nc73516010,NC,MCO,,EHZ,-1,129.0,,303.2,,6.475992525184
nc73516010,NC,MLH,,EHZ,-1,113.0,,353.3,,10.21325400821
nc73516010,NC,MLC,,EHZ,-1,113.0,,285.5,,10.423412419484
nc73516010,NC,MCS,,EHZ,1,108.0,,309.4,,11.88673765354
nc73516100,NP,1576,10.0,HNZ,1,98.0,,56.1,,12.46495127186
nc73516100,NC,MCO,,EHZ,1,98.0,,2.9,,12.43159279388
nc73516100,NC,MMX1,,HN3,-1,97.0,,327.1,,14.55541589194
nc73516100,NC,MDR,2.0,EHZ,1,97.0,,11.7,,14.83340320844
nc73516100,NC,MCS,,EHZ,-1,97.0,,349.1,,16.70147797532
nc73516100,NC,MQ1P,,EHZ,1,96.0,,311.4,,17.780068763339997
nc73516100,NC,MMP,,EHZ,1,96.0,,309.2,,18.05805607984
nc73516100,NC,MEM,,EHZ,-1,95.0,,340.8,,18.6807476688
nc73516100,NC,MMLB,,HHZ,-1,95.0,,330.4,,19.42575367702
nc73516100,NC,MLH,,EHZ,1,95.0,,14.3,,19.63702403756
nc73516100,NC,MDPB,,HHZ,1,85.0,,307.1,,23.1285447328
nc73516100,NC,MTU,2.0,EHZ,-1,79.0,,122.2,,32.0797363241
nc73516100,NC,MRC,,EHZ,1,78.0,,59.8,,37.00567157248
nc73516100,NC,MFB,,EHZ,-1,78.0,,102.4,,39.9745761127
nc73516100,NC,MCB,,HHZ,-1,97.0,,351.2,,15.41161682676
nc73516100,NC,MCV,,EHZ,1,109.0,,21.4,,9.881893126942
nc73516100,NC,MLC,,EHZ,-1,98.0,,341.1,,12.32039786728
nc73516100,NC,MLM,,EHZ,-1,83.0,,344.6,,25.44139920608
nc73516100,NC,MMT,,EHZ,1,80.0,,242.0,,31.023384521400004
nc73516210,NC,MCO,,EHZ,-1,143.0,,314.0,,1.3610259015839998
nc73516210,CI,MLAC,,HHZ,1,115.0,,32.4,,2.591953739046
nc73516210,NC,MCV,,EHZ,-1,110.0,,138.7,,3.032285648382
nc73516210,NC,MCB,,HHZ,-1,67.0,,313.6,,5.471902337986
nc73516210,NC,MLC,,EHZ,-1,66.0,,271.9,,5.605336249906
nc73516210,NC,MCS,,EHZ,-1,59.0,,316.1,,6.850719427826
nc73516215,NC,MLC,,EHZ,-1,69.0,,272.8,,5.56530607633
nc73516215,NC,MLH,,EHZ,1,59.0,,23.2,,8.327388053074
nc73516215,NC,MEM,,EHZ,-1,59.0,,309.2,,9.936378640976
nc73516215,NC,MMLB,,HHZ,1,59.0,,296.3,,12.46495127186
nc73516215,NC,MDPB,,HHZ,1,58.0,,277.2,,20.20411816322
nc73516215,CI,MLAC,,HHZ,1,116.0,,32.1,,2.694253071518
nc73516215,NC,MCB,,HHZ,-1,69.0,,314.6,,5.5041488667000005
nc73516215,NC,MCO,,EHZ,-1,143.0,,318.0,,1.396608278096
nc73516215,NC,MCS,,EHZ,-1,60.0,,316.9,,6.886301804338
nc73516215,NC,MCV,,EHZ,-1,112.0,,136.9,,2.993367424072
nc73516215,NC,MDR,2.0,EHZ,1,105.0,,24.7,,3.460386115792
nc73516215,NC,MMP,,EHZ,1,58.0,,270.1,,15.57840921666
nc73516220,NC,MCO,,EHZ,-1,140.0,,314.1,,1.465549132588
nc73516220,CI,MLAC,,HHZ,1,114.0,,30.2,,2.616416622898
nc73516220,NC,MCV,,EHZ,-1,111.0,,138.8,,2.927762417378
nc73516220,NC,MDR,2.0,EHZ,1,104.0,,23.1,,3.3958930583640003
nc73516220,NC,MCB,,HHZ,1,65.0,,313.6,,5.57642556899
nc73516220,NC,MLC,,EHZ,-1,65.0,,272.6,,5.68206074926
nc73516220,NC,MCS,,EHZ,-1,57.0,,316.1,,6.954130709564
nc73516240,NC,MQ1P,,EHZ,-1,162.0,,321.5,,1.270958011038
nc73516240,NC,MMP,,EHZ,-1,158.0,,294.4,,1.585639653316
nc73516240,NC,MMX1,,HN3,-1,125.0,,72.3,,4.871449734346
nc73516240,NC,MDPB,,HHZ,-1,113.0,,298.2,,6.706166023246
nc73516240,NC,MLC,,EHZ,1,106.0,,83.8,,8.619830710032002
nc73516600,NC,MCB,,HHZ,-1,104.0,,335.3,,13.48794459658
nc73516600,NC,MMX1,,HN3,-1,103.0,,309.5,,14.52205741396
nc73516600,NC,MCS,,EHZ,-1,103.0,,334.4,,14.87788117908
nc73516600,NC,MLH,,EHZ,-1,102.0,,5.5,,16.101025371680002
nc73516600,NC,MEM,,EHZ,-1,100.0,,327.3,,17.42424499822
nc73516600,NC,MQ1P,,EHZ,-1,99.0,,297.8,,18.81418158072
nc73516600,NC,MMLB,,HHZ,-1,99.0,,317.2,,18.9587349853
nc73516600,NC,MINS,,HHZ,1,90.0,,303.5,,24.14041856486
nc73516600,NC,MDPB,,HHZ,-1,90.0,,296.7,,24.36280841806
nc73516600,NC,MDC,2.0,EHZ,-1,90.0,,316.7,,26.84245528124
nc73516600,NC,MCO,,EHZ,-1,116.0,,344.2,,9.788489388598
nc73516600,NC,MCV,,EHZ,-1,132.0,,2.9,,6.208012752078
nc73516600,NC,MDR,2.0,EHZ,-1,110.0,,358.6,,11.51979439576
nc73516600,NC,MLC,,EHZ,-1,111.0,,320.0,,11.31964352788
nc73516740,NC,MCV,,EHZ,-1,114.0,,344.3,,14.477579443320002
nc73516740,NC,MCO,,EHZ,-1,110.0,,338.1,,18.50283578624
nc73516740,CI,MLAC,,HHZ,-1,109.0,,346.2,,18.94761549264
nc73516740,NC,MDR,2.0,EHZ,-1,108.0,,346.8,,19.78157744214
nc73516740,NC,MLC,,EHZ,-1,108.0,,324.9,,20.04844526598
nc73516740,NC,MCB,,HHZ,1,104.0,,333.7,,22.2945827833
nc73516740,NC,MTU,2.0,EHZ,1,103.0,,122.3,,23.16190321078
nc73516740,NC,MCS,,EHZ,1,103.0,,333.2,,23.69563885846
nc73516740,NC,MLH,,EHZ,-1,103.0,,353.6,,23.906909219
nc73516740,NC,MFB,,EHZ,1,98.0,,97.0,,31.712793066320003
nc73516740,NC,MDPB,,HHZ,1,98.0,,305.8,,32.0241388608
nc73516740,NC,MMT,,EHZ,1,95.0,,254.4,,36.32738252022
nc73516895,NC,MCV,,EHZ,-1,151.0,,356.0,,2.432944994008
nc73516895,NC,MCO,,EHZ,-1,119.0,,330.9,,6.467096931056001
nc73516895,NC,MDR,2.0,EHZ,1,113.0,,354.4,,7.784756811266001
nc73516895,NC,MLC,,EHZ,1,108.0,,302.2,,9.185812886426
nc73516895,NC,MLH,,EHZ,1,95.0,,5.0,,12.29815888196
nc73516895,NC,MQ1P,,EHZ,1,95.0,,286.2,,17.8467857193
nc73516895,NC,MMP,,EHZ,-1,94.0,,284.6,,18.39164085964
nc73516895,NC,MINS,,HHZ,1,85.0,,294.9,,22.72824299704
nc73516895,NC,MDPB,,HHZ,1,84.0,,287.9,,23.38429306398
nc73516895,NC,MDC,2.0,EHZ,-1,83.0,,309.8,,24.618556749240003
nc73516895,NC,MMT,,EHZ,1,75.0,,235.6,,37.77291656602
nc73517000,NP,1576,10.0,HNZ,1,117.0,,73.2,,9.82963151144
nc73517000,NC,MCB,,HHZ,1,111.0,,343.5,,11.608750337040002
nc73517000,NC,MMX1,,HN3,1,107.0,,312.5,,12.0090520728
nc73517000,NC,MCS,,EHZ,1,106.0,,341.6,,12.954208948900002
nc73517000,NC,MEM,,EHZ,-1,104.0,,332.4,,15.27818291484
nc73517000,NC,MQ1P,,EHZ,1,103.0,,298.2,,16.212220298280002
nc73517000,NC,MMP,,EHZ,1,103.0,,296.1,,16.634761019360003
nc73517000,NC,MDY,,HHZ,1,101.0,,313.3,,18.49171629358
nc73517000,NC,MINS,,HHZ,-1,96.0,,304.5,,21.56069626774
nc73517000,NC,MDC,2.0,EHZ,1,94.0,,318.9,,24.44064486668
nc73517000,NC,MTU,2.0,EHZ,-1,91.0,,129.0,,33.70318225246
nc73517000,NC,MRC,,EHZ,1,91.0,,65.0,,34.270276378119995
nc73517000,NC,MCD,,EHZ,1,91.0,,89.2,,36.77216222662
nc73517000,BK,TOLH,0.0,HHZ,1,86.0,,218.1,,83.80761617842
nc73517000,WR,FRI,,EHZ,1,85.0,,231.0,,97.0731709218
nc73517000,NC,MPR,,EHZ,1,85.0,,286.2,,105.90204809384
nc73517000,BK,BUCR,0.0,HHZ,1,84.0,,277.6,,114.8643591778
nc73517000,CI,MLAC,,HHZ,1,117.0,,12.1,,9.767362352544
nc73517000,NC,MCO,,EHZ,1,123.0,,357.8,,8.31182076335
nc73517000,NC,MCV,,EHZ,1,135.0,,27.6,,5.74877770522
nc73517000,NC,MDPB,,HHZ,1,96.0,,296.9,,21.76084713562
nc73517000,NC,MDR,2.0,EHZ,1,115.0,,11.2,,10.615779642502
nc73517000,NC,MHD,,EHZ,1,85.0,,242.9,,103.31120630406
nc73517000,NC,MLC,,EHZ,1,120.0,,326.9,,9.016796597994
nc73517000,NC,MLH,,EHZ,1,104.0,,14.6,,15.422736319419998
nc73517000,NC,MMI,,EHZ,1,86.0,,260.2,,79.44877505570001
nc73517000,NC,MMT,,EHZ,1,91.0,,236.6,,33.93669159832
nc73517080,NC,MCV,,EHZ,-1,147.0,,6.0,,2.569714753726
nc73517080,NC,MLH,,EHZ,1,92.0,,7.0,,12.47607076452
nc73517080,NC,MMT,,EHZ,1,74.0,,235.4,,37.33925635228
nc73517080,NC,MCB,,HHZ,1,102.0,,326.5,,10.315553340682
nc73517080,NC,MCO,,EHZ,1,116.0,,334.9,,6.379252939042
nc73517080,NC,MDR,2.0,EHZ,1,110.0,,357.6,,7.883720295940001
nc73517080,NC,MQ1P,,EHZ,-1,85.0,,287.0,,17.4576034762
nc73517115,NC,MDR,2.0,EHZ,1,118.0,,199.0,,6.736188653428
nc73517115,NC,MCS,,EHZ,1,107.0,,241.7,,9.49048698531
nc73517115,NC,MCB,,HHZ,1,107.0,,233.2,,9.451568761
nc73517115,NC,MCO,,EHZ,1,107.0,,208.3,,9.63504038989
nc73517115,NC,MLC,,EHZ,1,96.0,,224.8,,13.04316489018
nc73517115,NC,MLH,,EHZ,1,157.0,,190.6,,1.89587349853
nc73517120,NC,MCB,,HHZ,-1,166.0,,323.4,,1.624557877626
nc73517120,NC,MLC,,EHZ,-1,151.0,,228.6,,3.459274166526
nc73517120,CI,MLAC,,HHZ,-1,145.0,,93.6,,4.40331909336
nc73517120,NC,MEM,,EHZ,1,135.0,,308.0,,6.0323247680500005
nc73517120,NC,MMX1,,HN3,1,131.0,,255.1,,6.750643993886
nc73517120,NC,MCV,,EHZ,-1,131.0,,133.5,,6.8918615506680005
nc73517120,NC,MLH,,EHZ,1,125.0,,50.7,,8.066079975564
nc73517120,NC,MMLB,,HHZ,1,123.0,,289.7,,8.736585382962
nc73517120,NC,MQ1P,,EHZ,1,108.0,,259.5,,12.16472497004
nc73517120,NC,MINS,,HHZ,1,105.0,,278.7,,15.63400667996
nc73517120,NC,MDC,2.0,EHZ,1,105.0,,302.0,,16.20110080562
nc73517120,NC,MDPB,,HHZ,1,104.0,,269.9,,17.079540725759998
nc73517120,NC,MMT,,EHZ,1,91.0,,222.3,,38.55128105222
nc73517120,NC,MCO,,EHZ,-1,158.0,,127.0,,2.526348732352
nc73517120,NC,MDR,2.0,EHZ,-1,145.0,,82.4,,4.448909013265999
nc73517120,NC,MMP,,EHZ,1,108.0,,258.6,,12.86525300762
nc73517145,NC,MCS,,EHZ,-1,157.0,,322.3,,2.74651468702
nc73517145,NC,MLC,,EHZ,1,150.0,,224.3,,3.609387317436001
nc73517145,CI,MLAC,,HHZ,-1,144.0,,97.3,,4.504506476566
nc73517145,NC,MEM,,EHZ,1,137.0,,306.2,,5.795479574392
nc73517145,NC,MMX1,,HN3,1,131.0,,252.6,,6.761763486546
nc73517145,NC,MCV,,EHZ,-1,130.0,,134.8,,7.14983378038
nc73517145,NC,MMLB,,HHZ,1,124.0,,288.0,,8.570904942328
nc73517145,NC,MINS,,HHZ,1,106.0,,277.7,,15.511692260700002
nc73517145,NC,MDC,2.0,EHZ,-1,105.0,,301.2,,15.98983044508
nc73517145,NC,MDPB,,HHZ,1,104.0,,268.9,,17.0128237698
nc73517145,NC,MMT,,EHZ,1,91.0,,222.0,,38.71807344212
nc73517145,NC,MCB,,HHZ,-1,168.0,,318.4,,1.347682510392
nc73517145,NC,MCO,,EHZ,-1,157.0,,131.0,,2.769865621606
nc73517145,NC,MDR,2.0,EHZ,-1,145.0,,86.2,,4.493386983906
nc73517145,NC,MLH,,EHZ,-1,126.0,,52.7,,7.940429708506
nc73517145,NC,MMP,,EHZ,1,108.0,,257.2,,12.85413351496
nc73517220,NC,MTU,2.0,EHZ,-1,126.0,,199.1,,7.07199733176
nc73517220,NC,MFB,,EHZ,1,115.0,,79.4,,9.731779976032
nc73517220,NC,MCV,,EHZ,1,90.0,,307.4,,32.435560089220004
nc73517220,NC,MDR,2.0,EHZ,1,87.0,,313.6,,36.32738252022
nc73517220,NC,MLC,,EHZ,1,87.0,,303.6,,40.07465154664
nc73517220,NC,MCB,,HHZ,1,87.0,,309.1,,40.8641355255
nc73517220,NC,MDC,2.0,EHZ,1,87.0,,306.7,,55.4306709101
nc73517230,NC,MMLB,,HHZ,-1,97.0,,306.8,,16.64588051202
nc73517230,NC,MQ1P,,EHZ,1,96.0,,285.8,,17.74671028536
nc73517230,NC,MMP,,EHZ,1,96.0,,284.2,,18.2915654257
nc73517230,NC,MDY,,HHZ,-1,96.0,,301.3,,19.0143324486
nc73517230,NC,MCY,,EHZ,-1,95.0,,294.8,,19.55918758894
nc73517230,NC,MINS,,HHZ,-1,87.0,,294.6,,22.60592857778
nc73517230,NC,MDC,2.0,EHZ,-1,85.0,,309.7,,24.47400334466
nc73517230,NC,MTU,2.0,EHZ,-1,80.0,,135.8,,33.53638986256
nc73517230,BK,TOLH,0.0,HHZ,-1,78.0,,218.4,,87.74391658006
nc73517230,BK,LIND,0.0,HHZ,-1,77.0,,188.6,,136.5473698648
nc73517230,CI,MLAC,,HHZ,1,122.0,,353.9,,6.7762188270040005
nc73517230,NC,MCB,,HHZ,-1,109.0,,323.9,,10.30776969582
nc73517230,NC,MCO,,EHZ,1,125.0,,330.7,,6.309200135284
nc73517230,NC,MCS,,EHZ,-1,104.0,,324.2,,11.70882577098
nc73517230,NC,MCV,,EHZ,-1,155.0,,357.2,,2.281719893832
nc73517230,NC,MDPB,,HHZ,-1,86.0,,287.6,,23.28421763004
nc73517230,NC,MEM,,EHZ,-1,98.0,,317.5,,14.57765487726
nc73517230,NC,MLH,,EHZ,1,99.0,,5.3,,12.15360547738
nc73517230,NC,MMT,,EHZ,1,78.0,,235.4,,37.806275044
nc73517230,NC,MRC,,EHZ,1,81.0,,67.6,,30.589724307660003
nc73517290,NC,MCV,,EHZ,-1,156.0,,357.8,,2.131606742922
nc73517290,NP,1576,10.0,HNZ,-1,121.0,,91.2,,6.661688052606
nc73517290,NC,MLC,,EHZ,1,111.0,,300.9,,8.955639388364
nc73517290,NC,MCB,,HHZ,-1,107.0,,323.5,,10.170999936102
nc73517290,NC,MMX1,,HN3,1,98.0,,294.0,,12.70958011038
nc73517290,NC,MQ1P,,EHZ,1,96.0,,285.4,,17.679993329400002
nc73517290,NC,MDY,,HHZ,-1,95.0,,301.0,,18.91425701466
nc73517290,NC,MCY,,EHZ,-1,95.0,,294.4,,19.47023164766
nc73517290,NC,MDC,2.0,EHZ,-1,84.0,,309.4,,24.36280841806
nc73517290,BK,TOLH,0.0,HHZ,1,76.0,,218.4,,87.83287252134001
nc73517290,BK,HELL,0.0,HHZ,1,76.0,,189.9,,100.36454074916
nc73517290,BK,LIND,0.0,HHZ,1,76.0,,188.6,,136.6585647914
nc73517290,CI,MLAC,,HHZ,1,121.0,,354.0,,6.624993726828
nc73517290,NC,MCO,,EHZ,1,124.0,,330.2,,6.16575867997
nc73517290,NC,MCS,,EHZ,-1,103.0,,323.8,,11.57539185906
nc73517290,NC,MDPB,,HHZ,1,85.0,,287.2,,23.20638118142
nc73517290,NC,MEM,,EHZ,-1,97.0,,317.2,,14.455340458
nc73517290,NC,MINS,,HHZ,-1,86.0,,294.3,,22.5169726365
nc73517290,NC,MLH,,EHZ,1,101.0,,5.5,,12.0090520728
nc73517290,NC,MLI,,HHZ,-1,95.0,,293.7,,18.28044593304
nc73517290,NC,MMLB,,HHZ,-1,96.0,,306.5,,16.53468558542
nc73517290,NC,MMP,,EHZ,1,95.0,,283.8,,18.2359679624
nc73517290,NC,MMT,,EHZ,1,77.0,,235.2,,37.87299199996
nc73517290,NC,MRC,,EHZ,1,80.0,,67.9,,30.56748532234
nc73517320,NC,MCV,,EHZ,1,152.0,,356.7,,2.708708411976
nc73517320,NC,MCO,,EHZ,1,123.0,,332.1,,6.7039421247140005
nc73517320,NC,MLC,,EHZ,1,112.0,,303.7,,9.32369459541
nc73517320,NC,MCB,,HHZ,-1,108.0,,325.1,,10.679160750664
nc73517320,NC,MLH,,EHZ,1,100.0,,5.0,,12.576146198460002
nc73517320,NC,MMX1,,HN3,1,99.0,,296.2,,13.02092590486
nc73517320,NC,MDPB,,HHZ,1,86.0,,288.5,,23.45101001994
nc73517330,NP,1576,10.0,HNZ,1,113.0,,89.8,,6.926331977914
nc73517330,NC,MLC,,EHZ,1,106.0,,302.7,,8.81775767938
nc73517330,NC,MCB,,HHZ,-1,102.0,,325.3,,10.150984849314
nc73517330,NC,MMX1,,HN3,-1,91.0,,295.2,,12.53166822782
nc73517330,NC,MDH,,HNZ,1,92.0,,330.9,,14.04391922958
nc73517330,NC,MDH1,1.0,DP1,1,92.0,,330.9,,14.04391922958
nc73517330,NC,MEM,,EHZ,-1,93.0,,318.4,,14.3997429947
nc73517330,NC,MQ1P,,EHZ,1,85.0,,286.1,,17.46872296886
nc73517330,NC,MMP,,EHZ,1,85.0,,284.5,,18.0135781092
nc73517330,NC,MDY,,HHZ,1,85.0,,301.8,,18.76970361008
nc73517330,NC,MCY,,EHZ,1,85.0,,295.2,,19.2923197651
nc73517330,NC,MINS,,HHZ,1,84.0,,295.0,,22.3501802466
nc73517330,NC,MDC,2.0,EHZ,-1,82.0,,310.1,,24.26273298412
nc73517330,NC,MMT,,EHZ,1,74.0,,235.2,,37.56164620548
nc73517330,CI,MLAC,,HHZ,1,113.0,,356.4,,6.768435182142
nc73517330,NC,MCO,,EHZ,1,117.0,,333.1,,6.185773766758
nc73517330,NC,MCS,,EHZ,-1,97.0,,325.4,,11.55315287374
nc73517330,NC,MCV,,EHZ,-1,149.0,,4.5,,2.303958879152
nc73517330,NC,MDR,2.0,EHZ,1,110.0,,356.9,,7.629083914026
nc73517330,NC,MLH,,EHZ,1,91.0,,6.7,,12.20920294068
nc73517495,NC,MCO,,EHZ,1,110.0,,337.4,,6.357013953722
nc73517495,NP,1576,10.0,HNZ,1,106.0,,87.0,,7.28882743863
nc73517495,NC,MLC,,EHZ,-1,101.0,,305.9,,8.723241991770001
nc73517495,NC,MCB,,HHZ,-1,97.0,,328.0,,10.249948333988
nc73517495,NC,MCS,,EHZ,-1,94.0,,327.8,,11.65322830768
nc73517495,NC,MMX1,,HN3,-1,90.0,,297.3,,12.37599533058
nc73517495,NC,MEM,,EHZ,-1,90.0,,320.4,,14.43310147268
nc73517495,NC,MQ1P,,EHZ,-1,85.0,,287.6,,17.235213623
nc73517495,NC,MMP,,EHZ,-1,85.0,,285.9,,17.76894927068
nc73517495,NC,MINS,,HHZ,-1,82.0,,296.2,,22.1833878567
nc73517495,NC,MDPB,,HHZ,-1,82.0,,288.9,,22.78384046034
nc73517495,NC,MBS1,,EP1,1,81.0,,336.1,,23.6845193658
nc73517495,NC,MMT,,EHZ,-1,72.0,,235.3,,37.07238852844
nc73517495,BK,TOLH,0.0,HHZ,1,70.0,,218.2,,87.04338854248
nc73517495,CI,MLAC,,HHZ,1,106.0,,359.4,,7.1075797082720005
nc73517495,NC,MCV,,EHZ,-1,140.0,,11.4,,2.70203671638
nc73517495,NC,MDR,2.0,EHZ,1,103.0,,359.6,,7.969340389422
nc73517495,NC,MLH,,EHZ,1,90.0,,8.1,,12.59838518378
nc73517586,CI,MLAC,,HHZ,1,105.0,,332.6,,28.388064760980004
nc73517586,NC,MDR,2.0,EHZ,-1,104.0,,333.4,,29.15530975452
nc73517586,NC,MLH,,EHZ,1,102.0,,339.8,,32.546755015820004
nc73517586,NC,MMX1,,HN3,1,102.0,,314.8,,33.8032576864
nc73517590,NC,MCV,,EHZ,1,98.0,,28.2,,9.041259481846
nc73517590,NC,MLC,,EHZ,-1,94.0,,342.4,,10.927125436982
nc73517590,NC,MCO,,EHZ,-1,94.0,,6.6,,11.25292657192
nc73517615,NC,MLC,,EHZ,-1,131.0,,314.7,,6.5605006694
nc73517615,CI,MLAC,,HHZ,1,129.0,,19.3,,7.003056477267999
nc73517615,NC,MCB,,HHZ,-1,121.0,,339.7,,8.732137585898
nc73517615,NC,MMX1,,HN3,1,116.0,,301.1,,10.030894328586
nc73517615,NC,MEM,,EHZ,-1,106.0,,327.3,,12.59838518378
nc73517615,NC,MLH,,EHZ,1,106.0,,19.2,,12.68734112506
nc73517615,NC,MINS,,HHZ,-1,99.0,,297.9,,19.81493592012
nc73517615,NC,MDPB,,HHZ,1,98.0,,289.8,,20.3486715678
nc73517615,NC,MBS1,,EP1,-1,95.0,,341.2,,22.33906075394
nc73517615,NC,MCO,,EHZ,1,137.0,,359.4,,5.364043259184
nc73517615,NC,MCV,,EHZ,1,149.0,,53.7,,3.637186049086
nc73517615,NC,MDR,2.0,EHZ,1,125.0,,17.3,,7.827010883373999
nc73517775,CI,MLAC,,HHZ,1,167.0,,295.2,,1.84027603523
nc73517775,NC,MDR,2.0,EHZ,1,163.0,,315.0,,2.32953371227
nc73517775,NC,MCV,,EHZ,1,153.0,,195.9,,3.826217424306
nc73517775,NC,MCO,,EHZ,1,152.0,,263.4,,4.068622364294
nc73517775,NC,MLH,,EHZ,1,141.0,,1.8,,6.151303339512
nc73517775,NC,MCB,,HHZ,-1,135.0,,288.6,,7.41670160422
nc73517775,NC,MCS,,EHZ,-1,130.0,,294.3,,8.576464688658001
nc73517775,NC,MLC,,EHZ,1,130.0,,261.9,,8.749928774154
nc73517775,NC,MQ1P,,EHZ,1,109.0,,266.4,,18.05805607984
nc73517775,NC,MMP,,EHZ,1,109.0,,265.5,,18.7363451321
nc73517775,NC,MINS,,HHZ,-1,104.0,,279.1,,21.78308612094
nc73517775,NC,MDC,2.0,EHZ,-1,104.0,,296.0,,22.02771495946
nc73517775,NC,MDPB,,HHZ,1,102.0,,272.6,,23.17302270344
nc73517781,NC,MCV,,EHZ,-1,127.0,,15.1,,12.97644793422
nc73517781,NC,MLC,,EHZ,-1,124.0,,344.3,,15.567289724000002
nc73517781,NC,MCO,,EHZ,-1,124.0,,1.5,,15.74520160656
nc73517781,NC,MDR,2.0,EHZ,-1,120.0,,8.9,,18.0691755725
nc73517781,NC,MMT,,EHZ,1,106.0,,247.9,,29.82247931412
nc73517781,NC,MTU,2.0,EHZ,1,106.0,,117.1,,30.245020035200003
nc73517906,NC,MCV,,EHZ,-1,175.0,,131.4,,0.8093878707214
nc73517906,NC,MGPB,,EHZ,1,146.0,,300.5,,6.84960747856
nc73517906,NC,MLC,,EHZ,1,144.0,,285.4,,7.259916757714
nc73517906,NC,MCB,,HHZ,-1,143.0,,315.8,,7.68912917439
nc73517906,NC,MMX1,,HN3,-1,131.0,,282.8,,11.20844860128
nc73517906,NC,MDH1,1.0,DP1,1,130.0,,325.8,,11.40859946916
nc73517906,NC,MQ1P,,EHZ,1,120.0,,277.0,,16.490207614779997
nc73517906,NC,MMP,,EHZ,-1,119.0,,275.6,,17.10177971108
nc73517906,NC,MINS,,HHZ,-1,113.0,,288.4,,20.9046462008
nc73517906,NC,MDPB,,HHZ,1,112.0,,281.1,,21.88316155488
nc73517906,NC,MDC,2.0,EHZ,-1,111.0,,305.2,,22.19450734936
nc73517906,NC,MMT,,EHZ,1,99.0,,231.4,,38.90710481734
nc73517915,NC,MCO,,EHZ,1,121.0,,335.0,,5.963383913558
nc73517915,CI,MLAC,,HHZ,1,117.0,,358.7,,6.646120762882
nc73517915,NC,MMX1,,HN3,1,94.0,,295.2,,12.231441926
nc73517915,NC,MQ1P,,EHZ,1,94.0,,286.0,,17.1796161597
nc73517915,NC,MMP,,EHZ,1,94.0,,284.4,,17.71335180738
nc73517915,NC,MINS,,HHZ,1,85.0,,295.0,,22.04995394478
nc73517915,NC,MDPB,,HHZ,1,84.0,,287.8,,22.70600401172
nc73517915,NC,MMT,,EHZ,1,75.0,,234.8,,37.39485381558
nc73517915,NC,MDR,2.0,EHZ,1,113.0,,359.0,,7.507881444032
nc73517915,NC,MLC,,EHZ,1,109.0,,303.1,,8.521979174624
nc73517915,NC,MCB,,HHZ,-1,105.0,,326.3,,9.90190821373
nc73517915,NC,MLH,,EHZ,1,94.0,,8.1,,12.13136649206
nc73517915,NC,MCV,,EHZ,-1,152.0,,11.9,,2.233906075394
nc73518071,NC,MTU,2.0,EHZ,1,151.0,,185.6,,4.015248799526001
nc73518071,NC,MFB,,EHZ,-1,113.0,,68.7,,12.33151735994
nc73518071,NC,MCO,,EHZ,-1,93.0,,313.7,,37.07238852844
nc73518071,NC,MLC,,EHZ,1,92.0,,308.4,,40.07465154664
nc73518071,NC,MBS1,,EP1,1,90.0,,320.7,,53.52923766524
nc73518071,NC,MMT,,EHZ,1,90.0,,268.7,,55.00813018902
nc73518071,NC,MDC,2.0,EHZ,-1,90.0,,310.1,,55.57522431468001
nc73518121,NC,MCV,,EHZ,1,78.0,,305.7,,32.60235247912
nc73518121,NC,MMT,,EHZ,1,76.0,,265.4,,57.821361832
nc73518121,NC,MTU,2.0,EHZ,-1,114.0,,202.3,,7.963780643092001
nc73518121,NC,MFB,,EHZ,1,110.0,,82.9,,8.926728707448001
nc73518121,NC,MRC,,EHZ,-1,81.0,,3.9,,28.28798932704
nc73518126,NC,MCV,,EHZ,-1,135.0,,21.1,,2.901075634994
nc73518126,NC,MCO,,EHZ,1,107.0,,341.9,,6.2291397881320005
nc73518126,NC,MDR,2.0,EHZ,1,100.0,,3.2,,8.037169294648
nc73518126,NC,MLC,,EHZ,1,99.0,,308.3,,8.344067292064
nc73518126,NC,MLH,,EHZ,1,90.0,,10.3,,12.74293858836
nc73518126,NC,MQ1P,,EHZ,1,85.0,,288.3,,16.76819493128
nc73518126,NC,MMP,,EHZ,-1,85.0,,286.6,,17.2908110863
nc73518126,NC,MBS1,,EP1,-1,80.0,,337.3,,23.52884646856
nc73518126,NC,MMT,,EHZ,1,72.0,,234.9,,36.61648932938
nc73518131,NC,MTU,2.0,EHZ,-1,124.0,,204.8,,7.873712752546
nc73518131,NC,MFB,,EHZ,1,120.0,,81.2,,8.67876402113
nc73518131,NC,MCV,,EHZ,1,90.0,,305.7,,32.95817624424
nc73518131,NC,MDR,2.0,EHZ,1,91.0,,312.0,,36.73880374864
nc73518131,NC,MLH,,EHZ,-1,91.0,,318.8,,38.62911750084
nc73518131,NC,MLC,,EHZ,-1,88.0,,302.3,,40.65286516496
nc73518131,NC,MMT,,EHZ,1,88.0,,265.6,,58.07711016318
nc73518171,NP,1576,10.0,HNZ,-1,119.0,,29.5,,10.52459980269
nc73518171,NC,MMX1,,HN3,-1,103.0,,317.9,,19.48135114032
nc73518171,NC,MCS,,EHZ,-1,102.0,,336.1,,20.393149538440003
nc73518171,NC,MEM,,EHZ,-1,99.0,,330.5,,22.8505574163
nc73518171,NC,MDH,,HNZ,1,98.0,,338.2,,23.03958879152
nc73518171,NC,MQ1P,,EHZ,-1,98.0,,307.1,,23.1841421961
nc73518171,NC,MMP,,EHZ,-1,98.0,,305.5,,23.5177269759
nc73518171,NC,MMLB,,HHZ,-1,98.0,,322.4,,24.14041856486
nc73518171,NC,MDY,,HHZ,-1,97.0,,317.1,,25.95289586844
nc73518171,NC,MTU,2.0,EHZ,-1,97.0,,124.1,,26.553348472080003
nc73518171,NC,MINS,,HHZ,-1,95.0,,310.2,,28.75500801876
nc73518171,NC,MDC,2.0,EHZ,-1,94.0,,320.7,,31.99078038282
nc73518171,NC,MRC,,EHZ,1,93.0,,52.2,,33.958930583640004
nc73518171,NC,MFB,,EHZ,-1,93.0,,100.7,,34.470427246
nc73518171,NC,MMT,,EHZ,1,93.0,,249.3,,34.82625101112
nc73518171,CI,MLAC,,HHZ,-1,107.0,,352.3,,16.02318892306
nc73518171,NC,MCB,,HHZ,-1,104.0,,336.8,,19.00321295594
nc73518171,NC,MCO,,EHZ,-1,108.0,,342.9,,15.32266088548
nc73518171,NC,MCV,,EHZ,-1,115.0,,352.3,,11.51979439576
nc73518171,NC,MDPB,,HHZ,-1,95.0,,304.4,,28.621574106840004
nc73518171,NC,MDR,2.0,EHZ,-1,106.0,,352.8,,16.87938985788
nc73518171,NC,MGPB,,EHZ,-1,106.0,,332.5,,17.4020060129
nc73518171,NC,MLC,,EHZ,-1,107.0,,326.7,,16.6236415267
nc73518171,NC,MLH,,EHZ,-1,101.0,,359.2,,21.24935047326
nc73518191,NC,MCY,,EHZ,1,141.0,,38.6,,2.028195461184
nc73518191,NC,MLI,,HHZ,-1,134.0,,68.2,,2.431833044742
nc73518191,NC,MMP,,EHZ,-1,134.0,,148.3,,2.4774229646480004
nc73518191,NC,MQ1P,,EHZ,1,132.0,,132.1,,2.636431709686
nc73518191,NC,MDPB,,HHZ,1,125.0,,277.2,,3.190182444154
nc73518191,NC,MINS,,HHZ,1,125.0,,331.2,,3.183510748558
nc73518191,NC,MDY,,HHZ,1,113.0,,40.2,,4.2765568770360005
nc73518191,NC,MDC,2.0,EHZ,1,94.0,,0.9,,8.994557612674
nc73518191,NC,MLC,,EHZ,1,88.0,,99.2,,11.46419693246
nc73518191,NC,MGPB,,EHZ,-1,89.0,,91.3,,12.42047330122
nc73518191,NC,MBS1,,EP1,1,83.0,,30.6,,17.090660218420002
nc73518196,NC,MCY,,EHZ,1,133.0,,37.1,,2.219450734936
nc73518196,NC,MMP,,EHZ,-1,131.0,,144.4,,2.364004139516
nc73518196,NC,MQ1P,,EHZ,-1,129.0,,127.9,,2.57416255079
nc73518196,NC,MDPB,,HHZ,1,122.0,,280.8,,3.14681642278
nc73518196,NC,MINS,,HHZ,1,119.0,,333.9,,3.312496863414
nc73518196,NC,MDC,2.0,EHZ,1,89.0,,1.4,,9.181365089362
nc73518221,NC,MLC,,EHZ,1,120.0,,328.0,,8.733249535164
nc73518221,NC,MGPB,,EHZ,1,116.0,,338.4,,9.62392089723
nc73518221,NC,MDR,2.0,EHZ,1,113.0,,12.9,,10.532383447552
nc73518221,NC,MLH,,EHZ,1,103.0,,15.8,,15.35601936346
nc73518221,NC,MQ1P,,EHZ,-1,102.0,,298.2,,15.87863551848
nc73518221,NC,MMP,,EHZ,-1,102.0,,296.1,,16.31229573222
nc73518221,NC,MINS,,HHZ,-1,95.0,,304.6,,21.2382309806
nc73518221,NC,MDPB,,HHZ,1,95.0,,296.9,,21.42726235582
nc73518221,NC,MDC,2.0,EHZ,1,91.0,,319.2,,24.1292990722
nc73518221,NC,MMT,,EHZ,1,90.0,,236.1,,33.76989920842
nc73518221,CI,MLAC,,HHZ,1,116.0,,14.0,,9.69063785319
nc73518221,NC,MCB,,HHZ,1,111.0,,344.7,,11.38636048384
nc73518221,NC,MCO,,EHZ,1,122.0,,359.8,,8.157259815376
nc73518221,NC,MCV,,EHZ,1,134.0,,30.8,,5.7632330456780005
nc73518255,NC,MCV,,EHZ,1,94.0,,334.8,,16.745955945960002
nc73518255,NC,MTU,2.0,EHZ,-1,84.0,,124.3,,19.81493592012
nc73518255,NC,MLC,,EHZ,1,83.0,,320.1,,22.97287183556
nc73518266,NC,MMP,,EHZ,1,135.0,,143.6,,2.3662280380480003
nc73518266,NC,MQ1P,,EHZ,-1,132.0,,127.2,,2.58528204345
nc73518266,NC,MDPB,,HHZ,1,126.0,,281.2,,3.121241589662
nc73518266,NC,MINS,,HHZ,1,123.0,,334.5,,3.316944660478
nc73518266,NC,MBS1,,EP1,-1,83.0,,30.5,,17.31305007162
nc73518271,NC,MCV,,EHZ,-1,123.0,,339.4,,13.53242256722
nc73518271,NC,MCO,,EHZ,-1,118.0,,334.0,,17.66887383674
nc73518271,CI,MLAC,,HHZ,-1,117.0,,342.6,,17.94686115324
nc73518271,NC,MDR,2.0,EHZ,-1,116.0,,343.4,,18.76970361008
nc73518271,NC,MLC,,EHZ,1,115.0,,320.8,,19.54806809628
nc73518271,NC,MGPB,,EHZ,-1,114.0,,326.0,,20.1262817146
nc73518271,NC,MCB,,HHZ,-1,112.0,,330.2,,21.5718157604
nc73518271,NC,MTU,2.0,EHZ,-1,109.0,,126.1,,23.1841421961
nc73518271,NC,MDPB,,HHZ,-1,102.0,,303.0,,32.00189987548
nc73518271,NC,MINS,,HHZ,-1,102.0,,308.2,,32.05749733878
nc73518271,NC,MDC,2.0,EHZ,-1,101.0,,317.9,,35.04864086432
nc73518271,NC,MMT,,EHZ,1,99.0,,252.8,,37.49492924952
nc73518276,NC,MCV,,EHZ,-1,122.0,,340.9,,13.7881708984
nc73518276,NC,MCO,,EHZ,-1,117.0,,335.3,,17.9023831826
nc73518276,CI,MLAC,,HHZ,-1,116.0,,343.7,,18.22484846974
nc73518276,NC,MDR,2.0,EHZ,-1,115.0,,344.5,,19.04769092658
nc73518276,NC,MLC,,EHZ,-1,114.0,,322.0,,19.6815020082
nc73518276,NC,MGPB,,EHZ,1,113.0,,327.2,,20.30419359716
nc73518276,NC,MTU,2.0,EHZ,-1,109.0,,125.0,,23.17302270344
nc73518276,NC,MQ1P,,EHZ,-1,106.0,,306.0,,26.553348472080003
nc73518276,NC,MMP,,EHZ,-1,106.0,,304.6,,26.88693325188
nc73518276,NC,MDPB,,HHZ,-1,102.0,,303.8,,32.00189987548
nc73518276,NC,MINS,,HHZ,-1,102.0,,309.0,,32.090855816760005
nc73518276,NC,MDC,2.0,EHZ,-1,100.0,,318.6,,35.15983579092
nc73518276,NC,MMT,,EHZ,1,99.0,,253.3,,37.15022497706
nc73518281,NC,MCO,,EHZ,-1,120.0,,331.0,,6.687262885724
nc73518281,NC,MCB,,HHZ,-1,105.0,,324.4,,10.678048801398
nc73518281,NC,MMX1,,HN3,-1,97.0,,295.7,,13.07652336816
nc73518281,NC,MDH1,1.0,DP1,1,96.0,,330.0,,14.55541589194
nc73518281,NC,MMLB,,HHZ,-1,96.0,,307.5,,16.979465291820002
nc73518281,NC,MINS,,HHZ,-1,85.0,,295.3,,22.89503538694
nc73518281,NC,MBS1,,EP1,-1,84.0,,334.3,,24.00698465294
nc73518281,NC,MDC,2.0,EHZ,-1,83.0,,310.1,,24.81870761712
nc73518281,NN,LHV,,HHZ,1,76.0,,20.2,,81.11669895470001
nc73518281,BK,TOLH,0.0,HHZ,1,76.0,,218.6,,87.55488520484
nc73518281,WR,FRI,,EHZ,-1,76.0,,231.0,,100.89827639684
nc73518281,NN,SJC,,EHZ,-1,76.0,,328.5,,102.27709348668
nc73518281,NC,MPR,,EHZ,1,75.0,,284.6,,108.07034916254
nc73518281,BK,BUCR,0.0,HHZ,-1,75.0,,276.2,,117.4218424896
nc73518281,BK,KARE,0.0,HHZ,1,75.0,,209.4,,123.3151735994
nc73518281,NC,MGS,1.0,EHZ,1,75.0,,231.2,,124.9830974984
nc73518281,BK,MERC,0.0,HHZ,1,75.0,,262.7,,145.7765487726
nc73518281,BK,HELL,0.0,HHZ,1,76.0,,190.1,,99.89752205744
nc73518281,CI,MLAC,,HHZ,1,118.0,,353.0,,7.142050135518
nc73518281,NC,BMS,,EHZ,1,73.0,,240.7,,201.4852069992
nc73518281,NC,MCS,,EHZ,-1,97.0,,324.6,,12.08688852142
nc73518281,NC,MCV,,EHZ,-1,150.0,,354.4,,2.643103405282
nc73518281,NC,MDPB,,HHZ,1,85.0,,288.3,,23.52884646856
nc73518281,NC,MDR,2.0,EHZ,1,114.0,,353.9,,7.997139121072
nc73518281,NC,MDY,,HHZ,-1,95.0,,302.0,,19.32567824308
nc73518281,NC,MEM,,EHZ,-1,96.0,,318.0,,14.93347864238
nc73518281,NC,MGPB,,EHZ,-1,109.0,,314.5,,9.481591391182
nc73518281,NC,MHD,,EHZ,1,75.0,,242.5,,107.03623634516
nc73518281,NC,MLC,,EHZ,1,109.0,,303.0,,9.369284515316
nc73518281,NC,MLH,,EHZ,1,97.0,,4.5,,12.49830974984
nc73518281,NC,MMI,,EHZ,1,76.0,,258.9,,82.77350336104
nc73518281,NC,MMP,,EHZ,1,95.0,,285.2,,18.52507477156
nc73518281,NC,MMT,,EHZ,1,76.0,,236.0,,37.73955808804
nc73518281,NC,MQ1P,,EHZ,1,95.0,,286.8,,17.99133912388
nc73518281,NC,MRC,,EHZ,1,79.0,,66.9,,30.589724307660003
nc73518281,NC,MTU,2.0,EHZ,-1,78.0,,135.5,,33.18056609744
nc73518306,NC,MCV,,EHZ,-1,153.0,,8.0,,2.245025568054
nc73518306,NC,MCO,,EHZ,1,123.0,,333.9,,6.0601234997
nc73518306,CI,MLAC,,HHZ,1,119.0,,357.5,,6.68837483499
nc73518306,NC,MDR,2.0,EHZ,1,115.0,,357.9,,7.549023566874001
nc73518306,NC,MLC,,EHZ,1,110.0,,302.8,,8.666532579204
nc73518306,NC,MQ1P,,EHZ,1,95.0,,286.0,,17.324169564279998
nc73518306,NC,MMP,,EHZ,-1,95.0,,284.4,,17.869024704620003
nc73518306,NC,MINS,,HHZ,-1,85.0,,294.9,,22.19450734936
nc73518306,NC,MDPB,,HHZ,1,85.0,,287.7,,22.86167690896
nc73518306,NC,MMT,,EHZ,1,76.0,,234.9,,37.49492924952
nc73518316,NC,MCV,,EHZ,-1,117.0,,358.0,,8.203961684548
nc73518316,NC,MCO,,EHZ,-1,105.0,,344.0,,11.87561816088
nc73518316,NC,MLC,,EHZ,-1,100.0,,323.6,,13.26555474338
nc73518316,NC,MDR,2.0,EHZ,-1,100.0,,356.3,,13.54354205988
nc73518316,NC,MGPB,,EHZ,1,100.0,,331.0,,13.96608278096
nc73518336,NC,MCV,,EHZ,-1,147.0,,13.8,,2.365116088782
nc73518336,NC,MCO,,EHZ,-1,116.0,,336.4,,6.022317224656
nc73518336,NC,MDR,2.0,EHZ,1,109.0,,359.8,,7.617964421366
nc73518336,NC,MLC,,EHZ,1,105.0,,304.1,,8.497516290772001
nc73518336,NC,MCB,,HHZ,-1,101.0,,327.1,,9.937490590242
nc73518336,NC,MLH,,EHZ,1,90.0,,8.5,,12.253680911320002
nc73518336,NC,MQ1P,,EHZ,1,85.0,,286.5,,17.10177971108
nc73518336,NC,MMP,,EHZ,1,85.0,,284.8,,17.64663485142
nc73518336,NC,MINS,,HHZ,-1,83.0,,295.4,,22.00547597414
nc73518336,NC,MDPB,,HHZ,1,83.0,,288.1,,22.63928705576
nc73518341,NC,MCV,,EHZ,-1,152.0,,22.2,,2.2227865827340003
nc73518341,NC,MCO,,EHZ,1,123.0,,338.0,,5.690956343388001
nc73518341,NC,MCB,,HHZ,1,106.0,,327.7,,9.583890723654
nc73518341,NC,MLH,,EHZ,1,95.0,,9.9,,12.0646495361
nc73518341,NC,MQ1P,,EHZ,1,94.0,,286.0,,16.76819493128
nc73518341,NC,MMP,,EHZ,-1,94.0,,284.3,,17.31305007162
nc73518341,NC,MINS,,HHZ,-1,85.0,,295.1,,21.64965220902
nc73518341,NC,MMT,,EHZ,1,75.0,,234.3,,37.15022497706
nc73518361,NC,MCV,,EHZ,-1,126.0,,10.9,,13.07652336816
nc73518361,CI,MLAC,,HHZ,-1,121.0,,6.1,,17.4020060129
nc73518361,NC,MMX1,,HN3,-1,119.0,,330.4,,18.25820694772
nc73518361,NC,MDR,2.0,EHZ,-1,119.0,,5.9,,18.25820694772
nc73518361,NC,MCB,,HHZ,-1,118.0,,349.5,,19.20336382382
nc73518361,NC,MCS,,EHZ,-1,116.0,,348.0,,20.49322497238
nc73518361,NC,MQ1P,,EHZ,-1,115.0,,316.8,,21.13815554666
nc73518361,NC,MMP,,EHZ,-1,114.0,,314.9,,21.3494259072
nc73518361,NC,MEM,,EHZ,-1,112.0,,341.2,,22.49473365118
nc73518361,NC,MLH,,EHZ,-1,112.0,,9.3,,22.97287183556
nc73518361,NC,MINS,,HHZ,-1,108.0,,318.1,,26.8535747739
nc73518361,NC,MTU,2.0,EHZ,-1,106.0,,117.3,,29.28874366644
nc73518361,NC,MMT,,EHZ,1,105.0,,249.1,,30.55636582968
nc73518361,NC,MDC,2.0,EHZ,-1,105.0,,328.2,,30.800994668200005
nc73518361,BK,TOLH,0.0,HHZ,-1,91.0,,221.8,,77.99212151724001
nc73518361,NC,MMI,,EHZ,1,90.0,,265.8,,78.70376904748
nc73518361,NC,MHD,,EHZ,1,88.0,,246.9,,100.20886785192
nc73518361,NC,MPR,,EHZ,-1,88.0,,290.2,,108.49288988362
nc73518361,NC,MCO,,EHZ,-1,122.0,,358.2,,16.0676668937
nc73518361,NC,MDPB,,HHZ,-1,109.0,,311.9,,26.31983912622
nc73518361,NC,MLC,,EHZ,-1,122.0,,341.5,,16.13438384966
nc73518361,NC,MMLB,,HHZ,-1,112.0,,332.4,,23.16190321078
nc73518381,NC,MLC,,EHZ,1,111.0,,301.2,,9.170245596702
nc73518381,NC,MCB,,HHZ,-1,107.0,,323.3,,10.386718093706
nc73518381,NC,MMX1,,HN3,1,98.0,,294.3,,12.92085047092
nc73518381,NC,MDH,,HNZ,1,97.0,,329.4,,14.24407009746
nc73518381,NC,MEM,,EHZ,-1,97.0,,317.1,,14.66661081854
nc73518381,NC,MQ1P,,EHZ,1,96.0,,285.7,,17.88014419728
nc73518381,NC,MINS,,HHZ,1,86.0,,294.5,,22.72824299704
nc73518381,NC,MDPB,,HHZ,1,85.0,,287.5,,23.4065320493
nc73518381,NC,MDC,2.0,EHZ,-1,84.0,,309.5,,24.5740787786
nc73518381,NC,MRC,,EHZ,1,80.0,,67.5,,30.4674098884
nc73518381,NC,MTU,2.0,EHZ,-1,79.0,,135.9,,33.44743392128
nc73518381,NC,MMI,,EHZ,1,77.0,,258.6,,82.82910082434
nc73518381,BK,TOLH,0.0,HHZ,1,77.0,,218.5,,87.82175302867999
nc73518381,BK,HELL,0.0,HHZ,-1,76.0,,190.0,,100.2422263299
nc73518381,NC,MPR,,EHZ,-1,76.0,,284.4,,107.9702737286
nc73518381,CI,MLAC,,HHZ,1,121.0,,352.8,,6.790674167462
nc73518381,NC,MCO,,EHZ,1,123.0,,329.6,,6.374805141978
nc73518381,NC,MCV,,EHZ,-1,154.0,,353.9,,2.291727437226
nc73518381,NC,MDR,2.0,EHZ,1,117.0,,353.7,,7.645763153016
nc73518381,NC,MLH,,EHZ,1,98.0,,4.7,,12.14248598472
nc73518381,NC,MMP,,EHZ,1,96.0,,284.1,,18.42499933762
nc73518381,NC,MMT,,EHZ,1,77.0,,235.5,,37.9174699706
nc73518386,NP,1589,10.0,HNZ,-1,106.0,,96.3,,27.598580782120003
nc73518386,NC,MCV,,EHZ,-1,106.0,,323.2,,28.05447998118
nc73518386,CI,MLAC,,HHZ,-1,103.0,,327.1,,32.05749733878
nc73518386,NC,MDR,2.0,EHZ,-1,103.0,,327.9,,32.780264361680004
nc73518386,NC,MLC,,EHZ,-1,102.0,,315.6,,34.904087459740005
nc73518386,NC,MLH,,EHZ,-1,101.0,,334.3,,35.82700535052
nc73518386,NC,MCS,,EHZ,-1,100.0,,321.6,,37.89523098528
nc73518386,NC,MMX1,,HN3,-1,100.0,,312.0,,38.1398598238
nc73518386,NC,MEM,,EHZ,-1,99.0,,319.4,,40.775179584220005
nc73518386,NC,MQ1P,,EHZ,-1,98.0,,306.6,,42.065040732780005
nc73518386,NC,MMP,,EHZ,-1,98.0,,305.7,,42.39862551258
nc73518386,NC,MMLB,,HHZ,-1,98.0,,315.2,,42.57653739514
nc73518386,NC,MMT,,EHZ,1,96.0,,268.5,,47.9806108279
nc73518386,NC,MBS1,,EP1,-1,96.0,,327.0,,49.44838385902
nc73518386,NC,MDC,2.0,EHZ,1,95.0,,315.3,,50.46025769108
nc73518386,BK,HELL,0.0,HHZ,1,90.0,,203.6,,85.72016891594001
nc73518386,BK,TOLH,0.0,HHZ,1,90.0,,235.8,,86.37621898288
nc73518386,NC,MMI,,EHZ,1,88.0,,272.4,,97.9627303346
nc73518386,NC,MHD,,EHZ,1,87.0,,255.2,,115.5315287374
nc73518386,NC,MPR,,EHZ,-1,86.0,,291.3,,129.9868691954
nc73518386,NC,MCB,,HHZ,-1,101.0,,321.4,,36.49417491012
nc73518386,NC,MCO,,EHZ,-1,103.0,,322.4,,32.424440596560004
nc73518386,NC,MDPB,,HHZ,-1,97.0,,305.0,,47.50247264352
nc73518386,NC,MFB,,EHZ,1,117.0,,76.0,,19.08104940456
nc73518386,NC,MTU,2.0,EHZ,1,143.0,,120.4,,7.68912917439
nc73518450,NC,MCS,,EHZ,1,154.0,,46.1,,3.0022630182
nc73518450,NC,MEM,,EHZ,1,150.0,,346.0,,3.41924399295
nc73518450,NC,MDH,,HNZ,1,138.0,,21.3,,5.197250869284
nc73518450,NC,MDR,2.0,EHZ,1,122.0,,88.6,,8.340731444266
nc73518450,CI,MLAC,,HHZ,1,122.0,,94.5,,8.349627038394
nc73518450,NC,MMP,,EHZ,1,119.0,,251.3,,9.16802169817
nc73518450,NC,MCV,,EHZ,-1,115.0,,119.9,,10.30220994949
nc73518450,NC,MLH,,EHZ,1,112.0,,65.1,,11.21956809394
nc73518450,NC,MINS,,HHZ,1,110.0,,279.7,,11.68658678566
nc73518450,NC,MDC,2.0,EHZ,-1,105.0,,309.8,,12.787416559
nc73518450,NC,MDPB,,HHZ,1,105.0,,268.2,,13.16547930944
nc73518450,NC,MBS1,,EP1,-1,104.0,,354.9,,13.921604810320002
nc73518450,NC,MCB,,HHZ,1,153.0,,72.8,,3.094554807278
nc73518450,NC,MCO,,EHZ,1,132.0,,107.8,,6.2469309763880005
nc73518460,NC,MCS,,EHZ,1,157.0,,48.9,,2.9700164894860004
nc73518460,NC,MCB,,HHZ,1,156.0,,75.4,,3.13013718379
nc73518460,NC,MLC,,EHZ,-1,156.0,,153.5,,3.1312491330560004
nc73518460,NC,MDH,,HNZ,1,143.0,,22.6,,5.104959080206
nc73518460,NC,MDH1,1.0,DP1,-1,143.0,,22.6,,5.104959080206
nc73518460,NC,MCO,,EHZ,1,136.0,,108.7,,6.357013953722
nc73518460,NC,MDR,2.0,EHZ,1,127.0,,89.5,,8.41189619729
nc73518460,NC,MCV,,EHZ,-1,120.0,,120.3,,10.43008411508
nc73518460,NC,MLH,,EHZ,1,117.0,,65.8,,11.2306875866
nc73518460,NC,MBS1,,EP1,-1,110.0,,355.1,,13.77705140574
nc73518465,NC,MCS,,EHZ,1,156.0,,54.0,,2.566378905928
nc73518465,NC,MCB,,HHZ,1,153.0,,83.2,,2.888844193068
nc73518465,NC,MLC,,EHZ,1,149.0,,159.1,,3.4726175577180003
nc73518465,NC,MMX1,,HN3,-1,146.0,,224.9,,3.799530641922
nc73518465,NC,MCO,,EHZ,1,130.0,,113.0,,6.3636856493180005
nc73518465,NC,MDR,2.0,EHZ,1,121.0,,92.6,,8.258447198582001
nc73518465,NC,MMP,,EHZ,1,116.0,,248.1,,9.449344862468
nc73518465,NC,MCV,,EHZ,-1,113.0,,122.8,,10.523487853424
nc73518465,NC,MLH,,EHZ,1,111.0,,67.6,,10.905998400928
nc73518465,NC,MINS,,HHZ,1,109.0,,276.8,,11.69770627832
nc73518465,NC,MDC,2.0,EHZ,-1,104.0,,307.5,,12.49830974984
nc73518465,NC,MDPB,,HHZ,1,103.0,,265.7,,13.276674236040002
nc73518470,NC,MCS,,EHZ,1,154.0,,54.4,,2.717604006104
nc73518470,NC,MCB,,HHZ,1,152.0,,82.1,,3.0289498005840003
nc73518470,NC,MLC,,EHZ,1,148.0,,156.7,,3.4548263694620003
nc73518470,NC,MCO,,EHZ,1,128.0,,111.9,,6.457089387662
nc73518470,CI,MLAC,,HHZ,1,119.0,,97.9,,8.447478573802
nc73518470,NC,MCV,,EHZ,-1,112.0,,122.1,,10.595764555714
nc73518470,NC,MLH,,EHZ,1,110.0,,67.5,,11.056111551838
nc73518470,NC,MINS,,HHZ,-1,108.0,,277.3,,11.57539185906
nc73518470,NC,MDC,2.0,EHZ,-1,103.0,,308.2,,12.43159279388
nc73518470,NC,MDPB,,HHZ,1,102.0,,266.0,,13.14324032412
nc73518535,NC,MMP,,EHZ,1,85.0,,357.0,,20.10404272928
nc73518535,NC,MQ1P,,EHZ,1,85.0,,358.9,,20.42650801642
nc73518535,NC,MMX1,,HN3,-1,85.0,,13.5,,21.50509880444
nc73518535,NC,MCV,,EHZ,1,83.0,,42.7,,24.4072863887
nc73518535,NC,MMLB,,HHZ,-1,82.0,,7.4,,25.77498398588
nc73518535,NC,MEM,,EHZ,1,81.0,,14.4,,27.198279046360003
nc73518535,NC,MDR,2.0,EHZ,1,80.0,,34.4,,28.1879138931
nc73518535,NC,MLH,,EHZ,1,77.0,,32.6,,32.95817624424
nc73518535,NC,MTU,2.0,EHZ,1,75.0,,101.7,,41.04204740806
nc73518535,NC,MFB,,EHZ,1,75.0,,89.8,,52.039225648800006
nc73518535,NC,MCB,,HHZ,-1,82.0,,23.8,,26.17528572164
nc73518535,NC,MCO,,EHZ,1,83.0,,32.6,,25.10781442628
nc73518535,NC,MDPB,,HHZ,1,84.0,,346.3,,23.25085915206
nc73518535,NC,MINS,,HHZ,1,82.0,,351.2,,25.27460681618
nc73518535,NC,MMT,,EHZ,1,95.0,,247.8,,15.55617023134
nc73518735,NP,1576,10.0,HNZ,-1,127.0,,50.6,,7.649099000814001
nc73518735,NC,MLC,,EHZ,-1,108.0,,318.7,,12.74293858836
nc73518735,NC,MMX1,,HN3,1,105.0,,309.4,,15.96759145976
nc73518735,NC,MCS,,EHZ,-1,105.0,,332.2,,16.18998131296
nc73518735,NC,MEM,,EHZ,-1,102.0,,325.9,,18.81418158072
nc73518735,NC,MQ1P,,EHZ,1,100.0,,298.6,,20.2374766412
nc73518735,NC,MMP,,EHZ,1,100.0,,296.9,,20.66001736228
nc73518735,NC,MINS,,HHZ,1,95.0,,303.8,,25.58595261066
nc73518735,NC,MDPB,,HHZ,-1,95.0,,297.4,,25.78610347854
nc73518735,NC,MTU,2.0,EHZ,1,93.0,,130.2,,29.72240388018
nc73518735,NC,MRC,,EHZ,1,92.0,,59.1,,32.12421429474
nc73518735,NC,MCD,,EHZ,1,92.0,,85.7,,33.36959747266
nc73518735,NC,MMT,,EHZ,1,92.0,,242.4,,35.92708078446
nc73518735,CI,MLAC,,HHZ,-1,113.0,,353.0,,11.65322830768
nc73518735,NC,MCB,,HHZ,-1,106.0,,332.8,,14.80004473046
nc73518735,NC,MCO,,EHZ,-1,115.0,,339.8,,11.00273798707
nc73518735,NC,MCV,,EHZ,-1,129.0,,353.5,,7.154281577443999
nc73518735,NC,MDR,2.0,EHZ,-1,108.0,,353.5,,12.5094292425
nc73518735,NC,MLH,,EHZ,-1,104.0,,1.4,,16.93498732118
nc73518740,NC,MEM,,EHZ,-1,158.0,,343.4,,3.364758478916
nc73518740,NC,MMX1,,HN3,-1,157.0,,230.9,,3.510423832762
nc73518740,NC,MMLB,,HHZ,-1,148.0,,299.1,,5.066040855896
nc73518740,NC,MDH,,HNZ,1,148.0,,20.3,,5.063816957364
nc73518740,NC,MDH1,1.0,DP1,-1,148.0,,20.3,,5.063816957364
nc73518740,NC,MCO,,EHZ,-1,143.0,,109.0,,6.150191390246
nc73518740,NC,MQ1P,,EHZ,1,132.0,,251.7,,8.595367826179999
nc73518740,NC,MMP,,EHZ,-1,130.0,,251.0,,9.32369459541
nc73518740,NC,MCV,,EHZ,-1,127.0,,120.7,,10.233269094998
nc73518740,NC,MDPB,,HHZ,-1,117.0,,267.8,,13.29891322136
nc73518740,NC,MCB,,HHZ,-1,160.0,,73.7,,2.94110580857
nc73518740,NC,MCS,,EHZ,-1,161.0,,45.6,,2.843254273162
nc73518740,NC,MLC,,EHZ,-1,160.0,,156.7,,3.011158612328
nc73518765,NC,MMX1,,HN3,-1,160.0,,209.2,,2.42404939988
nc73518765,NC,MLC,,EHZ,-1,150.0,,134.4,,3.827329373572
nc73518765,NC,MCS,,EHZ,1,148.0,,59.8,,4.139787117318
nc73518765,NC,MDH,,HNZ,1,137.0,,34.3,,5.8621965303520005
nc73518765,NC,MDY,,HHZ,1,135.0,,292.8,,6.296968693358
nc73518765,NC,MQ1P,,EHZ,1,131.0,,248.5,,7.109803606803999
nc73518765,NC,MCO,,EHZ,-1,129.0,,104.6,,7.604621030174001
nc73518765,NC,MMP,,EHZ,1,128.0,,247.9,,7.843690122364001
nc73518765,NC,MINS,,HHZ,1,118.0,,281.0,,10.30220994949
nc73518765,NC,MCV,,EHZ,-1,114.0,,116.4,,11.55315287374
nc73518765,NC,MDPB,,HHZ,1,114.0,,267.9,,11.75330374162
nc73518765,NC,MDC,2.0,EHZ,1,114.0,,314.2,,11.7310647563
nc73518765,NC,MLH,,EHZ,1,109.0,,67.8,,12.5094292425
nc73518765,NC,MBS1,,EP1,-1,108.0,,0.6,,13.86600734702
nc73518765,NC,MMT,,EHZ,1,92.0,,215.5,,35.48230107806
nc73518765,CI,MLAC,,HHZ,1,120.0,,93.9,,9.758466758416
nc73518765,NC,MCB,,HHZ,-1,146.0,,78.1,,4.463364353724001
nc73518765,NC,MDR,2.0,EHZ,-1,120.0,,88.8,,9.752907012086
nc73518765,NC,MEM,,EHZ,1,153.0,,9.9,,3.365870428182
nc73518765,NC,MMLB,,HHZ,1,149.0,,311.5,,3.849568358892
nc73518780,NC,MCV,,EHZ,1,104.0,,32.8,,10.095387386014
nc73518780,NC,MLC,,EHZ,-1,101.0,,349.0,,11.13061215266
nc73518780,NC,MCO,,EHZ,-1,98.0,,12.0,,11.9534546095
nc73518780,NC,MMT,,EHZ,1,79.0,,239.1,,29.7446428655
nc73518785,NC,MCV,,EHZ,1,119.0,,29.6,,8.990109815610001
nc73518785,NC,MLC,,EHZ,-1,113.0,,343.0,,10.736982112496
nc73518785,NC,MCO,,EHZ,-1,111.0,,7.5,,11.11949266
nc73518785,NC,MMX1,,HN3,-1,104.0,,326.9,,12.93196996358
nc73518785,NC,MDR,2.0,EHZ,1,104.0,,16.3,,13.68809546446
nc73518785,NC,MQ1P,,EHZ,-1,102.0,,309.7,,16.24557877626
nc73518785,NC,MMP,,EHZ,-1,101.0,,307.3,,16.545805078079997
nc73518785,NC,MDPB,,HHZ,-1,94.0,,305.5,,21.6274132237
nc73518785,NC,MINS,,HHZ,-1,93.0,,313.1,,21.87204206222
nc73518785,NC,MDC,2.0,EHZ,-1,90.0,,326.0,,25.50811616204
nc73518785,NC,MMT,,EHZ,1,90.0,,239.0,,30.97890655076
nc73518885,CI,MLAC,,HHZ,1,169.0,,11.6,,1.3621378508500002
nc73518885,NC,MCO,,EHZ,1,163.0,,272.5,,2.102696062006
nc73518885,NC,MDR,2.0,EHZ,1,163.0,,7.5,,2.216114887138
nc73518885,NC,MCV,,EHZ,-1,155.0,,164.2,,3.24689185672
nc73518885,NC,MLC,,EHZ,1,135.0,,264.3,,6.75509179095
nc73518885,NC,MLH,,EHZ,1,134.0,,17.6,,7.0353030059820005
nc73518885,NC,MMX1,,HN3,1,120.0,,269.4,,10.648026171216
nc73518885,NC,MQ1P,,EHZ,-1,109.0,,267.9,,16.08990587902
nc73518885,NC,MMP,,EHZ,1,108.0,,266.8,,16.75707543862
nc73518885,NC,MINS,,HHZ,1,104.0,,281.5,,19.97060881736
nc73518885,NC,MDPB,,HHZ,1,102.0,,274.3,,21.26046996592
nc73518905,NC,MMX1,,HN3,1,144.0,,328.6,,2.380683378506
nc73518905,NC,MLC,,EHZ,1,137.0,,61.1,,3.061196329298
nc73518905,NC,MCB,,HHZ,1,109.0,,40.3,,6.646120762882
nc73518905,NC,MQ1P,,EHZ,1,108.0,,283.1,,6.857391123422
nc73518905,NC,MCV,,EHZ,1,97.0,,95.4,,10.3411281738
nc73518905,NC,MDR,2.0,EHZ,1,97.0,,65.7,,10.622451338098
nc73518905,NC,MINS,,HHZ,1,94.0,,301.1,,11.86449866822
nc73518905,NC,MDPB,,HHZ,1,90.0,,287.6,,12.37599533058
nc73518905,NC,MDC,2.0,EHZ,-1,91.0,,325.5,,14.94459813504
nc73518905,NC,MCO,,EHZ,1,105.0,,72.9,,7.63909145742
nc73518905,NC,MMP,,EHZ,1,106.0,,279.4,,7.432268893943999
nc73518995,NC,MCO,,EHZ,-1,137.0,,299.7,,2.805447998118
nc73518995,NC,MDR,2.0,EHZ,-1,128.0,,359.2,,3.492632644506
nc73518995,NC,MLC,,EHZ,-1,104.0,,275.1,,7.087564621484001
nc73518995,NC,MCS,,EHZ,1,100.0,,311.0,,8.215081177208
nc73519065,NC,MMP,,EHZ,1,135.0,,333.3,,3.733925635228
nc73519065,NC,MQ1P,,EHZ,1,134.0,,344.4,,3.817321830178
nc73519065,NC,MMX1,,HN3,1,118.0,,46.5,,6.059011550434
nc73519065,NC,MCY,,EHZ,1,112.0,,346.3,,7.229894127532
nc73519065,NC,MDPB,,HHZ,1,107.0,,313.6,,8.483060950314
nc73519065,NC,MDY,,HHZ,1,107.0,,358.6,,8.702114955716
nc73519065,NC,MCO,,EHZ,1,93.0,,71.3,,13.6769759718
nc73519065,NC,MDC,2.0,EHZ,1,93.0,,348.9,,14.71108878918
nc73519065,NC,MCV,,EHZ,1,93.0,,85.8,,15.98983044508
nc73519065,NC,MMT,,EHZ,-1,80.0,,213.6,,27.142681583060003
nc73519065,NC,MINS,,HHZ,1,105.0,,331.3,,9.389299602104
nc73519080,NC,MCV,,EHZ,1,119.0,,2.9,,12.7318190957
nc73519080,NC,MCO,,EHZ,1,115.0,,351.7,,16.101025371680002
nc73519080,NC,MLC,,EHZ,-1,115.0,,335.5,,16.690358482660002
nc73519080,NC,MDR,2.0,EHZ,1,113.0,,0.2,,18.03581709452
nc73519080,NC,MMT,,EHZ,1,99.0,,250.1,,32.313245669960004
nc73519121,NC,MCV,,EHZ,-1,86.0,,329.7,,16.82379239458
nc73519121,NC,MTU,2.0,EHZ,-1,84.0,,128.2,,19.08104940456
nc73519121,NC,MCO,,EHZ,-1,84.0,,327.1,,21.13815554666
nc73519121,NC,MDR,2.0,EHZ,-1,83.0,,335.4,,21.82756409158
nc73519121,NC,MLC,,EHZ,-1,82.0,,316.6,,23.41765154196
nc73519121,NC,MCB,,HHZ,1,81.0,,324.9,,25.152292396920004
nc73519121,NC,MFB,,EHZ,1,79.0,,97.0,,27.08708411976
nc73519121,NC,MMP,,EHZ,-1,77.0,,302.7,,31.03450401406
nc73519121,NC,MMT,,EHZ,-1,72.0,,256.9,,40.63062617964
nc73519200,NC,MCO,,EHZ,-1,93.0,,323.2,,32.16869226538
nc73519200,NC,MLC,,EHZ,-1,92.0,,316.3,,34.59274166526
nc73519200,NC,MDPB,,HHZ,-1,90.0,,305.5,,47.10217090776
nc73519200,NC,MDC,2.0,EHZ,1,91.0,,315.7,,50.148911896600005
nc73519200,NC,MCV,,EHZ,-1,95.0,,324.1,,27.79873165
nc73519200,NP,1679,10.0,HNZ,-1,94.0,,57.3,,29.0218758426
nc73519200,NC,MCB,,HHZ,1,92.0,,322.1,,36.22730708628
nc73519200,NC,MCS,,EHZ,1,92.0,,322.3,,37.62836316144
nc73519200,NC,MEM,,EHZ,-1,91.0,,320.0,,40.48607277506
nc73519200,NC,MMT,,EHZ,1,90.0,,268.6,,47.446875180220005
nc73519200,BK,TOLH,0.0,HHZ,-1,87.0,,235.7,,85.8980807985
nc73519205,NC,MCV,,EHZ,-1,40.0,,335.1,,21.80532510626
nc73519205,NC,MCO,,EHZ,-1,40.0,,332.2,,26.019612824400003
nc73519205,CI,MLAC,,HHZ,-1,40.0,,338.0,,26.14192724366
nc73519205,NC,MDR,2.0,EHZ,1,40.0,,338.7,,26.93141122252
nc73519205,NC,MLC,,EHZ,-1,40.0,,323.0,,27.87656809862
nc73519205,NC,MDPB,,HHZ,1,38.0,,308.2,,39.7521862595
nc73519205,NC,MMT,,EHZ,1,38.0,,264.5,,40.4749532824
nc73519205,NC,MDC,2.0,EHZ,-1,37.0,,319.9,,43.32154340336
nc73519240,NC,MCV,,EHZ,-1,98.0,,332.0,,15.00019559834
nc73519240,NC,MCO,,EHZ,-1,95.0,,328.7,,19.28120027244
nc73519240,CI,MLAC,,HHZ,1,95.0,,336.6,,19.28120027244
nc73519240,NC,MDR,2.0,EHZ,-1,95.0,,337.7,,20.0706842513
nc73519240,NC,MLC,,EHZ,-1,85.0,,317.1,,21.48285981912
nc73519240,NC,MCB,,HHZ,-1,86.0,,326.0,,23.273098137380003
nc73519240,NC,MLH,,EHZ,-1,85.0,,345.9,,23.77347530708
nc73519240,NC,MMX1,,HN3,-1,84.0,,311.3,,24.69639319786
nc73519240,NC,MCS,,EHZ,-1,84.0,,326.0,,24.67415421254
nc73519240,NC,MMP,,EHZ,-1,81.0,,302.2,,29.121951276540003
nc73519240,NC,MINS,,HHZ,-1,79.0,,306.6,,34.22579840748
nc73519240,NC,MDPB,,HHZ,-1,79.0,,301.8,,34.2480373928
nc73519240,NC,MDC,2.0,EHZ,-1,78.0,,315.9,,37.027910557800006
nc73519250,NC,MMX1,,HN3,-1,161.0,,213.5,,2.272824299704
nc73519250,NC,MEM,,EHZ,1,151.0,,8.1,,3.5738049409240005
nc73519250,NC,MLC,,EHZ,-1,151.0,,132.7,,3.620506810096
nc73519250,NC,MMLB,,HHZ,1,148.0,,313.2,,4.054167023836
nc73519250,NC,MCS,,EHZ,1,147.0,,56.6,,4.193160682086
nc73519250,NC,MCB,,HHZ,-1,146.0,,75.1,,4.443349266936
nc73519250,NC,MDH,,HNZ,1,136.0,,32.5,,6.006749934932
nc73519250,NC,MDH1,1.0,DP1,-1,136.0,,32.5,,6.006749934932
nc73519250,NC,MDY,,HHZ,1,134.0,,294.4,,6.452641590598
nc73519250,NC,MCO,,EHZ,-1,129.0,,103.0,,7.480082712382
nc73519250,NC,MMP,,EHZ,-1,128.0,,249.7,,7.831458680438001
nc73519250,CI,MLAC,,HHZ,-1,120.0,,92.6,,9.672846664934
nc73519250,NC,MDR,2.0,EHZ,-1,120.0,,87.5,,9.686190056126
nc73519250,NC,MINS,,HHZ,-1,118.0,,282.1,,10.417852673154
nc73519250,NC,MCV,,EHZ,-1,115.0,,115.5,,11.38636048384
nc73519250,NC,MDPB,,HHZ,1,113.0,,269.0,,11.82002069758
nc73519250,NC,MDC,2.0,EHZ,1,113.0,,314.7,,11.94233511684
nc73519250,NC,MLH,,EHZ,1,109.0,,66.7,,12.53166822782
nc73519250,NC,MMT,,EHZ,1,92.0,,215.8,,35.34886716614
nc73519250,NC,MMI,,EHZ,-1,87.0,,251.5,,74.47836183668
nc73519250,BK,TOLH,0.0,HHZ,1,87.0,,210.1,,87.79951404335999
nc73519250,NC,MHD,,EHZ,1,85.0,,235.9,,101.82119428762
nc73519250,BK,HELL,0.0,HHZ,-1,85.0,,183.7,,106.11331845438
nc73519256,NC,MQ1P,,EHZ,-1,135.0,,318.5,,2.9878076777420004
nc73519256,NC,MMX1,,HN3,-1,121.0,,51.7,,4.389975702168
nc73519256,NC,MLI,,HHZ,1,115.0,,341.1,,5.17612383323
nc73519256,NC,MCY,,EHZ,1,109.0,,334.5,,6.18799766529
nc73519256,NC,MDY,,HHZ,1,104.0,,350.8,,7.351096597526
nc73519256,NC,MLC,,EHZ,1,103.0,,73.6,,7.688017225124
nc73519256,NC,MDPB,,HHZ,1,100.0,,301.9,,8.359634581788
nc73519256,NC,MGPB,,EHZ,1,98.0,,66.2,,9.249193994588
nc73519256,NC,MEM,,EHZ,-1,97.0,,32.5,,9.670622766402
nc73519256,NC,MDC,2.0,EHZ,1,90.0,,343.8,,13.53242256722
nc73519256,NC,MCV,,EHZ,1,88.0,,91.1,,14.98907610568
nc73519256,NC,MDR,2.0,EHZ,1,87.0,,70.6,,15.24482443686
nc73519256,NC,MPR,,EHZ,-1,70.0,,285.1,,92.58089588716
nc73519256,NC,MCB,,HHZ,1,95.0,,57.3,,10.68027269993
nc73519256,NC,MCO,,EHZ,1,90.0,,76.2,,12.35375634526
nc73519256,NC,MINS,,HHZ,1,100.0,,321.2,,8.721018093238
nc73519256,NC,MMLB,,HHZ,-1,103.0,,13.3,,7.576822298524001
nc73519256,NC,MMP,,EHZ,-1,132.0,,305.8,,3.245779907454
nc73519260,NC,MCO,,EHZ,-1,154.0,,196.6,,1.5267063422179998
nc73519260,CI,MLAC,,HHZ,-1,147.0,,96.5,,1.950359012564
nc73519260,NC,MDR,2.0,EHZ,1,145.0,,71.7,,2.055994192834
nc73519260,NC,MCB,,HHZ,1,125.0,,291.7,,3.687223766056
nc73519260,NC,MCS,,EHZ,1,115.0,,301.0,,4.911479907922001
nc73519260,NC,MCV,,EHZ,-1,112.0,,151.5,,5.328460882672
nc73519260,NC,MLC,,EHZ,1,111.0,,246.2,,5.52638785202
nc73519260,NC,MLH,,EHZ,1,106.0,,36.3,,6.398156076564001
nc73519260,NC,MDH1,1.0,DP1,1,103.0,,319.8,,6.929667825712
nc73519265,NC,MQ1P,,EHZ,1,143.0,,143.7,,2.3072947269500004
nc73519265,NC,MMP,,EHZ,1,143.0,,162.0,,2.311742524014
nc73519265,NC,MINS,,HHZ,-1,130.0,,321.8,,3.4325873841420003
nc73519265,NC,MDPB,,HHZ,-1,126.0,,274.7,,3.766172163942
nc73519265,NC,MDC,2.0,EHZ,1,99.0,,357.2,,8.91227336699
nc73519341,NC,MEM,,EHZ,1,160.0,,319.1,,1.67348364533
nc73519341,NC,MDH,,HNZ,1,144.0,,30.3,,3.227988719198
nc73519341,NC,MDH1,1.0,DP1,-1,144.0,,30.3,,3.227988719198
nc73519341,NC,MGPB,,EHZ,-1,137.0,,145.9,,3.837336916966
nc73519341,NC,MMLB,,HHZ,-1,132.0,,276.2,,4.591238519314
nc73519341,NC,MLC,,EHZ,-1,130.0,,167.4,,4.84253905343
nc73519341,NC,MMX1,,HN3,-1,128.0,,214.4,,5.056033312502
nc73519341,NC,MCO,,EHZ,-1,117.0,,125.0,,6.926331977914
nc73519341,NC,MDR,2.0,EHZ,1,111.0,,103.0,,8.282910082434
nc73519341,NC,MMP,,EHZ,-1,105.0,,240.8,,10.24661248619
nc73519341,NC,MCV,,EHZ,-1,102.0,,129.7,,11.25292657192
nc73519341,NC,MINS,,HHZ,1,100.0,,269.6,,11.7866622196
nc73519341,NC,MDPB,,HHZ,1,96.0,,259.5,,13.64361749382
nc73519341,NC,MCB,,HHZ,1,147.0,,113.0,,2.923314620314
nc73519341,NC,MCS,,EHZ,1,157.0,,89.3,,1.903657143392
nc73519351,NC,MMP,,EHZ,1,108.0,,352.8,,11.48643591778
nc73519351,NC,MQ1P,,EHZ,1,107.0,,356.2,,11.76442323428
nc73519351,NC,MCY,,EHZ,1,101.0,,354.4,,15.15586849558
nc73519351,NC,MDPB,,HHZ,-1,101.0,,337.0,,15.11139052494
nc73519351,NC,MINS,,HHZ,1,99.0,,345.3,,16.8460313799
nc73519351,NC,MDC,2.0,EHZ,1,90.0,,353.4,,22.65040654842
nc73519351,NC,MMLB,,HHZ,-1,99.0,,9.8,,17.135138189059997
nc73519351,NC,MMI,,EHZ,1,84.0,,261.7,,65.4382143041
nc73519351,NC,MPR,,EHZ,-1,83.0,,290.9,,94.37113420542
nc73519365,NC,MCV,,EHZ,-1,123.0,,358.8,,7.607956877972
nc73519365,NC,MDR,2.0,EHZ,-1,103.0,,356.7,,12.954208948900002
nc73519365,NC,MCB,,HHZ,-1,101.0,,335.9,,14.955717627700002
nc73519365,NC,MMX1,,HN3,-1,101.0,,312.4,,15.80079906986
nc73519365,NC,MCS,,EHZ,-1,100.0,,335.0,,16.3456542102
nc73519365,NC,MEM,,EHZ,-1,97.0,,328.4,,18.86977904402
nc73519365,NC,MINS,,HHZ,-1,90.0,,305.6,,25.319084786820003
nc73519365,NC,MDPB,,HHZ,-1,90.0,,299.1,,25.43027971342
nc73519365,NC,MCO,,EHZ,-1,110.0,,343.9,,11.27516555724
nc73519365,NC,MLC,,EHZ,-1,103.0,,322.5,,12.70958011038
nc73519386,NC,MDH1,1.0,DP1,-1,168.0,,277.7,,1.0375598601046
nc73519386,NC,MCS,,EHZ,1,152.0,,196.1,,2.72983544803
nc73519386,NC,MCB,,HHZ,-1,142.0,,179.6,,3.78618725073
nc73519386,NC,MGPB,,EHZ,1,128.0,,184.9,,5.841069494298
nc73519386,NC,MLH,,EHZ,-1,121.0,,89.9,,7.252133112852
nc73519386,NC,MCO,,EHZ,-1,121.0,,155.5,,7.263252605512
nc73519386,NC,MLC,,EHZ,-1,119.0,,192.2,,7.541239922012001
nc73519386,NC,MEM,,EHZ,-1,141.0,,249.7,,4.005241256132001
nc73519386,NC,MMX1,,HN3,1,114.0,,218.9,,8.772167759474
nc73519396,NC,MQ1P,,EHZ,-1,142.0,,312.6,,2.569714753726
nc73519396,NC,MMX1,,HN3,-1,125.0,,57.8,,4.17536949383
nc73519396,NC,MDPB,,HHZ,1,103.0,,299.2,,8.030497599052001
nc73519396,NC,MGPB,,EHZ,1,100.0,,69.3,,9.142446865052
nc73519396,NC,MCS,,EHZ,1,97.0,,52.2,,10.489017426178
nc73519396,NC,MCB,,HHZ,1,97.0,,59.9,,10.49680107104
nc73519396,NC,MDC,2.0,EHZ,1,90.0,,343.5,,13.03204539752
nc73519396,NC,MCV,,EHZ,1,87.0,,93.0,,15.10027103228
nc73519396,NC,MDR,2.0,EHZ,1,87.0,,72.5,,15.16698798824
nc73519396,NC,MLM,,EHZ,1,87.0,,17.7,,15.25594392952
nc73519396,NC,MLH,,EHZ,1,84.0,,60.9,,18.64738919082
nc73519396,NC,MMT,,EHZ,1,77.0,,212.9,,29.244265695800003
nc73519396,NC,MMI,,EHZ,-1,70.0,,253.5,,68.67398666816001
nc73519396,NC,MPR,,EHZ,1,70.0,,284.8,,92.36962552662
nc73519396,NC,MCO,,EHZ,1,90.0,,78.6,,12.33151735994
nc73519396,NC,MINS,,HHZ,1,102.0,,319.5,,8.280686183901999
nc73519396,NC,MLC,,EHZ,1,105.0,,77.4,,7.649099000814001
nc73519396,NC,MMP,,EHZ,-1,138.0,,298.7,,2.904411482792
nc73519416,NC,MCS,,EHZ,1,158.0,,87.2,,1.625669826892
nc73519416,NC,MEM,,EHZ,1,155.0,,313.9,,1.90699299119
nc73519416,NC,MCB,,HHZ,-1,146.0,,114.3,,2.645327303814
nc73519416,NC,MDH,,HNZ,1,141.0,,25.4,,3.14681642278
nc73519416,NC,MGPB,,EHZ,-1,136.0,,149.0,,3.639409947618
nc73519416,NC,MLC,,EHZ,-1,127.0,,170.5,,4.733568025362
nc73519416,NC,MMX1,,HN3,-1,123.0,,217.3,,5.175011883964
nc73519416,NC,MDR,2.0,EHZ,1,109.0,,103.0,,7.998251070337999
nc73519416,NC,MLH,,EHZ,1,103.0,,74.2,,10.008655343266
nc73519416,NC,MDPB,,HHZ,-1,93.0,,259.9,,13.91048531766
nc73519421,NC,MCV,,EHZ,1,147.0,,314.7,,4.33104239107
nc73519421,NC,MCO,,EHZ,1,125.0,,316.0,,8.71768224544
nc73519421,NC,MDR,2.0,EHZ,-1,124.0,,336.3,,9.133551270924
nc73519421,NC,MLC,,EHZ,1,111.0,,297.3,,12.02017156546
nc73519421,NC,MLH,,EHZ,-1,110.0,,351.9,,12.99868691954
nc73519421,NC,MCB,,HHZ,-1,110.0,,315.2,,12.82077503698
nc73519421,NC,MEM,,EHZ,1,106.0,,311.9,,17.235213623
nc73519421,NC,MQ1P,,EHZ,1,102.0,,285.6,,20.81569025952
nc73519421,NC,MMP,,EHZ,1,101.0,,284.3,,21.36054539986
nc73519421,NC,MINS,,HHZ,-1,97.0,,293.4,,25.64155007396
nc73519421,NC,MDPB,,HHZ,1,97.0,,287.2,,26.34207811154
nc73519431,NC,MCV,,EHZ,-1,148.0,,57.3,,2.102696062006
nc73519431,NC,MCO,,EHZ,-1,123.0,,344.4,,4.51451401996
nc73519431,NC,MDR,2.0,EHZ,1,110.0,,10.3,,6.558276770868
nc73519431,NC,MLC,,EHZ,-1,108.0,,301.7,,6.850719427826
nc73519431,NC,MQ1P,,EHZ,1,87.0,,283.6,,15.63400667996
nc73519431,NC,MINS,,HHZ,1,83.0,,293.9,,20.41538852376
nc73519431,NC,MDPB,,HHZ,1,83.0,,286.1,,21.149275039320003
nc73519466,NC,MEM,,EHZ,1,155.0,,320.8,,1.848059680092
nc73519466,NC,MDH,,HNZ,1,138.0,,27.8,,3.3380716965320003
nc73519466,NC,MDH1,1.0,DP1,-1,138.0,,27.8,,3.3380716965320003
nc73519466,NC,MGPB,,EHZ,-1,135.0,,145.4,,3.65831308514
nc73519466,NC,MLC,,EHZ,-1,127.0,,167.8,,4.663515221604
nc73519466,NC,MMX1,,HN3,-1,124.0,,216.2,,4.962629574158001
nc73519466,NC,MDR,2.0,EHZ,1,107.0,,101.9,,8.175051003632001
nc73519466,NC,MLH,,EHZ,1,101.0,,73.9,,10.237716892062
nc73519466,NC,MINS,,HHZ,-1,96.0,,270.4,,11.86449866822
nc73519466,NC,MCB,,HHZ,-1,144.0,,110.5,,2.793216556192
nc73519466,NC,MCO,,EHZ,-1,113.0,,124.2,,6.77177102994
nc73519466,NC,MCS,,EHZ,1,155.0,,84.1,,1.84027603523
nc73519551,CI,MLAC,,HHZ,-1,137.0,,65.0,,2.769865621606
nc73519551,NC,MDR,2.0,EHZ,1,132.0,,51.1,,3.24133211039
nc73519551,NC,MGPB,,EHZ,1,129.0,,281.9,,3.4626100143240004
nc73519551,NC,MCV,,EHZ,-1,119.0,,136.6,,4.537864954546
nc73519551,NC,MLC,,EHZ,1,119.0,,259.4,,4.562327838398
nc73519551,NC,MCS,,EHZ,1,113.0,,317.1,,5.341804273864
nc73519551,NC,MLH,,EHZ,1,101.0,,33.7,,7.863705209152001
nc73519551,NC,MEM,,EHZ,1,100.0,,307.9,,8.405224501694
nc73519551,NC,MCO,,EHZ,-1,175.0,,118.8,,0.1557840921666
nc73519625,NC,MMX1,,HN3,-1,147.0,,201.0,,2.683133578858
nc73519625,NC,MLC,,EHZ,1,133.0,,136.0,,4.257653739514
nc73519625,NC,MINS,,HHZ,1,104.0,,279.1,,10.016438988128
nc73519625,NC,MDC,2.0,EHZ,-1,100.0,,313.6,,11.30852403522
nc73519625,NC,MDPB,,HHZ,1,99.0,,265.9,,11.55315287374
nc73519661,NC,MMP,,EHZ,-1,90.0,,347.6,,14.38862350204
nc73519661,NC,MQ1P,,EHZ,-1,91.0,,350.4,,14.59989386258
nc73519661,NC,MLC,,EHZ,1,86.0,,25.7,,15.88975501114
nc73519661,NC,MGPB,,EHZ,1,85.0,,26.7,,17.76894927068
nc73519661,NC,MDPB,,HHZ,1,85.0,,335.5,,18.20260948442
nc73519661,NC,MCV,,EHZ,1,84.0,,50.6,,18.75858411742
nc73519661,NC,MCO,,EHZ,1,84.0,,37.3,,18.98097397062
nc73519661,NC,MCB,,HHZ,-1,84.0,,25.4,,19.82605541278
nc73519661,NC,MINS,,HHZ,1,84.0,,342.6,,19.8482943981
nc73519661,NC,MMT,,EHZ,-1,84.0,,234.1,,20.31531308982
nc73519661,NC,MDR,2.0,EHZ,1,83.0,,38.9,,22.11667090074
nc73519661,NC,MDC,2.0,EHZ,1,80.0,,350.4,,25.50811616204
nc73519661,NC,MMI,,EHZ,1,71.0,,264.1,,66.77255342330001
nc73519661,BK,TOLH,0.0,HHZ,-1,71.0,,213.9,,71.3315454139
nc73519661,NC,MHD,,EHZ,1,71.0,,243.2,,89.66758881024
nc73519661,NC,MPR,,EHZ,1,71.0,,292.0,,96.88413954658
nc73519661,BK,BUCR,0.0,HHZ,1,71.0,,282.1,,104.28972165814
nc73519666,NC,MCV,,EHZ,1,102.0,,11.0,,11.029424769454
nc73519666,NC,MCO,,EHZ,1,95.0,,356.4,,14.0661582149
nc73519666,NC,MLC,,EHZ,1,95.0,,337.6,,14.37750400938
nc73519666,NC,MGPB,,EHZ,1,95.0,,343.5,,15.46721429006
nc73519666,NC,MDR,2.0,EHZ,1,95.0,,5.3,,16.212220298280002
nc73519666,NC,MMX1,,HN3,1,95.0,,325.9,,16.745955945960002
nc73519666,NC,MQ1P,,EHZ,1,85.0,,312.1,,19.99284780268
nc73519666,NC,MMP,,EHZ,1,85.0,,310.1,,20.25971562652
nc73519666,NC,MDPB,,HHZ,1,82.0,,308.0,,25.30796529416
nc73519666,NC,MINS,,HHZ,1,82.0,,314.4,,25.65266956662
nc73519666,NC,MDC,2.0,EHZ,1,79.0,,325.5,,29.31098265176
nc73519666,NC,MTU,2.0,EHZ,1,79.0,,121.1,,29.95591322604
nc73519666,NC,MMT,,EHZ,1,78.0,,245.9,,31.66831509568
nc73519680,NC,MCV,,EHZ,-1,112.0,,327.9,,16.9572263065
nc73519680,NC,MLC,,EHZ,-1,104.0,,315.4,,23.66228038048
nc73519680,NC,MCB,,HHZ,1,102.0,,323.7,,25.319084786820003
nc73519680,NC,MLH,,EHZ,-1,102.0,,342.2,,25.39692123544
nc73519680,NC,MMX1,,HN3,-1,101.0,,310.3,,26.93141122252
nc73519680,NC,MRC,,EHZ,1,99.0,,39.2,,30.578604815
nc73519680,NC,MINS,,HHZ,-1,96.0,,306.2,,36.48305541746
nc73519680,NC,MDC,2.0,EHZ,-1,95.0,,315.0,,39.21845061182
nc73519680,NC,MMT,,EHZ,1,95.0,,256.9,,41.18660081264
nc73519680,BK,HELL,0.0,HHZ,1,87.0,,196.9,,90.5682677157
nc73519680,NC,MHD,,EHZ,-1,86.0,,250.1,,110.40544262114
nc73519680,NC,MPR,,EHZ,1,85.0,,289.0,,119.86813087480002
nc73519680,CI,MLAC,,HHZ,-1,107.0,,332.9,,21.13815554666
nc73519680,NC,MCO,,EHZ,-1,106.0,,325.7,,21.2938284439
nc73519680,NC,MCS,,EHZ,-1,101.0,,323.9,,26.73126035464
nc73519680,NC,MCY,,EHZ,-1,97.0,,307.3,,33.51415087724
nc73519680,NC,MDPB,,HHZ,-1,96.0,,301.6,,36.51641389544
nc73519680,NC,MDR,2.0,EHZ,-1,105.0,,334.0,,21.9054005402
nc73519680,NC,MMLB,,HHZ,1,98.0,,314.8,,31.33473031588
nc73519680,NC,MMP,,EHZ,-1,98.0,,302.0,,31.40144727184
nc73519680,NC,MQ1P,,EHZ,-1,98.0,,303.1,,31.023384521400004
nc73519680,NC,MTU,2.0,EHZ,-1,110.0,,129.6,,18.76970361008
nc73519690,NC,MLC,,EHZ,-1,133.0,,339.8,,6.97748164415
nc73519690,NC,MMX1,,HN3,-1,122.0,,318.3,,9.526069361822
nc73519690,CI,MLAC,,HHZ,1,122.0,,28.0,,9.69619759952
nc73519690,NC,MEM,,EHZ,-1,110.0,,340.0,,13.343391192
nc73519690,NC,MQ1P,,EHZ,-1,110.0,,299.4,,13.52130307456
nc73519690,NC,MMP,,EHZ,-1,110.0,,296.9,,13.93272430298
nc73519690,NC,MLH,,EHZ,1,108.0,,24.7,,15.33378037814
nc73519690,NC,MINS,,HHZ,-1,105.0,,306.3,,18.93649599998
nc73519690,NC,MDPB,,HHZ,-1,104.0,,297.6,,19.05881041924
nc73519690,NC,MDC,2.0,EHZ,-1,100.0,,322.1,,22.06107343744
nc73519690,NC,MMT,,EHZ,1,94.0,,232.7,,32.44667958188
nc73519690,NC,MMI,,EHZ,1,87.0,,259.1,,77.14704007508
nc73519690,NC,MHD,,EHZ,1,86.0,,241.7,,101.54320697112
nc73519690,NC,MCO,,EHZ,1,130.0,,16.7,,7.630195863292
nc73519690,NC,MCV,,EHZ,1,135.0,,51.6,,6.607202538572
nc73519690,NC,MDR,2.0,EHZ,1,119.0,,25.9,,10.471226237922
nc73519866,NP,1576,10.0,HNZ,1,152.0,,76.9,,3.467057811388
nc73519866,NC,MCB,,HHZ,-1,109.0,,314.4,,13.04316489018
nc73519866,NC,MCS,,EHZ,1,108.0,,315.5,,14.421981980020002
nc73519866,NC,MMX1,,HN3,1,106.0,,292.3,,16.08990587902
nc73519866,NC,MDH1,1.0,DP1,1,106.0,,321.5,,16.65700000468
nc73519866,NC,MEM,,EHZ,1,105.0,,311.3,,17.4576034762
nc73519866,NC,MMLB,,HHZ,-1,102.0,,303.0,,19.77045794948
nc73519866,NC,MMP,,EHZ,1,100.0,,284.1,,21.63853271636
nc73519866,NC,MINS,,HHZ,1,96.0,,293.2,,25.89729840514
nc73519866,NC,MBS1,,EP1,-1,96.0,,328.6,,25.86393992716
nc73519866,NC,MDPB,,HHZ,1,96.0,,287.1,,26.62006542804
nc73519866,NC,MDC,2.0,EHZ,1,95.0,,306.6,,27.5207443335
nc73519866,NC,MRC,,EHZ,1,95.0,,63.6,,27.94328505458
nc73519866,NC,MCD,,EHZ,1,94.0,,92.9,,30.76763619022
nc73519866,NC,MTU,2.0,EHZ,-1,94.0,,139.1,,30.75651669756
nc73519866,NC,MMT,,EHZ,1,91.0,,239.0,,40.13024900994
nc73519866,NC,MMI,,EHZ,1,87.0,,259.6,,85.75352739392
nc73519866,BK,TOLH,0.0,HHZ,1,86.0,,220.4,,89.21168961118
nc73519866,BK,HELL,0.0,HHZ,-1,85.0,,191.9,,100.07543394
nc73519866,NC,MPR,,EHZ,1,85.0,,284.4,,111.18380710734
nc73519866,CI,MLAC,,HHZ,-1,125.0,,332.2,,8.501964087836
nc73519866,NC,MCO,,EHZ,-1,123.0,,314.8,,8.927840656714
nc73519866,NC,MCV,,EHZ,1,145.0,,312.4,,4.546760548674
nc73519866,NC,MDR,2.0,EHZ,-1,122.0,,334.8,,9.266985182844
nc73519866,NC,MGPB,,EHZ,-1,110.0,,305.7,,12.14248598472
nc73519866,NC,MLC,,EHZ,1,110.0,,296.8,,12.2870393893
nc73519866,NC,MLH,,EHZ,-1,109.0,,350.7,,13.05428438284
nc73519866,NC,MQ1P,,EHZ,1,100.0,,285.5,,21.093677576020003
nc73519916,NC,MTU,2.0,EHZ,-1,141.0,,182.7,,10.353359615726
nc73519916,NC,MCV,,EHZ,-1,111.0,,303.8,,28.82172497472
nc73519916,BK,OVRO,0.0,HHZ,1,107.0,,134.6,,34.1368424662
nc73519916,NC,MGPB,,EHZ,1,105.0,,303.4,,36.46081643214001
nc73519916,NC,MLC,,EHZ,-1,105.0,,300.4,,36.5831308514
nc73519916,NC,MCS,,EHZ,-1,104.0,,307.2,,38.49568358892
nc73519916,NC,MDH,,HNZ,-1,103.0,,310.1,,40.4193558191
nc73519916,NC,MDH1,1.0,DP1,1,103.0,,310.1,,40.4193558191
nc73519916,NC,MEM,,EHZ,-1,103.0,,306.1,,41.65361950436
nc73519916,NC,MQ1P,,EHZ,1,101.0,,294.5,,44.95610882438
nc73519916,NC,MBS1,,EP1,1,100.0,,315.9,,48.859050748040005
nc73519916,NC,MINS,,HHZ,1,99.0,,297.6,,50.08219494064
nc73519916,NC,MDC,2.0,EHZ,-1,99.0,,304.6,,51.80571630294
nc73519916,NC,MMT,,EHZ,1,98.0,,262.1,,55.61970228532
nc73519916,NC,MMI,,EHZ,1,91.0,,268.7,,105.03472766636
nc73519916,NN,LHV,,HHZ,-1,91.0,,2.9,,89.47855743502
nc73519916,CI,CWC,,HHZ,1,88.0,,159.1,,119.534546095
nc73519916,NC,MHD,,EHZ,1,88.0,,253.2,,124.09353808560002
nc73519916,BK,KARE,0.0,HHZ,-1,87.0,,221.9,,126.3174366176
nc73519916,NC,MPR,,EHZ,1,87.0,,287.7,,134.545861186
nc73519916,NN,WAK,,HHZ,1,86.0,,327.0,,140.661582149
nc73519916,BK,BUCR,0.0,HHZ,1,86.0,,280.7,,142.885480681
nc73519916,CI,VOG,,HHZ,-1,86.0,,210.6,,144.8869893598
nc73519916,CI,WMF,,HHZ,1,85.0,,156.8,,160.23188923060002
nc73519916,BK,MERC,0.0,HHZ,-1,84.0,,268.4,,168.460313799
nc73519916,CI,MPM,,HHZ,-1,83.0,,148.0,,181.247730358
nc73519916,BK,HELL,0.0,HHZ,-1,91.0,,206.0,,94.5712850733
nc73519916,BK,LIND,0.0,HHZ,-1,87.0,,200.2,,129.2085047092
nc73519916,BK,TOLH,0.0,HHZ,-1,91.0,,235.1,,95.9056241925
nc73519916,CI,MLAC,,HHZ,-1,108.0,,309.9,,31.9685413975
nc73519916,CI,SPG2,,HHZ,-1,86.0,,187.7,,139.549632883
nc73519916,CI,WOR,,HHZ,1,60.0,,171.7,,196.3702403756
nc73519916,GS,MCA04,0.0,HHZ,-1,91.0,,46.5,,102.45500536924
nc73519916,NC,MCB,,HHZ,-1,105.0,,306.5,,37.17246396238
nc73519916,NC,MCD,,EHZ,1,129.0,,41.7,,15.15586849558
nc73519916,NC,MCO,,EHZ,-1,108.0,,305.6,,33.10272964882
nc73519916,NC,MDPB,,HHZ,1,99.0,,294.4,,50.51585515438
nc73519916,NC,MDR,2.0,EHZ,-1,108.0,,311.1,,32.51339653784
nc73519916,NC,MDY,,HHZ,1,101.0,,300.6,,46.5350767821
nc73519916,NC,MFB,,EHZ,1,137.0,,99.4,,11.55315287374
nc73519916,NC,MLH,,EHZ,-1,107.0,,318.8,,34.37035181206
nc73519916,NC,MRC,,EHZ,-1,114.0,,10.0,,25.6304305813
nc73519971,NC,MLH,,EHZ,-1,152.0,,5.9,,3.1679434588340003
nc73519971,NC,MCV,,EHZ,1,129.0,,187.8,,6.739524501226
nc73519971,NC,MCS,,EHZ,1,125.0,,273.9,,7.704696464114001
nc73519971,NC,MLC,,EHZ,1,118.0,,243.6,,9.51828571696
nc73519971,NC,MMLB,,HHZ,1,105.0,,274.1,,14.18847263416
nc73519971,NC,MBS1,,EP1,-1,102.0,,318.1,,16.5680440634
nc73519971,NC,MQ1P,,EHZ,1,101.0,,256.9,,18.36940187432
nc73519971,NC,MMP,,EHZ,1,100.0,,256.4,,19.08104940456
nc73519971,NC,MDC,2.0,EHZ,-1,97.0,,288.7,,20.77121228888
nc73519971,NC,MINS,,HHZ,1,96.0,,271.2,,21.38278438518
nc73519971,NC,MDPB,,HHZ,1,94.0,,265.1,,23.09518625482
nc73519971,CI,MLAC,,HHZ,1,156.0,,214.6,,2.69647697005
nc73519971,NC,MCB,,HHZ,1,129.0,,264.7,,6.928555876446
nc73519971,NC,MCO,,EHZ,1,138.0,,228.4,,5.22060180387
nc73519971,NC,MDR,2.0,EHZ,1,161.0,,228.1,,2.035979106046
nc73519971,NC,MGPB,,EHZ,1,124.0,,250.2,,7.90039953493
nc73519976,NC,MDR,2.0,EHZ,1,161.0,,226.7,,2.142726235582
nc73519976,CI,MLAC,,HHZ,1,155.0,,214.0,,2.81323164298
nc73519976,NC,MLH,,EHZ,-1,154.0,,5.3,,3.053412684436
nc73519976,NC,MCO,,EHZ,1,137.0,,227.8,,5.327348933406
nc73519976,NC,MCV,,EHZ,1,129.0,,188.1,,6.855167224890001
nc73519976,NC,MCB,,HHZ,1,129.0,,263.8,,6.984153339746
nc73519976,NC,MGPB,,EHZ,1,124.0,,249.5,,7.980459882082
nc73519976,NC,MLC,,EHZ,1,118.0,,243.1,,9.60724165824
nc73519976,NC,MMLB,,HHZ,1,105.0,,273.6,,14.221831112140002
nc73519976,NC,MBS1,,EP1,1,103.0,,317.7,,16.523566092760003
nc73519976,NC,MQ1P,,EHZ,1,101.0,,256.6,,18.43611883028
nc73519976,NC,MMP,,EHZ,1,100.0,,256.1,,19.14776636052
nc73519976,NC,MINS,,HHZ,1,97.0,,270.9,,21.42726235582
nc73519976,NC,MDPB,,HHZ,1,94.0,,264.9,,23.15078371812
nc73519981,NC,MDR,2.0,EHZ,1,159.0,,217.0,,1.931455875042
nc73519981,CI,MLAC,,HHZ,1,152.0,,206.1,,2.677573832528
nc73519981,NC,MLH,,EHZ,-1,149.0,,12.9,,3.042293191776
nc73519981,NC,MCO,,EHZ,1,133.0,,224.2,,5.09272763828
nc73519981,NC,MCB,,HHZ,-1,124.0,,262.8,,6.598306944444
nc73519981,NC,MCV,,EHZ,1,123.0,,184.7,,6.884077905806
nc73519981,NC,MGPB,,EHZ,1,119.0,,248.0,,7.636867558888
nc73519981,NC,MLC,,EHZ,1,113.0,,241.6,,9.289224168164
nc73519981,NC,MBS1,,EP1,-1,98.0,,318.6,,16.20110080562
nc73519986,NC,MCS,,EHZ,1,126.0,,274.1,,7.573486450726
nc73519986,NC,MDH1,1.0,DP1,1,122.0,,293.0,,8.491956544441999
nc73519986,NC,MEM,,EHZ,-1,114.0,,279.7,,10.704735583782
nc73519986,NC,MMX1,,HN3,1,106.0,,253.5,,12.85413351496
nc73519986,NC,MBS1,,EP1,1,103.0,,318.5,,16.50132710744
nc73519986,NC,MDY,,HHZ,1,102.0,,273.1,,16.96834579916
nc73519986,NC,MQ1P,,EHZ,1,101.0,,256.9,,18.2359679624
nc73519986,NC,MDC,2.0,EHZ,-1,98.0,,288.9,,20.64889786962
nc73519986,NC,MINS,,HHZ,1,97.0,,271.2,,21.24935047326
nc73519986,NC,MTU,2.0,EHZ,-1,91.0,,145.4,,40.01905408334
nc73519986,NC,MMT,,EHZ,1,88.0,,226.3,,43.98871296296
nc73519986,NC,MMI,,EHZ,1,86.0,,252.8,,85.55337652604
nc73519986,NC,MPR,,EHZ,-1,85.0,,279.6,,106.64705410206
nc73519986,NC,MHD,,EHZ,1,85.0,,238.4,,112.0844860128
nc73519986,CI,MLAC,,HHZ,1,157.0,,212.4,,2.60752102877
nc73519986,NC,MCB,,HHZ,1,129.0,,264.7,,6.795121964526
nc73519986,NC,MCO,,EHZ,1,139.0,,227.6,,5.110518826536
nc73519986,NC,MCV,,EHZ,1,130.0,,186.7,,6.7039421247140005
nc73519986,NC,MDPB,,HHZ,1,94.0,,265.1,,22.9617523429
nc73519986,NC,MDR,2.0,EHZ,1,163.0,,225.9,,1.925896128712
nc73519986,NC,MGPB,,EHZ,1,125.0,,250.0,,7.769189521542001
nc73519986,NC,MLC,,EHZ,1,118.0,,243.3,,9.391523500636
nc73519986,NC,MLH,,EHZ,-1,152.0,,8.2,,3.20241388608
nc73519986,NC,MMLB,,HHZ,1,105.0,,274.2,,14.05503872224
nc73519986,NC,MMP,,EHZ,1,100.0,,256.4,,18.94761549264
nc73519991,NC,MCS,,EHZ,1,125.0,,273.1,,7.476746864583999
nc73519991,NC,MMX1,,HN3,1,105.0,,252.7,,12.80965554432
nc73519991,NC,MBS1,,EP1,1,102.0,,318.4,,16.334534717540002
nc73519991,NC,MDY,,HHZ,-1,101.0,,272.6,,16.86827036522
nc73519991,NC,MQ1P,,EHZ,1,100.0,,256.4,,18.1803704991
nc73519991,NC,MMP,,EHZ,1,99.0,,255.9,,18.89201802934
nc73519991,NC,MDC,2.0,EHZ,-1,97.0,,288.5,,20.5154639577
nc73519991,NC,MINS,,HHZ,1,96.0,,270.8,,21.16039453198
nc73519991,NC,MTU,2.0,EHZ,-1,88.0,,145.5,,40.1969659659
nc73519991,NC,MMT,,EHZ,1,88.0,,226.0,,44.02207144094
nc73519991,CI,MLAC,,HHZ,1,156.0,,209.1,,2.689805274454
nc73519991,NC,MCB,,HHZ,1,129.0,,263.4,,6.722845262236
nc73519991,NC,MCO,,EHZ,1,138.0,,225.7,,5.147213152314
nc73519991,NC,MCV,,EHZ,1,128.0,,185.9,,6.840711884432
nc73519991,NC,MDPB,,HHZ,1,92.0,,264.8,,22.88391589428
nc73519991,NC,MDR,2.0,EHZ,1,162.0,,221.1,,1.972597997884
nc73519991,NC,MGPB,,EHZ,1,124.0,,248.7,,7.73916689136
nc73519991,NC,MLC,,EHZ,1,118.0,,242.3,,9.380404007976
nc73519991,NC,MLH,,EHZ,-1,153.0,,10.2,,3.070091923426
nc73519991,NC,MMLB,,HHZ,1,104.0,,273.6,,13.96608278096
nc73520011,NC,MDR,2.0,EHZ,1,160.0,,228.3,,1.931455875042
nc73520011,CI,MLAC,,HHZ,1,154.0,,214.2,,2.594177637578
nc73520011,NC,MLH,,EHZ,1,148.0,,7.0,,3.249115755252
nc73520011,NC,MCO,,EHZ,1,134.0,,228.5,,5.117190522132
nc73520011,NC,MCS,,EHZ,1,120.0,,274.5,,7.636867558888
nc73520011,NC,MGPB,,EHZ,-1,120.0,,250.5,,7.80588384732
nc73520011,NC,MLC,,EHZ,1,113.0,,243.8,,9.419322232286
nc73520011,NC,MBS1,,EP1,1,98.0,,318.5,,16.579163556060003
nc73520051,NC,MDR,2.0,EHZ,1,157.0,,218.4,,2.15718157604
nc73520051,NC,MLH,,EHZ,1,151.0,,10.1,,2.862157410684
nc73520051,CI,MLAC,,HHZ,1,150.0,,207.9,,2.889956142334
nc73520051,NC,MCO,,EHZ,1,131.0,,224.4,,5.321789187076
nc73520051,NC,MCV,,EHZ,1,122.0,,186.0,,7.048646397174
nc73520051,NC,MGPB,,EHZ,1,118.0,,247.4,,7.855921564290001
nc73520051,NC,MLC,,EHZ,1,112.0,,241.3,,9.514949869162
nc73520051,NC,MEM,,EHZ,-1,108.0,,277.8,,10.60799599764
nc73520051,NC,MBS1,,EP1,-1,98.0,,317.8,,16.212220298280002
nc73520296,NC,MGPB,,EHZ,-1,163.0,,238.2,,2.34065320493
nc73520296,NC,MCO,,EHZ,-1,162.0,,142.9,,2.534132377214
nc73520296,NC,MDR,2.0,EHZ,1,152.0,,88.7,,3.92518090898
nc73520296,NC,MLC,,EHZ,-1,151.0,,227.9,,4.154242457776
nc73520296,NC,MCV,,EHZ,-1,136.0,,139.3,,6.91632443452
nc73520296,NC,MLH,,EHZ,1,134.0,,51.3,,7.374447532112001
nc73520361,NC,MMT,,EHZ,1,97.0,,247.4,,15.48945327538
nc73520361,NC,MQ1P,,EHZ,1,95.0,,359.2,,20.3486715678
nc73520361,NC,MMX1,,HN3,1,85.0,,13.8,,21.44950134114
nc73520361,NC,MLC,,EHZ,1,86.0,,24.0,,22.20562684202
nc73520361,NC,MGPB,,EHZ,-1,85.0,,24.9,,24.0737016089
nc73520361,NC,MINS,,HHZ,1,84.0,,351.4,,25.1856508749
nc73520361,NC,MDY,,HHZ,1,84.0,,1.2,,25.37468225012
nc73520361,NC,MEM,,EHZ,1,82.0,,14.7,,27.15380107572
nc73520361,NC,MDR,2.0,EHZ,1,82.0,,34.7,,28.1879138931
nc73520361,NC,MDC,2.0,EHZ,1,80.0,,356.1,,31.16793792598
nc73520361,NC,MFB,,EHZ,1,78.0,,89.8,,52.13930108274
nc73520361,NC,MCD,,EHZ,1,78.0,,75.3,,52.50624434052
nc73520361,NC,MRC,,EHZ,1,78.0,,58.8,,52.66191723776
nc73520361,BK,TOLH,0.0,HHZ,-1,78.0,,215.2,,65.20470495824
nc73520361,BK,OVRO,0.0,HHZ,1,78.0,,108.6,,68.78518159476
nc73520361,BK,HELL,0.0,HHZ,1,78.0,,180.3,,83.1738050968
nc73520361,NC,MHD,,EHZ,1,78.0,,246.1,,85.16419428294
nc73520361,NC,MCO,,EHZ,1,84.0,,32.9,,25.10781442628
nc73520361,NC,MCV,,EHZ,1,84.0,,43.0,,24.41840588136
nc73520361,NC,MDPB,,HHZ,1,86.0,,346.5,,23.15078371812
nc73520361,NC,MLH,,EHZ,1,79.0,,32.8,,32.95817624424
nc73520361,NC,MMI,,EHZ,1,78.0,,269.2,,64.25954808214
nc73520361,NC,MMP,,EHZ,1,95.0,,357.3,,20.02620628066
nc73520361,NC,MPR,,EHZ,1,77.0,,295.7,,97.295560775
nc73520361,NC,MTU,2.0,EHZ,1,78.0,,101.8,,41.15324233466
nc73520371,NC,MMT,,EHZ,1,87.0,,244.3,,15.64512617262
nc73520371,NC,MLC,,EHZ,-1,82.0,,25.4,,21.53845728242
nc73520371,NC,MDPB,,HHZ,1,82.0,,346.5,,22.2945827833
nc73520371,NC,MINS,,HHZ,1,80.0,,351.6,,24.32944994008
nc73520371,NC,MCO,,EHZ,1,80.0,,34.4,,24.52960080796
nc73520471,NC,MCV,,EHZ,-1,131.0,,27.9,,12.8986114856
nc73520471,NC,MLC,,EHZ,-1,130.0,,353.6,,13.921604810320002
nc73520471,NC,MCO,,EHZ,-1,128.0,,11.8,,14.91123965706
nc73520471,NC,MGPB,,EHZ,-1,128.0,,358.3,,15.38937784144
nc73520471,NC,MMX1,,HN3,-1,128.0,,339.2,,15.400497334100002
nc73520471,NC,MDR,2.0,EHZ,1,125.0,,18.0,,17.5687984028
nc73520471,NC,MQ1P,,EHZ,1,124.0,,322.0,,17.69111282206
nc73520471,NC,MMP,,EHZ,-1,124.0,,319.7,,17.835666226639997
nc73520471,NC,MDPB,,HHZ,1,116.0,,315.2,,22.71712350438
nc73520471,NC,MDC,2.0,EHZ,1,111.0,,332.8,,27.75425367936
nc73520471,NC,MMT,,EHZ,-1,111.0,,243.6,,27.8543291133
nc73520741,NC,MLC,,EHZ,-1,140.0,,304.0,,6.163534781438
nc73520741,NC,MGPB,,EHZ,-1,139.0,,321.2,,6.405939721426
nc73520741,NC,MCB,,HHZ,-1,133.0,,333.7,,7.837018426768
nc73520741,NC,MMX1,,HN3,1,125.0,,293.9,,9.886340924006
nc73520741,NC,MLH,,EHZ,1,120.0,,19.0,,11.44195794714
nc73520741,NC,MQ1P,,EHZ,1,112.0,,283.7,,14.9001201644
nc73520741,NC,MDPB,,HHZ,1,106.0,,286.3,,20.41538852376
nc73520741,NC,MDC,2.0,EHZ,-1,104.0,,311.4,,21.64965220902
nc73520741,NC,MMT,,EHZ,1,94.0,,231.4,,36.48305541746
nc73520741,NC,MCO,,EHZ,-1,151.0,,353.3,,4.227631109332
nc73520741,NC,MCV,,EHZ,-1,161.0,,68.4,,2.67979773106
nc73520741,NC,MDR,2.0,EHZ,1,138.0,,16.7,,6.58273965472
nc73520746,NC,MMX1,,HN3,1,122.0,,296.3,,10.238828841328
nc73520746,NC,MEM,,EHZ,-1,113.0,,323.4,,12.40935380856
nc73520746,NC,MINS,,HHZ,-1,105.0,,295.5,,20.04844526598
nc73520746,NC,MBS1,,EP1,1,102.0,,339.2,,21.92763952552
nc73520746,NC,MDC,2.0,EHZ,1,101.0,,312.2,,22.10555140808
nc73520746,NC,MRC,,EHZ,1,95.0,,70.5,,32.61347197178
nc73520746,NC,MMT,,EHZ,1,93.0,,232.2,,36.28290454958
nc73520746,NC,MMI,,EHZ,1,87.0,,257.7,,80.4495293951
nc73520746,NC,MPR,,EHZ,1,86.0,,284.3,,105.26823701222
nc73520746,NC,MHD,,EHZ,1,86.0,,241.2,,105.26823701222
nc73520746,CI,MLAC,,HHZ,1,138.0,,16.1,,6.206900802812
nc73520746,NC,MCB,,HHZ,1,128.0,,334.4,,8.367418226649999
nc73520746,NC,MCO,,EHZ,-1,146.0,,352.3,,4.7602548077460005
nc73520746,NC,MCS,,EHZ,1,123.0,,333.2,,9.759578707682
nc73520746,NC,MCV,,EHZ,-1,159.0,,57.3,,2.78543291133
nc73520746,NC,MDPB,,HHZ,1,104.0,,287.5,,20.70449533292
nc73520746,NC,MDR,2.0,EHZ,1,134.0,,14.3,,7.041974701578
nc73520746,NC,MGPB,,EHZ,-1,135.0,,323.0,,6.90520494186
nc73520746,NC,MLC,,EHZ,-1,136.0,,307.0,,6.583851603986
nc73520746,NC,MLH,,EHZ,1,116.0,,17.5,,11.88673765354
nc73520746,NC,MMP,,EHZ,1,110.0,,283.7,,15.72296262124
nc73520746,NC,MQ1P,,EHZ,1,110.0,,285.5,,15.1781074809
nc73520766,NC,MCV,,EHZ,-1,106.0,,4.2,,10.66915320727
nc73520766,NC,MCO,,EHZ,-1,97.0,,351.0,,14.03279973692
nc73520766,NC,MLC,,EHZ,-1,97.0,,332.6,,14.76668625248
nc73520766,NC,MDR,2.0,EHZ,-1,96.0,,0.7,,15.96759145976
nc73520766,NC,MMT,,EHZ,-1,78.0,,246.6,,32.95817624424
nc73520856,CI,MLAC,,HHZ,-1,111.0,,350.1,,28.6882910628
nc73520856,NC,MMX1,,HN3,-1,109.0,,329.5,,31.15681843332
nc73520856,NC,MCS,,EHZ,-1,108.0,,340.4,,32.92481776626
nc73520856,NC,MQ1P,,EHZ,-1,107.0,,321.2,,33.88109413502001
nc73520856,NC,MMP,,EHZ,-1,107.0,,319.9,,34.03676703226
nc73520856,NC,MCD,,EHZ,1,106.0,,57.1,,35.40446462944
nc73520856,NC,MEM,,EHZ,-1,106.0,,336.5,,35.1931942689
nc73520856,NC,MDPB,,HHZ,-1,104.0,,317.3,,38.88486583202
nc73520856,NC,MINS,,HHZ,-1,103.0,,321.4,,39.61875234758
nc73520856,NC,MDC,2.0,EHZ,-1,101.0,,328.2,,43.71072564646
nc73520856,NC,MPR,,EHZ,1,88.0,,294.0,,118.978571462
nc73520856,NC,MCV,,EHZ,-1,115.0,,349.7,,24.1848965355
nc73520856,NC,MCO,,EHZ,-1,111.0,,344.9,,27.98776302522
nc73520856,NC,MLC,,EHZ,-1,110.0,,335.6,,28.843963960040004
nc73520856,NC,MDR,2.0,EHZ,-1,110.0,,350.4,,29.533372504960003
nc73520856,NC,MGPB,,EHZ,-1,110.0,,338.8,,29.844718299440004
nc73520856,NC,MCB,,HHZ,-1,108.0,,341.0,,31.56823966174
nc73520856,NC,MLH,,EHZ,-1,107.0,,354.8,,33.75877971576
nc73520856,NC,MMT,,EHZ,1,106.0,,270.2,,35.393345136780006
nc73520856,NC,MLM,,EHZ,1,102.0,,339.5,,41.79817290894
nc73520856,BK,TOLH,0.0,HHZ,1,93.0,,231.3,,75.43463820544
nc73520856,BK,HELL,0.0,HHZ,-1,92.0,,195.6,,80.16042258594
nc73520856,NC,MMI,,EHZ,1,92.0,,273.6,,85.48665957008001
nc73520856,NC,MHD,,EHZ,1,91.0,,254.1,,103.01098000224
nc73520856,NP,1576,10.0,HNZ,1,118.0,,6.3,,21.66077170168
nc73520856,NP,1679,10.0,HNZ,1,103.0,,64.9,,40.23032444388
nc73520871,NC,MTU,2.0,EHZ,1,147.0,,119.8,,7.282155743034001
nc73520871,NC,MFB,,EHZ,1,120.0,,75.0,,18.8475400587
nc73520871,NC,MCD,,EHZ,1,112.0,,43.0,,24.72975167584
nc73520871,NP,1589,10.0,HNZ,-1,109.0,,95.8,,27.253876509660003
nc73520871,NC,MCV,,EHZ,-1,108.0,,323.0,,28.4659012096
nc73520871,NP,1679,10.0,HNZ,1,108.0,,56.1,,28.43254273162
nc73520871,CI,MLAC,,HHZ,-1,105.0,,326.9,,32.45779907454
nc73520871,NC,MCO,,EHZ,-1,105.0,,322.3,,32.83586182498
nc73520871,NC,MDR,2.0,EHZ,-1,105.0,,327.7,,33.18056609744
nc73520871,NC,MLC,,EHZ,-1,103.0,,315.6,,35.32662818082
nc73520871,NC,MGPB,,EHZ,-1,103.0,,318.6,,35.704690931260004
nc73520871,NC,MCB,,HHZ,-1,103.0,,321.3,,36.90559613854
nc73520871,NC,MCS,,EHZ,-1,102.0,,321.5,,38.3066522137
nc73520871,NC,MMX1,,HN3,-1,102.0,,312.0,,38.55128105222
nc73520871,NC,MEM,,EHZ,-1,101.0,,319.3,,41.18660081264
nc73520871,NC,MQ1P,,EHZ,-1,100.0,,306.6,,42.4764619612
nc73520871,NC,MMP,,EHZ,1,100.0,,305.7,,42.810046741
nc73520871,NC,MDPB,,HHZ,-1,98.0,,305.1,,47.91389387194
nc73520871,NC,MMT,,EHZ,1,98.0,,268.9,,48.28083712972
nc73520871,NC,MDC,2.0,EHZ,1,97.0,,315.2,,50.88279841216
nc73520871,BK,HELL,0.0,HHZ,1,91.0,,203.8,,85.58673500402001
nc73520871,BK,TOLH,0.0,HHZ,1,91.0,,236.1,,86.48741390948001
nc73520871,NC,MMI,,EHZ,1,88.0,,272.5,,98.28519562174
nc73520871,WR,FRI,,EHZ,-1,88.0,,245.6,,104.84569629114
nc73520871,NC,MHD,,EHZ,1,88.0,,255.4,,115.7539185906
nc73520871,NC,MPR,,EHZ,1,86.0,,291.4,,130.4316489018
nc73520911,BK,TOLH,0.0,HHZ,1,92.0,,236.8,,85.43106210678
nc73520911,NC,MTU,2.0,EHZ,1,152.0,,107.9,,6.940787318372
nc73520911,NC,MFB,,EHZ,1,123.0,,71.0,,19.54806809628
nc73520911,NC,MCD,,EHZ,1,114.0,,41.2,,26.00849333174
nc73520911,NP,1589,10.0,HNZ,-1,113.0,,92.6,,27.43178839222
nc73520911,NC,MCV,,EHZ,-1,110.0,,325.2,,29.50001402698
nc73520911,NC,MCO,,EHZ,-1,108.0,,324.2,,33.84773565704
nc73520911,NC,MDR,2.0,EHZ,-1,107.0,,329.5,,34.29251536344
nc73520911,NC,MLC,,EHZ,-1,106.0,,317.5,,36.20506810096
nc73520911,NC,MGPB,,EHZ,-1,105.0,,320.4,,36.6387283147
nc73520911,NC,MLH,,EHZ,1,105.0,,335.4,,37.42821229356
nc73520911,NC,MCB,,HHZ,-1,105.0,,323.0,,37.90635047794
nc73520911,NC,MMX1,,HN3,-1,104.0,,313.9,,39.35188452374
nc73520911,NC,MCS,,EHZ,-1,104.0,,323.1,,39.3074065531
nc73520911,NC,MEM,,EHZ,-1,103.0,,320.9,,42.13175768874
nc73520911,NC,MMT,,EHZ,1,100.0,,270.7,,47.99173032056
nc73520911,NC,MDPB,,HHZ,-1,100.0,,306.7,,48.54770495356
nc73520911,NC,MDC,2.0,EHZ,1,99.0,,316.6,,51.75011883964
nc73520911,NC,MMI,,EHZ,1,91.0,,273.4,,98.08504475386
nc73520911,NC,MHD,,EHZ,1,89.0,,256.1,,115.086749031
nc73520911,NC,MPR,,EHZ,1,87.0,,292.0,,130.65403875500002
nc73520911,NC,MDY,,HHZ,1,101.0,,314.0,,45.83454874452
nc73520921,NC,MTU,2.0,EHZ,1,144.0,,121.2,,7.663554341271999
nc73520921,NC,MFB,,EHZ,1,117.0,,76.2,,18.99209346328
nc73520921,NC,MCV,,EHZ,-1,107.0,,323.0,,28.04336048852
nc73520921,NC,MCO,,EHZ,-1,103.0,,322.2,,32.4133211039
nc73520921,NC,MDR,2.0,EHZ,-1,103.0,,327.8,,32.75802537636
nc73520921,NC,MLC,,EHZ,-1,102.0,,315.4,,34.904087459740005
nc73520921,NC,MGPB,,EHZ,-1,102.0,,318.5,,35.282150210180006
nc73520921,NC,MDPB,,HHZ,-1,97.0,,304.9,,47.51359213618
nc73520921,NC,MMT,,EHZ,1,97.0,,268.5,,48.05844727652
nc73520921,NC,MCD,,EHZ,1,110.0,,44.0,,24.6296762419
nc73520921,NC,MCB,,HHZ,1,101.0,,321.2,,36.48305541746
nc73520921,NC,MCS,,EHZ,-1,100.0,,321.4,,37.88411149262
nc73520921,NC,MEM,,EHZ,1,99.0,,319.2,,40.76406009156
nc73520921,BK,TOLH,0.0,HHZ,-1,90.0,,235.8,,86.48741390948001
nc73521006,NP,1576,10.0,HNZ,-1,112.0,,7.8,,22.09443191542
nc73521006,NC,MLC,,EHZ,-1,106.0,,337.0,,28.94403939398
nc73521006,NC,MMX1,,HN3,-1,104.0,,330.8,,31.190176911300004
nc73521006,NC,MCS,,EHZ,-1,103.0,,341.5,,33.0804906635
nc73521006,NC,MQ1P,,EHZ,-1,103.0,,322.3,,33.8032576864
nc73521006,NC,MMT,,EHZ,1,102.0,,270.8,,34.81513151846
nc73521006,NC,MEM,,EHZ,-1,102.0,,337.6,,35.3043891955
nc73521006,NC,MDH,,HNZ,-1,101.0,,342.5,,35.79364687254
nc73521006,NC,MCY,,EHZ,-1,101.0,,324.7,,36.90559613854
nc73521006,NC,MLM,,EHZ,-1,99.0,,340.4,,41.94272631352
nc73521006,NC,MDC,2.0,EHZ,-1,98.0,,329.1,,43.71072564646
nc73521006,NC,MBS1,,EP1,1,98.0,,342.2,,45.34529106748
nc73521006,BK,TOLH,0.0,HHZ,1,91.0,,231.2,,74.73411016786001
nc73521006,BK,HELL,0.0,HHZ,-1,90.0,,195.3,,79.64892592358001
nc73521006,NC,MHD,,EHZ,1,88.0,,254.2,,102.34381044264
nc73521006,NC,MPR,,EHZ,1,87.0,,294.3,,118.5337917556
nc73521006,BK,BUCR,0.0,HHZ,1,86.0,,286.0,,125.094292425
nc73521006,CI,CWC,,HHZ,-1,87.0,,148.6,,121.0912750674
nc73521006,CI,MLAC,,HHZ,-1,106.0,,351.4,,28.955158886640003
nc73521006,NC,MCB,,HHZ,-1,104.0,,342.2,,31.73503205164
nc73521006,NC,MCO,,EHZ,-1,106.0,,346.2,,28.19903338576
nc73521006,NC,MCV,,EHZ,-1,110.0,,351.2,,24.45176435934
nc73521006,NC,MDPB,,HHZ,-1,100.0,,318.3,,38.76255141276
nc73521006,NC,MDR,2.0,EHZ,-1,105.0,,351.7,,29.8002403288
nc73521006,NC,MDY,,HHZ,-1,101.0,,328.0,,37.46157077154
nc73521006,NC,MFB,,EHZ,1,104.0,,78.6,,32.3021261773
nc73521006,NC,MGPB,,EHZ,-1,105.0,,340.1,,29.97815221136
nc73521006,NC,MINS,,HHZ,-1,100.0,,322.4,,39.55203539162
nc73521006,NC,MLH,,EHZ,-1,103.0,,355.8,,34.0812450029
nc73521006,NC,MMI,,EHZ,1,90.0,,273.8,,84.91956544442
nc73521006,NC,MMLB,,HHZ,-1,101.0,,332.0,,36.09387317436
nc73521006,NC,MMP,,EHZ,-1,103.0,,321.1,,33.947811090980004
nc73521006,NC,MTU,2.0,EHZ,1,116.0,,96.1,,19.9038918614
nc73521086,NC,MCV,,EHZ,-1,129.0,,20.3,,4.621261149496
nc73521086,NC,MCO,,EHZ,-1,111.0,,349.7,,7.6724499354
nc73521086,NC,MLC,,EHZ,-1,106.0,,318.6,,9.057938720836
nc73521086,NC,MMX1,,HN3,1,93.0,,306.6,,12.35375634526
nc73521136,NC,MCB,,HHZ,-1,158.0,,332.1,,1.411063618554
nc73521136,NC,MGPB,,EHZ,-1,158.0,,236.6,,1.432190654608
nc73521136,NC,MCO,,EHZ,1,140.0,,124.1,,2.811007744448
nc73521136,NC,MLC,,EHZ,-1,135.0,,224.3,,3.272466689838
nc73521136,CI,MLAC,,HHZ,1,121.0,,94.0,,4.7157768371060005
nc73521136,NC,MDR,2.0,EHZ,1,121.0,,83.5,,4.749135315086
nc73521141,NC,MCV,,EHZ,1,117.0,,52.3,,2.310630574748
nc73521141,NC,MCO,,EHZ,-1,104.0,,346.0,,4.766926503342
nc73521141,CI,MLAC,,HHZ,1,121.0,,11.7,,5.992294594474
nc73521141,NC,MDR,2.0,EHZ,-1,133.0,,10.3,,6.841823833698
nc73521141,NC,MLC,,EHZ,-1,133.0,,303.9,,6.950794861766
nc73521141,NC,MGPB,,EHZ,1,134.0,,319.2,,7.157617425242
nc73521176,NC,MCY,,EHZ,-1,159.0,,283.9,,0.7397798466698
nc73521176,NC,MDPB,,HHZ,-1,78.0,,258.9,,5.24840053552
nc73521176,NC,MMP,,EHZ,1,104.0,,190.9,,3.5760288394560003
nc73521176,NC,MEM,,EHZ,-1,70.0,,69.0,,7.675785783197999
nc73521176,NC,MGPB,,EHZ,1,70.0,,99.2,,10.563518027
nc73521201,NC,MCV,,EHZ,-1,120.0,,9.6,,5.932249334110001
nc73521201,NC,MCO,,EHZ,-1,43.0,,347.6,,9.281440523302
nc73521201,NC,MLC,,EHZ,-1,43.0,,321.6,,10.618003541034
nc73521201,NC,MDR,2.0,EHZ,-1,43.0,,2.0,,11.1750901233
nc73521201,NC,MLH,,EHZ,-1,43.0,,8.1,,15.83415754784
nc73521201,NC,MMP,,EHZ,-1,42.0,,295.9,,18.48059680092
nc73521201,NC,MDC,2.0,EHZ,-1,42.0,,317.3,,26.130807751
nc73521306,NC,MQ1P,,EHZ,1,133.0,,283.8,,4.118660081263999
nc73521306,NC,MMP,,EHZ,1,128.0,,277.8,,4.696873699584
nc73521306,NC,MMX1,,HN3,-1,153.0,,44.5,,2.0437627509080003
nc73521306,NC,MGPB,,EHZ,-1,114.0,,69.1,,6.90520494186
nc73521306,NC,MINS,,HHZ,1,106.0,,306.5,,9.313687052016
nc73521306,NC,MDPB,,HHZ,1,104.0,,289.1,,9.650607679614
nc73521306,NC,MCV,,EHZ,1,93.0,,96.8,,13.0654038755
nc73521311,NC,MDH,,HNZ,1,134.0,,252.3,,3.084547263884
nc73521311,NC,MCS,,EHZ,-1,120.0,,215.7,,4.5589919906
nc73521311,NC,MCB,,HHZ,-1,114.0,,201.1,,5.210594260476
nc73521311,NC,MLH,,EHZ,-1,113.0,,101.3,,5.446327504868
nc73521311,NC,MEM,,EHZ,1,109.0,,246.5,,6.180214020428
nc73521311,NC,MDR,2.0,EHZ,-1,107.0,,148.0,,6.579403806922
nc73521311,NC,MGPB,,EHZ,1,104.0,,199.3,,7.303282779088001
nc73521311,NC,MLM,,EHZ,-1,103.0,,305.2,,7.698024768518
nc73521311,NC,MCO,,EHZ,-1,102.0,,171.8,,7.758070028882
nc73521311,NC,MLC,,EHZ,1,98.0,,202.5,,9.143558814318
nc73521311,NC,MCV,,EHZ,-1,93.0,,159.5,,11.64210881502
nc73521311,NC,MDC,2.0,EHZ,-1,88.0,,279.3,,14.866761686420002
nc73521311,NC,MQ1P,,EHZ,1,87.0,,236.9,,15.3448998708
nc73521311,NC,MMP,,EHZ,1,86.0,,237.2,,16.07878638636
nc73521311,NC,MDPB,,HHZ,1,84.0,,251.0,,19.02545194126
nc73521311,NC,MMT,,EHZ,1,70.0,,217.8,,43.85527905104
nc73521311,NC,MINS,,HHZ,1,85.0,,256.9,,16.801553409260002
nc73521396,NC,MCV,,EHZ,1,150.0,,56.3,,3.451490521664
nc73521396,NC,MCO,,EHZ,1,139.0,,358.7,,5.124974166994
nc73521396,NC,MLC,,EHZ,1,131.0,,312.8,,6.437074300874
nc73521396,NC,MDR,2.0,EHZ,1,126.0,,17.4,,7.579046197056
nc73521396,NC,MLH,,EHZ,1,106.0,,19.3,,12.44271228654
nc73521396,NC,MMX1,,HN3,1,116.0,,299.7,,9.960841524828002
nc73521396,NC,MQ1P,,EHZ,1,104.0,,287.6,,14.777805745139998
nc73521396,NC,MINS,,HHZ,1,99.0,,297.2,,19.75933845682
nc73521396,NC,MDPB,,HHZ,-1,98.0,,289.1,,20.32643258248
nc73521396,NC,MDC,2.0,EHZ,-1,95.0,,313.9,,21.99435648148
nc73521566,NC,MCV,,EHZ,-1,85.0,,331.1,,18.458357815600003
nc73521566,NC,MCO,,EHZ,-1,83.0,,328.4,,22.75048198236
nc73521566,NC,MDR,2.0,EHZ,-1,82.0,,336.1,,23.49548799058
nc73521566,NC,MGPB,,EHZ,1,81.0,,322.6,,25.4080407281
nc73521566,NC,MINS,,HHZ,-1,73.0,,308.5,,37.49492924952
nc73521566,NC,MDPB,,HHZ,-1,73.0,,304.0,,37.4170928009
nc73521566,NC,MCB,,HHZ,1,80.0,,326.2,,26.7423798473
nc73521566,NC,MLH,,EHZ,1,79.0,,343.5,,27.08708411976
nc73521566,NC,MDC,2.0,EHZ,-1,72.0,,316.9,,40.441594804420006
nc73521741,NC,MCB,,HHZ,-1,167.0,,279.2,,0.9688413954658
nc73521741,NC,MCS,,EHZ,1,153.0,,307.2,,2.186092256956
nc73521741,CI,MLAC,,HHZ,-1,130.0,,107.9,,4.633492591422
nc73521741,NC,MEM,,EHZ,1,125.0,,298.4,,5.390730041568
nc73521741,NC,MMX1,,HN3,1,115.0,,246.1,,7.117587251666
nc73521741,NC,MCV,,EHZ,-1,113.0,,139.6,,7.733607145030001
nc73521741,NC,MLM,,EHZ,-1,102.0,,330.5,,10.861520430288
nc73521741,NC,MQ1P,,EHZ,1,95.0,,254.3,,12.40935380856
nc73521741,NC,MINS,,HHZ,1,95.0,,274.5,,15.48945327538
nc73521741,NC,MDC,2.0,EHZ,1,95.0,,298.4,,15.622887187300002
nc73521741,NC,MDPB,,HHZ,1,95.0,,266.0,,17.11289920374
nc73521741,NC,MMT,,EHZ,1,75.0,,221.2,,39.39636249438
nc73521741,NC,MPR,,EHZ,-1,74.0,,280.6,,101.06506878674
nc73521741,NC,MCO,,EHZ,-1,141.0,,142.7,,3.35252703699
nc73521741,NC,MDR,2.0,EHZ,-1,132.0,,97.2,,4.460028505926
nc73521741,NC,MGPB,,EHZ,-1,151.0,,218.3,,2.397362617496
nc73521741,NC,MLC,,EHZ,-1,133.0,,216.9,,4.2943480652920005
nc73521741,NC,MLH,,EHZ,1,114.0,,57.7,,7.407806010092
nc73521741,NC,MMP,,EHZ,1,95.0,,253.6,,13.13212083146
nc73521756,NC,MDH,,HNZ,-1,131.0,,334.7,,4.556768092068
nc73521756,NC,MMX1,,HN3,1,116.0,,246.2,,7.048646397174
nc73521756,NC,MCV,,EHZ,-1,113.0,,139.1,,7.743614688424
nc73521756,NC,MQ1P,,EHZ,1,95.0,,254.4,,12.3426368526
nc73521756,NC,MMP,,EHZ,1,95.0,,253.7,,13.0654038755
nc73521756,NC,MINS,,HHZ,-1,95.0,,274.7,,15.43385581208
nc73521756,NC,MDC,2.0,EHZ,1,95.0,,298.7,,15.57840921666
nc73521756,NC,MMT,,EHZ,1,75.0,,221.2,,39.32964553842
nc73521756,CI,MLAC,,HHZ,-1,130.0,,107.3,,4.677970562062001
nc73521756,NC,MCB,,HHZ,-1,168.0,,282.1,,0.9178029241564
nc73521756,NC,MCO,,EHZ,-1,141.0,,141.6,,3.3603106818520003
nc73521756,NC,MCS,,EHZ,1,153.0,,308.9,,2.16274132237
nc73521756,NC,MDR,2.0,EHZ,1,131.0,,96.7,,4.513402070694
nc73521756,NC,MEM,,EHZ,1,125.0,,299.1,,5.357371563588
nc73521756,NC,MGPB,,EHZ,-1,151.0,,217.8,,2.332869560068
nc73521756,NC,MLC,,EHZ,-1,134.0,,216.6,,4.229855007864
nc73521756,NC,MLH,,EHZ,1,114.0,,57.7,,7.476746864583999
nc73521761,NC,MCS,,EHZ,1,151.0,,298.3,,2.16274132237
nc73521761,NC,MLC,,EHZ,-1,128.0,,216.3,,4.627932845091999
nc73521761,NC,MMX1,,HN3,1,112.0,,244.5,,7.387790923304
nc73521761,NC,MCV,,EHZ,-1,110.0,,141.9,,7.860369361354
nc73521761,NC,MMP,,EHZ,1,93.0,,252.6,,13.36563017732
nc73521761,NC,MCB,,HHZ,1,165.0,,262.8,,1.127516555724
nc73521761,NC,MCO,,EHZ,-1,138.0,,147.8,,3.5037521371660003
nc73521761,NC,MDR,2.0,EHZ,1,131.0,,101.4,,4.347721630060001
nc73521761,NC,MGPB,,EHZ,-1,146.0,,217.1,,2.730947397296
nc73521776,NC,MDH,,HNZ,1,129.0,,334.8,,4.676858612796
nc73521776,NC,MDH1,1.0,DP1,-1,129.0,,334.8,,4.676858612796
nc73521776,NC,MMX1,,HN3,1,115.0,,247.2,,7.045310549376
nc73521776,NC,MMLB,,HHZ,1,109.0,,283.4,,8.424127639216
nc73521776,NP,1576,10.0,HNZ,-1,94.0,,124.3,,14.24407009746
nc73521776,NC,MINS,,HHZ,1,94.0,,275.1,,15.47833378272
nc73521776,NC,MRC,,EHZ,-1,76.0,,83.8,,33.64758478916
nc73521776,NC,MMT,,EHZ,1,74.0,,221.3,,39.27404807512
nc73521776,NC,MCD,,EHZ,-1,74.0,,104.8,,40.46383378974
nc73521776,NC,MTU,2.0,EHZ,-1,74.0,,138.3,,42.91012217494
nc73521776,NC,MMI,,EHZ,1,74.0,,252.2,,79.7267623722
nc73521776,NC,MPR,,EHZ,-1,74.0,,280.7,,101.0761882794
nc73521776,NC,MHD,,EHZ,1,73.0,,237.1,,106.65817359472
nc73521776,CI,MLAC,,HHZ,-1,130.0,,106.1,,4.60346996124
nc73521776,NC,MCB,,HHZ,-1,167.0,,287.9,,0.989078872107
nc73521776,NC,MCO,,EHZ,-1,142.0,,141.0,,3.245779907454
nc73521776,NC,MCS,,EHZ,1,151.0,,310.4,,2.267264553374
nc73521776,NC,MCV,,EHZ,-1,112.0,,138.8,,7.631307812558
nc73521776,NC,MDC,2.0,EHZ,-1,94.0,,298.9,,15.678484650599998
nc73521776,NC,MDPB,,HHZ,1,94.0,,266.5,,17.090660218420002
nc73521776,NC,MDR,2.0,EHZ,-1,131.0,,95.3,,4.457804607394
nc73521776,NC,MEM,,EHZ,1,123.0,,299.9,,5.449663352666
nc73521776,NC,MGPB,,EHZ,-1,151.0,,220.4,,2.27393624897
nc73521776,NC,MLC,,EHZ,1,133.0,,218.0,,4.167585848968
nc73521776,NC,MLH,,EHZ,1,113.0,,56.8,,7.50009779917
nc73521776,NC,MLM,,EHZ,-1,101.0,,330.9,,10.983834849548002
nc73521776,NC,MMP,,EHZ,1,94.0,,254.2,,13.07652336816
nc73521776,NC,MQ1P,,EHZ,1,94.0,,254.9,,12.35375634526
nc73521781,NC,MCB,,HHZ,-1,160.0,,243.8,,1.54004973341
nc73521781,NC,MDR,2.0,EHZ,-1,132.0,,109.3,,4.233190855662
nc73521781,CI,MLAC,,HHZ,-1,130.0,,119.6,,4.576783178856
nc73521781,NC,MLC,,EHZ,-1,125.0,,215.1,,5.218377905338
nc73521781,NC,MMX1,,HN3,1,111.0,,241.8,,7.865929107684
nc73521781,NC,MCV,,EHZ,-1,110.0,,145.7,,8.135020830056
nc73521781,NC,MINS,,HHZ,-1,94.0,,271.4,,15.86751602582
nc73521781,NC,MDPB,,HHZ,-1,94.0,,263.4,,17.61327637344
nc73521781,NC,MCO,,EHZ,-1,135.0,,155.4,,3.849568358892
nc73521781,NC,MGPB,,EHZ,-1,141.0,,215.2,,3.3202805082760003
nc73521791,NC,MCB,,HHZ,1,164.0,,257.2,,1.146419693246
nc73521791,NC,MGPB,,EHZ,-1,145.0,,215.8,,2.819903338576
nc73521791,NC,MCO,,EHZ,-1,136.0,,148.7,,3.5982678247760003
nc73521791,NC,MDR,2.0,EHZ,-1,130.0,,102.8,,4.371072564646
nc73521791,NC,MLC,,EHZ,1,127.0,,215.5,,4.718000735638
nc73521791,NC,MLH,,EHZ,1,113.0,,59.8,,7.058653940568
nc73521791,NC,MMX1,,HN3,1,112.0,,243.7,,7.435604741742
nc73521791,NC,MCV,,EHZ,-1,109.0,,142.4,,7.947101404102001
nc73521801,NC,MCB,,HHZ,1,164.0,,259.3,,1.1675467293
nc73521801,NC,MCS,,EHZ,1,151.0,,296.2,,2.1549576775080004
nc73521801,NC,MGPB,,EHZ,-1,144.0,,216.7,,2.80767189665
nc73521801,NC,MCO,,EHZ,-1,136.0,,148.8,,3.550454006338
nc73521801,NC,MDH1,1.0,DP1,-1,130.0,,329.4,,4.315475101346
nc73521801,NC,MDR,2.0,EHZ,-1,129.0,,102.4,,4.334378238868
nc73521801,CI,MLAC,,HHZ,-1,127.0,,113.1,,4.582342925186
nc73521801,NC,MLC,,EHZ,1,127.0,,216.1,,4.705769293712001
nc73521801,NC,MEM,,EHZ,1,121.0,,294.0,,5.399625635696
nc73521801,NC,MLH,,EHZ,1,112.0,,59.4,,7.051982244972001
nc73521801,NC,MMX1,,HN3,1,111.0,,244.1,,7.445612285136001
nc73521801,NC,MCV,,EHZ,-1,109.0,,142.4,,7.90039953493
nc73521801,NC,MDC,2.0,EHZ,-1,93.0,,296.9,,15.61176769464
nc73521801,NC,MDPB,,HHZ,-1,85.0,,264.9,,17.324169564279998
nc73521816,NC,MGPB,,EHZ,-1,118.0,,320.5,,2.245025568054
nc73521816,NC,MCO,,EHZ,-1,117.0,,65.7,,2.29617523429
nc73521816,NC,MLC,,EHZ,1,115.0,,274.1,,2.533020427948
nc73521816,NC,MCV,,EHZ,-1,65.0,,114.2,,5.568641924128
nc73521831,NC,MMX1,,HN3,-1,154.0,,325.1,,1.372145394244
nc73521831,NC,MQ1P,,EHZ,1,103.0,,275.9,,6.256938519782
nc73521831,NC,MMLB,,HHZ,-1,102.0,,336.8,,6.296968693358
nc73521831,NC,MCS,,EHZ,1,101.0,,36.7,,6.638337118020001
nc73521831,NC,MCV,,EHZ,1,92.0,,99.9,,10.914893995056
nc73521831,NC,MMT,,EHZ,1,73.0,,218.2,,32.657949942420004
nc73521831,NC,MMI,,EHZ,1,68.0,,253.7,,73.13290322482
nc73521831,NC,MHD,,EHZ,1,68.0,,237.1,,99.76408814552
nc73521831,NC,MCB,,HHZ,1,102.0,,48.8,,6.32143157721
nc73521831,NC,MCO,,EHZ,1,97.0,,80.2,,7.873712752546
nc73521831,NC,MDC,2.0,EHZ,-1,89.0,,325.0,,13.94384379564
nc73521831,NC,MDPB,,HHZ,1,90.0,,284.0,,11.68658678566
nc73521831,NC,MDR,2.0,EHZ,1,92.0,,71.2,,10.715855076442
nc73521831,NC,MEM,,EHZ,-1,101.0,,8.4,,6.626105676094
nc73521831,NC,MGPB,,EHZ,1,112.0,,63.3,,4.733568025362
nc73521831,NC,MLC,,EHZ,1,127.0,,79.7,,3.190182444154
nc73521831,NC,MMP,,EHZ,1,100.0,,272.5,,6.88296595654
nc73521836,NC,MCB,,HHZ,1,157.0,,264.8,,1.55116922607
nc73521836,NC,MGPB,,EHZ,-1,139.0,,223.6,,3.00782276453
nc73521836,NC,MDR,2.0,EHZ,1,129.0,,102.6,,3.93074065531
nc73521836,NC,MLC,,EHZ,-1,121.0,,220.3,,4.893688719666
nc73521836,NC,MLH,,EHZ,1,110.0,,57.1,,6.751755943152
nc73521836,NC,MCV,,EHZ,-1,107.0,,144.4,,7.603509080908
nc73521866,NC,MCB,,HHZ,-1,160.0,,268.8,,1.442198198002
nc73521866,NC,MCS,,EHZ,-1,147.0,,297.0,,2.500773899234
nc73521866,NC,MGPB,,EHZ,-1,144.0,,223.7,,2.856597664354
nc73521866,NC,MCO,,EHZ,-1,140.0,,151.6,,3.2435560089220004
nc73521866,NC,MDR,2.0,EHZ,-1,132.0,,100.7,,4.00857710393
nc73521866,CI,MLAC,,HHZ,-1,130.0,,112.3,,4.239862551258
nc73521866,NC,MDH,,HNZ,1,127.0,,327.4,,4.627932845091999
nc73521866,NC,MLC,,EHZ,-1,126.0,,220.2,,4.7424636194900005
nc73521866,NC,MEM,,EHZ,-1,119.0,,294.5,,5.744329908156
nc73521866,NC,MLH,,EHZ,1,113.0,,56.8,,6.898533246264
nc73521866,NC,MCV,,EHZ,-1,110.0,,143.3,,7.574598399992
nc73521901,NC,MCV,,EHZ,-1,130.0,,1.6,,5.777688386136
nc73521901,NP,1576,10.0,HNZ,-1,120.0,,63.0,,7.75028638402
nc73521901,NC,MCO,,EHZ,-1,113.0,,342.6,,9.422658080084
nc73521901,CI,MLAC,,HHZ,1,110.0,,357.5,,10.243276638392
nc73521901,NC,MLC,,EHZ,-1,108.0,,318.0,,11.096141725414
nc73521901,NC,MDR,2.0,EHZ,-1,108.0,,357.8,,11.103925370276
nc73521901,NC,MGPB,,EHZ,-1,106.0,,327.1,,11.65322830768
nc73521901,NC,MCB,,HHZ,1,101.0,,333.9,,13.16547930944
nc73521901,NC,MMX1,,EP1,1,100.0,,307.8,,14.366384516720002
nc73521901,NC,MCS,,EHZ,-1,100.0,,333.1,,14.55541589194
nc73521901,NC,MLH,,EHZ,-1,99.0,,5.2,,15.66736515794
nc73521901,NC,MEM,,EHZ,-1,98.0,,326.1,,17.15737717438
nc73522041,NC,MCV,,EHZ,-1,39.0,,343.9,,12.231441926
nc73522041,NC,MCO,,EHZ,-1,39.0,,336.9,,16.27893725424
nc73522041,NC,MDR,2.0,EHZ,-1,39.0,,346.8,,17.53543992482
nc73522041,NC,MLC,,EHZ,-1,39.0,,322.3,,17.980219631220002
nc73522041,NC,MGPB,,EHZ,-1,39.0,,327.9,,18.6251502055
nc73522041,NC,MCS,,EHZ,1,38.0,,331.9,,21.5162182971
nc73522041,NC,MDPB,,HHZ,-1,38.0,,303.0,,30.356214961800003
nc73522041,NC,MDC,2.0,EHZ,-1,37.0,,318.6,,33.45855341394
nc73522041,NC,MBS1,,EP1,1,37.0,,336.3,,33.603106818520004
nc73522431,NC,MCV,,EHZ,1,140.0,,6.0,,6.179102071162
nc73522431,NC,MCO,,EHZ,-1,125.0,,346.0,,9.647271831816
nc73522431,NC,MLC,,EHZ,-1,121.0,,321.1,,11.060559348902
nc73522431,NC,MDR,2.0,EHZ,1,119.0,,0.3,,11.46419693246
nc73522431,NC,MMX1,,HN3,1,112.0,,310.2,,14.221831112140002
nc73522431,NC,MLH,,EHZ,1,111.0,,6.8,,16.07878638636
nc73522431,NC,MEM,,EHZ,1,109.0,,328.1,,17.20185514502
nc73522431,NC,MQ1P,,EHZ,-1,108.0,,298.1,,18.49171629358
nc73522431,NC,MMP,,EHZ,-1,107.0,,296.3,,18.91425701466
nc73522431,NC,MINS,,HHZ,-1,101.0,,303.9,,23.82907277038
nc73522431,NC,MDPB,,HHZ,-1,101.0,,297.0,,24.02922363826
nc73522431,NC,MDC,2.0,EHZ,-1,99.0,,317.2,,26.5755874574
nc73522431,NC,MTU,2.0,EHZ,-1,96.0,,129.8,,31.479283720460003
nc73522431,NC,MMT,,EHZ,1,95.0,,239.9,,35.09311883496
nc73522431,NC,MFB,,EHZ,-1,93.0,,107.9,,37.90635047794
nc73522431,NC,MGPB,,EHZ,-1,118.0,,330.1,,11.71994526364
nc73522526,NC,MCV,,EHZ,-1,121.0,,359.5,,7.939317759240001
nc73522526,NC,MCO,,EHZ,-1,108.0,,344.7,,11.5642723664
nc73522526,NC,MLC,,EHZ,-1,102.0,,323.7,,12.92085047092
nc73522526,NC,MDR,2.0,EHZ,-1,102.0,,357.1,,13.276674236040002
nc73522526,NC,MGPB,,EHZ,1,102.0,,331.2,,13.63249800116
nc73522526,NC,MCB,,HHZ,1,101.0,,336.7,,15.2337049442
nc73522526,NC,MCS,,EHZ,-1,99.0,,335.8,,16.61252203404
nc73522526,NC,MLH,,EHZ,1,98.0,,3.8,,17.80230774866
nc73522526,NC,MMT,,EHZ,1,84.0,,243.0,,34.88184847442
nc73522626,NC,MCV,,EHZ,-1,145.0,,356.7,,5.525275902754
nc73522626,NP,1576,10.0,HNZ,1,137.0,,63.1,,7.198759548084001
nc73522626,NC,MMX1,,HN3,-1,114.0,,305.9,,14.59989386258
nc73522626,NC,MDH,,HNZ,-1,111.0,,334.7,,17.135138189059997
nc73522626,NC,MMP,,EHZ,-1,108.0,,293.4,,19.53694860362
nc73522626,NC,MDY,,HHZ,-1,106.0,,308.6,,21.03808011272
nc73522626,NC,MCY,,EHZ,-1,106.0,,302.5,,21.2938284439
nc73522626,NC,MINS,,HHZ,-1,102.0,,301.4,,24.30721095476
nc73522626,NC,MDPB,,HHZ,-1,102.0,,294.6,,24.64079573456
nc73522626,NC,MBS1,,EP1,1,101.0,,336.9,,26.65342390602
nc73522626,NC,MRC,,EHZ,1,98.0,,62.0,,31.77951002228
nc73522626,NC,MFB,,EHZ,-1,95.0,,109.3,,37.18358345504
nc73522626,CI,TIN,,HHZ,-1,88.0,,135.6,,75.49023566874
nc73522626,NN,LHV,,HHZ,1,88.0,,19.5,,83.80761617842
nc73522626,BK,TOLH,0.0,HHZ,1,89.0,,219.9,,85.36434515082
nc73522626,BK,HELL,0.0,HHZ,1,87.0,,190.4,,97.0731709218
nc73522626,WR,FRI,,EHZ,1,87.0,,232.3,,99.16363554188
nc73522626,NC,MPR,,EHZ,-1,86.0,,286.0,,108.89319161938
nc73522626,BK,BUCR,0.0,HHZ,1,85.0,,277.6,,117.866622196
nc73522626,BK,LIND,0.0,HHZ,-1,84.0,,188.9,,133.3227169934
nc73522626,CI,CWC,,HHZ,-1,84.0,,151.4,,138.99365825
nc73522626,CI,MLAC,,HHZ,-1,126.0,,354.7,,10.017550937394
nc73522626,NC,MCB,,HHZ,-1,116.0,,331.5,,13.15435981678
nc73522626,NC,MCO,,EHZ,-1,128.0,,339.3,,9.337037986602
nc73522626,NC,MCS,,EHZ,-1,114.0,,331.0,,14.55541589194
nc73522626,NC,MDC,2.0,EHZ,-1,101.0,,314.7,,26.7979773106
nc73522626,NC,MDR,2.0,EHZ,-1,123.0,,355.2,,10.87486382148
nc73522626,NC,MEM,,EHZ,-1,111.0,,324.3,,17.224094130340003
nc73522626,NC,MGPB,,EHZ,-1,121.0,,324.5,,11.71994526364
nc73522626,NC,MHD,,EHZ,1,86.0,,243.9,,105.79085316724
nc73522626,NC,MLC,,EHZ,-1,122.0,,315.3,,11.24180707926
nc73522626,NC,MLH,,EHZ,1,113.0,,3.5,,15.36713885612
nc73522626,NC,MLM,,EHZ,-1,103.0,,332.9,,23.42877103462
nc73522626,NC,MMI,,EHZ,1,88.0,,260.9,,82.32872365464
nc73522626,NC,MMLB,,HHZ,-1,109.0,,314.4,,18.91425701466
nc73522626,NC,MMT,,EHZ,1,95.0,,239.8,,36.2495460716
nc73522626,NC,MQ1P,,EHZ,-1,109.0,,295.1,,19.08104940456
nc73522626,NC,MTU,2.0,EHZ,-1,98.0,,131.9,,31.14569894066
nc73522661,NC,MCO,,EHZ,-1,121.0,,344.8,,10.356695463524
nc73522661,NC,MLC,,EHZ,-1,117.0,,321.6,,11.79778171226
nc73522661,NC,MDR,2.0,EHZ,-1,113.0,,358.4,,12.09800801408
nc73522661,NC,MMX1,,HN3,-1,110.0,,311.1,,14.93347864238
nc73522661,NC,MLH,,EHZ,1,109.0,,5.2,,16.66811949734
nc73522661,NC,MINS,,HHZ,-1,100.0,,304.6,,24.507361822640004
nc73522661,NC,MBS1,,EP1,1,98.0,,339.0,,27.60970027478
nc73522661,NC,MMT,,EHZ,1,94.0,,241.1,,35.1375968056
nc73522661,NC,MCB,,HHZ,-1,111.0,,336.0,,14.03279973692
nc73522661,NC,MDPB,,HHZ,-1,100.0,,297.9,,24.67415421254
nc73522721,NC,MCV,,EHZ,1,142.0,,350.4,,7.696912819252001
nc73522721,NC,MCO,,EHZ,-1,129.0,,338.5,,11.6198698297
nc73522721,NC,MLC,,EHZ,-1,123.0,,318.6,,13.42122764062
nc73522721,NC,MGPB,,EHZ,-1,122.0,,326.2,,13.97720227362
nc73522721,NC,MMX1,,HN3,-1,119.0,,309.7,,16.64588051202
nc73522721,NC,MCS,,EHZ,1,119.0,,331.5,,16.8460313799
nc73522721,NC,MLH,,EHZ,1,118.0,,359.9,,17.41312550556
nc73522721,NC,MQ1P,,EHZ,-1,113.0,,299.1,,20.88240721548
nc73522721,NC,MINS,,HHZ,-1,107.0,,304.2,,26.2420026776
nc73522721,NC,MDC,2.0,EHZ,-1,104.0,,316.3,,28.955158886640003
nc73522721,NC,MMT,,EHZ,1,100.0,,243.4,,36.12723165234
nc73522761,NC,MINS,,HHZ,1,138.0,,10.8,,12.33151735994
nc73522761,NC,MDC,2.0,EHZ,1,128.0,,12.3,,18.74746462476
nc73523181,NC,MCO,,EHZ,-1,165.0,,230.2,,1.333227169934
nc73523181,NC,MDR,2.0,EHZ,1,159.0,,47.3,,1.852507477156
nc73523181,NC,MCV,,EHZ,-1,136.0,,154.3,,4.515625969226
nc73523181,NC,MLC,,EHZ,-1,127.0,,254.0,,5.873316023012
nc73523456,NC,MCV,,EHZ,1,136.0,,16.3,,6.24915487492
nc73523456,NC,MCO,,EHZ,1,123.0,,352.4,,9.294783914494
nc73523456,NC,MLC,,EHZ,1,120.0,,325.4,,10.27997096417
nc73523456,NC,MGPB,,EHZ,1,117.0,,334.7,,11.073902740094
nc73523456,NC,MDR,2.0,EHZ,1,116.0,,5.8,,11.37524099118
nc73523456,NC,MLH,,EHZ,-1,108.0,,10.7,,16.101025371680002
nc73523661,NC,MCV,,EHZ,-1,118.0,,0.3,,9.29033611743
nc73523661,NP,1576,10.0,HNZ,1,116.0,,43.9,,9.770698200342
nc73523661,NC,MCO,,EHZ,-1,105.0,,346.8,,12.8430140223
nc73523661,CI,MLAC,,HHZ,-1,104.0,,357.7,,13.75481242042
nc73523661,NC,MLC,,EHZ,-1,104.0,,327.3,,13.96608278096
nc73523661,NC,MDR,2.0,EHZ,-1,103.0,,357.9,,14.6221328479
nc73523661,NC,MGPB,,EHZ,-1,103.0,,334.2,,14.777805745139998
nc73523661,NC,MCB,,HHZ,-1,102.0,,338.9,,16.434610151479998
nc73523661,NC,MMX1,,EP1,1,101.0,,317.1,,16.83491188724
nc73523661,NC,MLH,,EHZ,-1,99.0,,3.9,,19.158885853180003
nc73523661,NC,MEM,,EHZ,-1,97.0,,331.4,,20.21523765588
nc73523661,NC,MDH,,HNZ,-1,97.0,,340.1,,20.48210547972
nc73523661,NC,MQ1P,,EHZ,-1,97.0,,305.1,,20.64889786962
nc73523661,NC,MMP,,EHZ,-1,96.0,,303.3,,21.00472163474
nc73523661,NC,MMLB,,HHZ,-1,95.0,,322.3,,21.48285981912
nc73523661,NC,MCY,,EHZ,-1,92.0,,310.9,,23.25085915206
nc73523661,NC,MDY,,HHZ,-1,92.0,,316.4,,23.30645661536
nc73523661,NC,MDPB,,HHZ,-1,90.0,,302.5,,26.11968825834
nc73523661,NC,MINS,,HHZ,-1,90.0,,308.9,,26.17528572164
nc73523661,NC,MLM,,EHZ,-1,90.0,,337.3,,26.69790187666
nc73523661,NC,MTU,2.0,EHZ,-1,90.0,,125.8,,29.066353813240003
nc73523661,NC,MDC,2.0,EHZ,-1,90.0,,320.5,,29.33322163708
nc73523661,NC,MBS1,,EP1,1,90.0,,340.4,,30.03374967466
nc73523661,NC,MRC,,EHZ,1,90.0,,56.7,,34.01452804694
nc73523661,NC,MMT,,EHZ,1,90.0,,245.0,,34.181320436840004
nc73523661,NP,1679,10.0,HNZ,1,88.0,,86.5,,40.94197197412
nc73523661,NC,MMI,,EHZ,1,86.0,,263.5,,81.4502837345
nc73523661,BK,TOLH,0.0,HHZ,1,86.0,,221.4,,82.26200669868
nc73523661,NN,LHV,,HHZ,1,86.0,,18.9,,87.49928774154
nc73523661,BK,HELL,0.0,HHZ,-1,85.0,,190.6,,93.2925434174
nc73523661,WR,FRI,,EHZ,1,85.0,,233.9,,96.60615223008
nc73523661,NC,MHD,,EHZ,1,85.0,,245.6,,103.8560614444
nc73523661,NC,MPR,,EHZ,1,85.0,,288.0,,109.6381976276
nc73523661,GS,MCA04,0.0,HHZ,1,84.0,,56.9,,117.310647563
nc73523661,BK,KARE,0.0,HHZ,-1,84.0,,210.8,,117.310647563
nc73523661,BK,BUCR,0.0,HHZ,1,84.0,,279.5,,118.0890120492
nc73523661,BK,LIND,0.0,HHZ,1,84.0,,189.0,,129.542089489
nc73523661,CI,CWC,,HHZ,1,83.0,,150.5,,135.8802003052
nc73523666,NP,1576,10.0,HNZ,-1,115.0,,49.6,,9.739563620894
nc73523666,NC,MCO,,EHZ,-1,107.0,,349.0,,12.0090520728
nc73523666,NC,MMX1,,HN3,-1,101.0,,317.0,,15.87863551848
nc73523666,NC,MCS,,EHZ,1,100.0,,339.0,,16.9016288432
nc73523666,NC,MLH,,EHZ,1,98.0,,6.0,,18.49171629358
nc73523666,NC,MDH1,1.0,DP1,-1,96.0,,341.2,,19.59254606692
nc73523666,NC,MMT,,EHZ,1,90.0,,243.4,,33.925572105659995
nc73523666,NC,MCV,,EHZ,-1,119.0,,4.5,,8.595367826179999
nc73523666,NC,MLC,,EHZ,-1,103.0,,328.0,,13.02092590486
nc73523666,NC,MDPB,,HHZ,-1,90.0,,301.9,,25.19677036756
nc73523666,NC,MDC,2.0,EHZ,-1,90.0,,320.5,,28.37694526832
nc73523666,NC,MTU,2.0,EHZ,-1,90.0,,126.2,,30.01151068934
nc73523666,NC,MEM,,EHZ,-1,97.0,,332.0,,19.28120027244
nc73523796,NC,MCV,,EHZ,1,139.0,,21.0,,6.389260482436
nc73523796,NC,MCO,,EHZ,1,127.0,,355.7,,9.20138017615
nc73523796,NC,MLC,,EHZ,-1,124.0,,327.9,,9.947498133636
nc73523796,NC,MGPB,,EHZ,-1,121.0,,337.2,,10.817042459648
nc73523796,NC,MDR,2.0,EHZ,1,120.0,,8.5,,11.40859946916
nc73523966,NC,MCV,,EHZ,-1,94.0,,4.3,,14.65549132588
nc73523966,NC,MCO,,EHZ,-1,94.0,,354.0,,17.93574166058
nc73523966,NC,MLC,,EHZ,-1,85.0,,339.2,,18.26932644038
nc73523966,CI,MLAC,,HHZ,1,85.0,,1.4,,19.08104940456
nc73523966,NC,MGPB,,EHZ,-1,85.0,,343.8,,19.39239519904
nc73523966,NC,MDR,2.0,EHZ,-1,85.0,,1.4,,19.94836983204
nc73523966,NC,MMX1,,HN3,-1,85.0,,329.5,,20.49322497238
nc73523966,NC,MCS,,EHZ,1,85.0,,345.5,,22.53921162182
nc73523966,NC,MMP,,EHZ,1,83.0,,315.6,,23.58444393186
nc73523966,NC,MLH,,EHZ,-1,82.0,,5.4,,24.55183979328
nc73523966,NC,MTU,2.0,EHZ,1,80.0,,115.4,,27.26499600232
nc73523966,NC,MDPB,,HHZ,1,80.0,,312.8,,28.54373765822
nc73523966,NC,MINS,,HHZ,1,79.0,,318.4,,29.09971229122
nc73523966,NC,MMT,,EHZ,1,78.0,,253.1,,31.3013718379
nc73523976,NC,MDR,2.0,EHZ,1,160.0,,328.7,,2.575274500056
nc73523976,NC,MCV,,EHZ,-1,155.0,,193.4,,3.211309480208
nc73523976,NC,MCB,,HHZ,-1,132.0,,293.5,,7.32774566294
nc73523976,NC,MLC,,EHZ,1,127.0,,265.4,,8.381873567108
nc73523976,NC,MCS,,EHZ,-1,126.0,,298.6,,8.545330109210001
nc73523976,NC,MMX1,,HN3,1,111.0,,269.5,,12.2870393893
nc73523976,NC,MQ1P,,EHZ,1,106.0,,268.1,,17.724471300039998
nc73523976,NC,MMP,,EHZ,-1,105.0,,267.1,,18.39164085964
nc73523976,NC,MBS1,,EP1,1,104.0,,325.6,,19.25896128712
nc73523976,NC,MDC,2.0,EHZ,-1,100.0,,297.7,,22.00547597414
nc73523976,NC,MDPB,,HHZ,-1,99.0,,274.0,,22.89503538694
nc73523976,NC,MLH,,EHZ,1,134.0,,4.3,,6.72173331297
nc73524091,NC,MMP,,EHZ,-1,41.0,,334.6,,12.309278374620002
nc73524091,NC,MLC,,EHZ,-1,41.0,,22.4,,12.309278374620002
nc73524091,NC,MGPB,,EHZ,-1,41.0,,24.1,,14.166233648840002
nc73524091,NC,MDPB,,HHZ,-1,41.0,,324.4,,16.75707543862
nc73524091,NC,MINS,,HHZ,1,41.0,,333.1,,17.9579806459
nc73524091,NC,MCV,,EHZ,-1,41.0,,54.0,,15.22258545154
nc73524186,NC,MCV,,EHZ,-1,97.0,,6.2,,13.03204539752
nc73524186,NC,MLC,,EHZ,-1,96.0,,338.1,,16.61252203404
nc73524186,CI,MLAC,,HHZ,-1,96.0,,2.6,,17.42424499822
nc73524186,NC,MGPB,,EHZ,-1,96.0,,343.3,,17.71335180738
nc73524186,NC,MMX1,,HN3,1,95.0,,327.7,,18.91425701466
nc73524186,NC,MCB,,HHZ,1,95.0,,346.5,,19.53694860362
nc73524186,NC,MCS,,EHZ,1,85.0,,345.2,,20.8490487375
nc73524186,NC,MQ1P,,EHZ,-1,86.0,,315.0,,21.9609980035
nc73524186,NC,MLH,,EHZ,-1,85.0,,6.6,,22.92839386492
nc73524186,NC,MEM,,EHZ,-1,85.0,,338.7,,22.97287183556
nc73524186,NC,MDPB,,HHZ,1,82.0,,310.6,,27.20939853902
nc73524186,NC,MINS,,HHZ,-1,81.0,,316.6,,27.66529773808
nc73524186,NC,MMT,,EHZ,1,79.0,,250.0,,31.5237616911
nc73524186,NC,MMI,,EHZ,1,76.0,,266.0,,79.77124034284
nc73524186,NC,MHD,,EHZ,1,76.0,,247.2,,101.15402472802
nc73524186,NC,MPR,,EHZ,1,76.0,,290.0,,109.53812219366
nc73524186,NC,MCO,,EHZ,-1,96.0,,354.4,,16.24557877626
nc73524186,NC,MDR,2.0,EHZ,-1,95.0,,2.5,,18.2915654257
nc73524236,NC,MCV,,EHZ,-1,121.0,,14.1,,10.762556945614
nc73524236,NC,MCO,,EHZ,-1,113.0,,358.5,,13.65473698648
nc73524236,NC,MLC,,EHZ,-1,113.0,,338.9,,13.82152937638
nc73524236,NC,MGPB,,EHZ,-1,112.0,,345.0,,14.955717627700002
nc73524236,NC,MDR,2.0,EHZ,-1,111.0,,7.3,,15.88975501114
nc73524236,NC,MMX1,,HN3,-1,110.0,,326.6,,16.13438384966
nc73524236,NC,MQ1P,,EHZ,-1,107.0,,312.2,,19.3479172284
nc73524236,NC,MMP,,EHZ,1,106.0,,310.2,,19.61478505224
nc73524236,NC,MDPB,,HHZ,-1,101.0,,308.0,,24.66303471988
nc73524236,NC,MINS,,HHZ,-1,100.0,,314.6,,25.00773899234
nc73524236,NC,MDC,2.0,EHZ,1,98.0,,325.9,,28.69941055546
nc73524236,NC,MMT,,EHZ,1,96.0,,244.9,,31.3569693012
nc73524666,NC,MCV,,EHZ,1,141.0,,13.7,,4.422222230882
nc73524666,NC,MCO,,EHZ,1,122.0,,345.6,,7.756958079616
nc73524666,CI,MLAC,,HHZ,1,118.0,,2.8,,8.764384114612
nc73524666,NC,MLC,,EHZ,-1,115.0,,315.9,,9.411538587424
nc73524666,NC,MDR,2.0,EHZ,1,114.0,,2.7,,9.626144795762
nc73524666,NC,MMX1,,HN3,-1,103.0,,305.0,,12.77629706634
nc73524666,NC,MLH,,EHZ,1,102.0,,9.2,,14.310787053420002
nc73524666,NC,MINS,,HHZ,1,90.0,,300.5,,22.50585314384
nc73524666,NC,MDPB,,HHZ,1,90.0,,293.3,,22.89503538694
nc73524666,NC,MDC,2.0,EHZ,-1,90.0,,314.9,,24.963261021700003
nc73524666,NC,MMT,,EHZ,1,85.0,,237.0,,35.72692991658
nc73524801,CI,MLAC,,HHZ,-1,165.0,,205.1,,2.5719386522580003
nc73524801,NC,MCO,,EHZ,-1,152.0,,224.0,,4.978196863882
nc73524801,NC,MCV,,EHZ,1,144.0,,184.0,,6.804017558654
nc73524801,NC,MLC,,EHZ,1,135.0,,241.7,,9.176917292298
nc73525021,NC,MCO,,EHZ,1,117.0,,355.8,,11.13061215266
nc73525021,NC,MCV,,EHZ,1,127.0,,15.3,,8.177274902164
nc73525021,NC,MLC,,EHZ,1,115.0,,332.3,,11.68658678566
nc73525021,NC,MDR,2.0,EHZ,1,110.0,,6.8,,13.29891322136
nc73525021,NC,MLH,,EHZ,1,105.0,,10.9,,18.03581709452
nc73525021,NC,MDPB,,HHZ,-1,99.0,,302.4,,23.5733244392
nc73525166,NC,MCV,,EHZ,1,156.0,,34.2,,2.489654406574
nc73525166,NC,MCO,,EHZ,-1,133.0,,343.3,,5.505260815966
nc73525166,NC,MDR,2.0,EHZ,1,123.0,,6.2,,7.421149401284
nc73525166,NC,MLC,,EHZ,-1,122.0,,306.1,,7.6724499354
nc73525166,NC,MGPB,,EHZ,-1,121.0,,320.0,,7.927086317314001
nc73525166,NC,MCB,,HHZ,-1,115.0,,330.6,,9.297007813026
nc73525166,NC,MCS,,EHZ,-1,111.0,,330.0,,10.69695193892
nc73525166,NC,MMX1,,HN3,-1,109.0,,296.7,,11.33076302054
nc73525166,NC,MLH,,EHZ,1,103.0,,12.5,,12.1758444627
nc73525166,NC,MEM,,EHZ,-1,102.0,,321.6,,13.42122764062
nc73525166,NC,MQ1P,,EHZ,1,100.0,,286.5,,16.2344592836
nc73525166,NC,MCY,,EHZ,-1,98.0,,296.1,,18.09141455782
nc73525166,NC,MDPB,,HHZ,-1,92.0,,288.2,,21.77196662828
nc73525166,NC,MDC,2.0,EHZ,-1,90.0,,311.6,,23.1841421961
nc73525166,NC,MRC,,EHZ,-1,94.0,,69.0,,31.92406342686
nc73525166,NC,MTU,2.0,EHZ,-1,84.0,,134.2,,34.77065354782
nc73525166,NC,MMT,,EHZ,1,84.0,,233.7,,36.70544527066
nc73525376,NC,MCB,,HHZ,1,61.0,,352.2,,17.379767027579998
nc73525376,NC,MLH,,EHZ,-1,60.0,,13.0,,21.56069626774
nc73525376,NC,MDPB,,HHZ,1,60.0,,310.8,,24.373927910720003
nc73525376,NC,MMT,,EHZ,1,58.0,,245.4,,30.15606409392
nc73525376,CI,MLAC,,HHZ,1,61.0,,10.8,,15.92311348912
nc73525376,NC,MCO,,EHZ,-1,62.0,,2.5,,14.41086248736
nc73525376,NC,MCV,,EHZ,-1,62.0,,17.8,,11.74218424896
nc73525376,NC,MDR,2.0,EHZ,-1,61.0,,10.3,,16.76819493128
nc73525376,NC,MGPB,,EHZ,-1,62.0,,349.2,,15.456094797400002
nc73525376,NC,MLC,,EHZ,-1,62.0,,343.7,,14.19959212682
nc73525396,NC,MCV,,EHZ,-1,104.0,,19.7,,11.049439856242
nc73525396,NC,MMX1,,HN3,-1,96.0,,329.9,,15.52281175336
nc73525396,NC,MCS,,EHZ,-1,95.0,,350.2,,17.85790521196
nc73525396,NC,MDPB,,HHZ,1,84.0,,309.6,,23.78459479974
nc73525396,NC,MMT,,EHZ,1,80.0,,243.9,,30.37845394712
nc73525396,NC,MCO,,EHZ,-1,97.0,,3.1,,13.63249800116
nc73525396,NC,MDR,2.0,EHZ,-1,96.0,,11.2,,16.034308415719998
nc73525396,NC,MGPB,,EHZ,-1,96.0,,349.1,,14.66661081854
nc73525396,NC,MLC,,EHZ,-1,97.0,,343.3,,13.42122764062
nc73525431,NC,MLC,,EHZ,-1,150.0,,220.7,,2.8944039393980003
nc73525431,NC,MCO,,EHZ,1,148.0,,117.7,,3.076763619022
nc73525431,NC,MMX1,,HN3,1,127.0,,254.3,,6.045668159242
nc73525431,NC,MDC,2.0,EHZ,-1,98.0,,303.6,,15.656245665280002
nc73525431,NC,MDPB,,HHZ,1,97.0,,270.2,,16.379012688179998
nc73525446,NC,MGPB,,EHZ,-1,171.0,,220.0,,0.7145385983316
nc73525446,NC,MCB,,HHZ,1,162.0,,2.8,,1.488900067174
nc73525446,NC,MCS,,EHZ,1,149.0,,345.0,,2.744290788488
nc73525446,NC,MCO,,EHZ,-1,143.0,,113.6,,3.342519493596
nc73525446,NC,MDH1,1.0,DP1,-1,126.0,,349.7,,5.500813018902
nc73525446,NC,MMX1,,HN3,1,125.0,,254.3,,5.694292191186
nc73525446,NC,MCV,,EHZ,1,115.0,,127.0,,7.57237450146
nc73525446,NC,MLH,,EHZ,1,110.0,,54.0,,9.007901003866
nc73525446,NC,MQ1P,,EHZ,1,103.0,,259.5,,11.10281342101
nc73525446,NC,MMP,,EHZ,1,101.0,,258.4,,11.80890120492
nc73525446,NC,MDPB,,HHZ,-1,96.0,,270.6,,16.045427908380002
nc73525446,NC,MDR,2.0,EHZ,1,126.0,,81.9,,5.50970861303
nc73525491,NC,MCS,,EHZ,1,152.0,,344.0,,2.372899733644
nc73525491,NC,MLC,,EHZ,-1,147.0,,211.1,,2.8855083452700003
nc73525491,NC,MCO,,EHZ,-1,141.0,,118.7,,3.557125701934
nc73525491,NC,MEM,,EHZ,-1,128.0,,314.0,,5.07604839929
nc73525491,NC,MDH1,1.0,DP1,-1,128.0,,349.6,,5.126086116260001
nc73525491,NC,MDR,2.0,EHZ,-1,126.0,,85.8,,5.528611750552
nc73525491,NC,MMX1,,HN3,1,124.0,,250.5,,5.749889654486
nc73525491,NC,MCV,,EHZ,-1,114.0,,128.9,,7.845914020896
nc73525491,NC,MQ1P,,EHZ,1,103.0,,257.6,,11.118380710734
nc73525491,NC,MMP,,EHZ,1,100.0,,256.6,,11.83114019024
nc73525491,NC,MDC,2.0,EHZ,1,96.0,,303.6,,15.1781074809
nc73525491,NC,MCB,,HHZ,1,166.0,,6.7,,1.124180707926
nc73525606,NC,MLC,,EHZ,1,145.0,,210.6,,3.512647731294
nc73525606,NC,MDH1,1.0,DP1,-1,136.0,,344.9,,4.649059881146
nc73525606,NC,MEM,,EHZ,-1,134.0,,307.0,,4.940390588838
nc73525606,NC,MDR,2.0,EHZ,1,132.0,,91.7,,5.221713753136
nc73525606,NC,MMX1,,HN3,1,126.0,,246.6,,6.225803940334
nc73525606,NC,MCV,,EHZ,-1,118.0,,133.4,,7.988243526944
nc73525606,NC,MLH,,EHZ,1,116.0,,58.2,,8.297365422892002
nc73525606,NC,MQ1P,,EHZ,1,106.0,,255.2,,11.53091388842
nc73525606,NC,MMP,,EHZ,1,100.0,,254.4,,12.253680911320002
nc73525606,NC,MINS,,HHZ,-1,99.0,,276.3,,14.7333277745
nc73525606,NC,MDC,2.0,EHZ,-1,99.0,,301.2,,15.13362951026
nc73525606,NC,MDPB,,HHZ,1,98.0,,267.3,,16.2900567469
nc73525606,NC,MMT,,EHZ,1,80.0,,220.7,,38.57352003754
nc73525606,NC,MCB,,HHZ,1,173.0,,344.0,,0.5846629240628
nc73525606,NC,MCO,,EHZ,-1,144.0,,128.7,,3.61939486083
nc73525606,NC,MCS,,EHZ,-1,159.0,,331.3,,1.969262150086
nc73525866,NC,MCB,,HHZ,1,168.0,,332.6,,0.9878557279144
nc73525866,NC,MGPB,,EHZ,1,163.0,,220.5,,1.522258545154
nc73525866,NC,MCS,,EHZ,1,153.0,,328.7,,2.388467023368
nc73525866,NC,MCO,,EHZ,-1,146.0,,127.6,,3.194630241218
nc73525866,NC,MLC,,EHZ,1,144.0,,217.5,,3.417020094418
nc73525866,NC,MDR,2.0,EHZ,-1,132.0,,88.1,,4.927047197646
nc73525866,CI,MLAC,,HHZ,-1,132.0,,98.1,,4.95929372636
nc73525866,NC,MEM,,EHZ,1,129.0,,307.8,,5.36515520845
nc73525866,NC,MMX1,,EP1,-1,123.0,,250.2,,6.384812685372
nc73525866,NC,MCV,,EHZ,-1,117.0,,133.1,,7.557919161002
nc73525866,NC,MMLB,,HHZ,1,114.0,,288.1,,8.11166989547
nc73525866,NC,MLH,,EHZ,1,114.0,,55.3,,8.222864822070001
nc73525866,NC,MQ1P,,EHZ,1,103.0,,257.0,,11.74218424896
nc73525866,NC,MMP,,EHZ,1,98.0,,256.2,,12.4538317792
nc73525866,NC,MINS,,HHZ,1,97.0,,277.4,,15.066912554300002
nc73525866,NC,MDC,2.0,EHZ,-1,97.0,,301.7,,15.54505073868
nc73525866,NC,MDPB,,HHZ,-1,96.0,,268.4,,16.579163556060003
nc73525881,NC,MGPB,,EHZ,-1,168.0,,216.0,,0.8818869628646001
nc73525881,NC,MCB,,HHZ,1,163.0,,0.6,,1.319883778742
nc73525881,NC,MCS,,EHZ,1,147.0,,342.8,,2.600849333174
nc73525881,NC,MLC,,EHZ,1,146.0,,215.4,,2.779873165
nc73525881,NC,MCO,,EHZ,-1,140.0,,116.6,,3.359198732586
nc73525881,NC,MMX1,,HN3,1,121.0,,252.8,,5.797703472924
nc73525881,NC,MCV,,EHZ,-1,112.0,,128.3,,7.626860015494
nc73525881,NC,MQ1P,,EHZ,1,100.0,,258.7,,11.18620961596
nc73525881,NC,MMP,,EHZ,1,97.0,,257.7,,11.8978571462
nc73525881,NC,MDPB,,HHZ,1,94.0,,270.0,,16.101025371680002
nc73525916,NC,MLC,,EHZ,1,144.0,,214.7,,3.162383712504
nc73525916,NC,MDR,2.0,EHZ,1,127.0,,87.0,,5.211706209742
nc73525916,CI,MLAC,,HHZ,1,126.0,,96.5,,5.222825702402
nc73525916,NC,MEM,,EHZ,-1,127.0,,310.7,,5.218377905338
nc73525916,NC,MMX1,,HN3,1,122.0,,250.3,,6.084586383552
nc73525916,NC,MMLB,,HHZ,-1,113.0,,289.5,,7.882608346674
nc73525916,NC,MLH,,EHZ,1,110.0,,55.7,,8.515307479028
nc73525916,NC,MQ1P,,EHZ,1,101.0,,257.3,,11.4530774398
nc73525916,NC,MINS,,HHZ,1,95.0,,278.0,,14.80004473046
nc73525916,NC,MDPB,,HHZ,1,95.0,,268.8,,16.2900567469
nc73525916,NC,MCB,,HHZ,1,167.0,,349.9,,1.002978237932
nc73525916,NC,MCO,,EHZ,-1,142.0,,123.2,,3.35808678332
nc73525916,NC,MMP,,EHZ,1,96.0,,256.4,,12.16472497004
nc73525966,NC,MCV,,EHZ,-1,114.0,,319.4,,12.08688852142
nc73525966,CI,MLAC,,HHZ,-1,110.0,,328.2,,16.05654740104
nc73525966,NC,MCO,,EHZ,-1,110.0,,318.8,,16.47908812212
nc73525966,NC,MDR,2.0,EHZ,-1,109.0,,329.8,,16.77931442394
nc73525966,NC,MLC,,EHZ,-1,106.0,,307.0,,19.37015621372
nc73525966,NC,MTU,2.0,EHZ,-1,101.0,,137.7,,23.19526168876
nc73525971,NC,MLC,,EHZ,-1,151.0,,19.5,,2.95778504756
nc73525971,NC,MMX1,,HN3,-1,139.0,,318.8,,4.450020962532
nc73525971,NC,MCO,,EHZ,1,125.0,,57.5,,6.641672965818
nc73525971,NC,MCB,,HHZ,-1,124.0,,22.3,,6.88852570287
nc73525971,NC,MCS,,EHZ,-1,120.0,,13.6,,7.753622231818
nc73525971,NC,MCV,,EHZ,-1,116.0,,87.7,,8.609823166638
nc73525971,NC,MQ1P,,EHZ,1,115.0,,289.0,,8.848892258828
nc73525971,CI,MLAC,,HHZ,-1,113.0,,58.9,,9.315910950548
nc73525971,NC,MMP,,EHZ,1,113.0,,285.7,,9.371508413848
nc73525971,NC,MDR,2.0,EHZ,1,112.0,,54.6,,9.799608881258
nc73525971,NC,MINS,,HHZ,1,100.0,,302.1,,13.98832176628
nc73525971,NC,MLH,,EHZ,1,100.0,,43.9,,14.15511415618
nc73525971,NC,MDPB,,HHZ,1,100.0,,290.5,,14.3997429947
nc73525971,NC,MDC,2.0,EHZ,-1,98.0,,323.4,,17.00170427714
nc73525971,NC,MMT,,EHZ,1,82.0,,223.7,,32.40220161124
nc73526236,NC,MCV,,EHZ,-1,159.0,,50.5,,2.54080407281
nc73526236,NC,MCO,,EHZ,1,143.0,,348.1,,4.935942791774
nc73526236,NC,MLC,,EHZ,1,131.0,,305.9,,6.958578506628
nc73526236,NC,MDR,2.0,EHZ,1,131.0,,11.1,,7.066437585429999
nc73526236,NC,MLH,,EHZ,1,113.0,,15.6,,11.87561816088
nc73526236,NC,MMT,,EHZ,1,92.0,,232.7,,36.51641389544
nc73526241,NC,MCV,,EHZ,-1,164.0,,66.6,,1.641237116616
nc73526241,CI,MLAC,,HHZ,1,137.0,,9.9,,5.186131376624
nc73526241,NC,MDR,2.0,EHZ,1,132.0,,8.6,,6.040108412912
nc73526241,NC,MLC,,EHZ,-1,127.0,,297.1,,6.8473835800280005
nc73526241,NC,MCB,,HHZ,-1,122.0,,326.3,,8.043840990244
nc73526241,NC,MLH,,EHZ,-1,112.0,,14.7,,10.832609749372
nc73526421,NC,MMX1,,HN3,-1,157.0,,110.0,,2.355108545388
nc73526421,NC,MQ1P,,EHZ,1,148.0,,248.2,,3.467057811388
nc73526421,NC,MMLB,,HHZ,1,145.0,,7.5,,3.891822431000001
nc73526421,NC,MMP,,EHZ,-1,143.0,,247.2,,4.199832377682
nc73526421,NC,MDY,,HHZ,1,141.0,,327.3,,4.451132911798
nc73526421,NC,MEM,,EHZ,1,131.0,,40.5,,6.103489521074001
nc73526421,NC,MLC,,EHZ,-1,130.0,,102.5,,6.289185048496
nc73526421,NC,MGPB,,EHZ,-1,125.0,,88.4,,7.237677772394
nc73526421,NC,MINS,,HHZ,1,124.0,,296.1,,7.470075168988001
nc73526421,NC,MCS,,EHZ,1,122.0,,64.0,,7.759181978148
nc73526421,NC,MCB,,HHZ,-1,121.0,,73.9,,8.081647265288
nc73526421,NC,MDPB,,HHZ,1,119.0,,276.1,,8.390769161236
nc73526421,NC,MDH,,HNZ,1,117.0,,47.3,,9.102416691476
nc73526421,NC,MDH1,1.0,DP1,-1,117.0,,47.3,,9.102416691476
nc73526421,NC,MDC,2.0,EHZ,1,111.0,,332.1,,10.728086518368
nc73526421,NC,MCO,,EHZ,-1,111.0,,93.1,,10.777012286072
nc73526421,NC,MLM,,EHZ,1,107.0,,16.1,,11.986813087480002
nc73526421,NC,MDR,2.0,EHZ,1,103.0,,83.4,,13.2321962654
nc73526421,NC,MCV,,EHZ,-1,102.0,,105.5,,14.26630908278
nc73526421,NC,MBS1,,EP1,-1,101.0,,13.1,,15.57840921666
nc73526421,NP,1576,10.0,HNZ,1,93.0,,106.5,,21.38278438518
nc73526476,NC,MQ1P,,EHZ,-1,155.0,,325.7,,1.42885480681
nc73526476,NC,MMX1,,HN3,1,114.0,,70.2,,4.917039654252
nc73526476,NC,MDPB,,HHZ,1,102.0,,299.5,,6.808465355718
nc73526476,NC,MINS,,HHZ,1,101.0,,323.2,,7.165401070104
nc73526476,NC,MLC,,EHZ,1,97.0,,82.6,,8.626502405627999
nc73526476,NC,MDC,2.0,EHZ,1,90.0,,347.7,,12.22032243334
nc73526476,NC,MCO,,EHZ,1,89.0,,81.9,,13.31003271402
nc73526476,NC,MBS1,,EP1,1,83.0,,18.6,,18.61403071284
nc73526616,NC,MCV,,EHZ,-1,125.0,,8.7,,8.593143927648
nc73526616,NC,MCO,,EHZ,-1,114.0,,351.8,,11.83114019024
nc73526616,NC,MLC,,EHZ,-1,110.0,,330.2,,12.631743661760002
nc73526616,NC,MGPB,,EHZ,1,109.0,,337.4,,13.54354205988
nc73526616,NC,MDR,2.0,EHZ,-1,109.0,,2.9,,13.83264886904
nc73526616,NC,MDPB,,HHZ,-1,97.0,,302.5,,24.6296762419
nc73526616,NC,MDC,2.0,EHZ,-1,95.0,,321.4,,27.93216556192
nc73526616,NC,MBS1,,EP1,1,95.0,,342.2,,28.87732243802
nc73526616,NC,MMT,,EHZ,1,93.0,,242.8,,33.40295595064
nc73526681,NC,MDR,2.0,EHZ,1,168.0,,31.3,,1.207576902876
nc73526681,NC,MLC,,EHZ,1,128.0,,253.9,,6.641672965818
nc73526721,NP,1576,10.0,HNZ,-1,112.0,,43.7,,12.82077503698
nc73526721,NC,MCO,,EHZ,-1,110.0,,356.7,,14.74444726716
nc73526721,NC,MMX1,,HN3,-1,107.0,,327.2,,17.30193057896
nc73526721,NC,MDH,,HNZ,-1,101.0,,347.2,,22.02771495946
nc73526721,NC,MDH1,1.0,DP1,-1,101.0,,347.2,,22.02771495946
nc73526721,NC,MCY,,EHZ,-1,100.0,,318.4,,23.30645661536
nc73526721,NC,MDPB,,HHZ,-1,99.0,,309.2,,25.71938652258
nc73526721,NC,MINS,,HHZ,-1,98.0,,315.6,,26.10856876568
nc73526721,NC,MDC,2.0,EHZ,-1,96.0,,326.3,,29.86695728476
nc73526721,NC,MBS1,,EP1,1,95.0,,345.3,,31.534881183760003
nc73526721,NC,MRC,,EHZ,1,93.0,,55.6,,36.99455207982
nc73526721,BK,OVRO,0.0,BHZ,1,89.0,,119.2,,57.95479574392
nc73526721,BK,TOLH,0.0,HHZ,1,87.0,,221.3,,79.21526570984001
nc73526721,BK,HELL,0.0,HHZ,-1,87.0,,189.6,,90.74617959826
nc73526721,WR,FRI,,EHZ,1,87.0,,234.3,,93.60388921188
nc73526721,NC,MHD,,EHZ,1,86.0,,246.3,,101.04282980142
nc73526721,BK,BUCR,0.0,HHZ,-1,85.0,,280.7,,116.4210881502
nc73526721,BK,WELL,0.0,HHZ,-1,80.0,,303.4,,195.4806809628
nc73526721,CI,MLAC,,HHZ,-1,109.0,,5.4,,16.045427908380002
nc73526721,NC,MCB,,HHZ,-1,107.0,,347.7,,17.9579806459
nc73526721,NC,MCS,,EHZ,-1,105.0,,346.2,,19.27008077978
nc73526721,NC,MCV,,EHZ,-1,117.0,,10.5,,11.70882577098
nc73526721,NC,MDR,2.0,EHZ,-1,108.0,,5.2,,16.9016288432
nc73526721,NC,MDY,,HHZ,-1,100.0,,323.8,,23.66228038048
nc73526721,NC,MEM,,EHZ,-1,102.0,,339.2,,21.36054539986
nc73526721,NC,MLC,,EHZ,-1,110.0,,338.7,,15.00019559834
nc73526721,NC,MLH,,EHZ,-1,102.0,,9.0,,21.60517423838
nc73526721,NC,MMI,,EHZ,1,87.0,,264.9,,79.14854875388001
nc73526721,NC,MMLB,,HHZ,-1,101.0,,330.1,,22.16114887138
nc73526721,NC,MMT,,EHZ,1,95.0,,247.0,,31.368088793860004
nc73526721,NC,MPR,,EHZ,1,86.0,,289.4,,108.3594559717
nc73526721,NC,MQ1P,,EHZ,-1,104.0,,313.6,,20.42650801642
nc73527021,NC,MCV,,EHZ,-1,97.0,,9.4,,13.899365825
nc73527021,NC,MCO,,EHZ,-1,96.0,,357.6,,16.94610681384
nc73527021,NC,MLC,,EHZ,-1,96.0,,341.8,,17.02394326246
nc73527021,NC,MDR,2.0,EHZ,-1,95.0,,5.0,,19.103288389880003
nc73527021,NC,MCS,,EHZ,1,85.0,,347.9,,21.39390387784
nc73527021,NC,MLH,,EHZ,-1,84.0,,8.5,,23.7957142924
nc73527021,NC,MMT,,EHZ,1,80.0,,250.8,,30.45629039574
nc73527266,NC,MGPB,,EHZ,1,152.0,,115.3,,3.020054206456
nc73527266,NC,MEM,,EHZ,1,151.0,,350.6,,3.193518291952
nc73527266,NC,MMX1,,HN3,1,150.0,,225.0,,3.231324566996
nc73527266,NC,MLC,,EHZ,-1,150.0,,150.1,,3.2758025376360003
nc73527266,NC,MCB,,HHZ,-1,149.0,,77.1,,3.350303138458
nc73527266,NC,MDH,,HNZ,1,136.0,,25.2,,5.167228239102
nc73527266,NC,MDH1,1.0,DP1,-1,136.0,,25.2,,5.167228239102
nc73527266,NC,MCO,,EHZ,-1,128.0,,108.4,,6.591635248848
nc73527266,NC,MQ1P,,EHZ,1,120.0,,250.3,,8.201737786016
nc73527266,NC,MDR,2.0,EHZ,1,119.0,,89.8,,8.647629441682001
nc73527266,NC,MMP,,EHZ,-1,118.0,,249.6,,8.932288453778
nc73527266,NC,MINS,,HHZ,1,109.0,,279.1,,11.36412149852
nc73527266,NC,MDC,2.0,EHZ,-1,103.0,,310.1,,12.44271228654
nc73527266,NC,MDPB,,HHZ,1,103.0,,267.4,,12.86525300762
nc73527271,NC,MCV,,EHZ,-1,138.0,,305.6,,7.024183513322001
nc73527271,CI,MLAC,,HHZ,-1,125.0,,323.5,,10.625787185896002
nc73527271,NC,MDR,2.0,EHZ,-1,123.0,,326.2,,11.31964352788
nc73527271,NC,MCO,,EHZ,-1,123.0,,310.1,,11.35300200586
nc73527271,NC,MLH,,EHZ,-1,115.0,,342.3,,14.59989386258
nc73527271,NC,MGPB,,EHZ,1,115.0,,303.6,,14.66661081854
nc73527271,NC,MLC,,EHZ,1,115.0,,296.2,,14.8445227011
nc73527271,NC,MCB,,HHZ,-1,114.0,,311.0,,15.46721429006
nc73527271,NC,MCS,,EHZ,-1,113.0,,312.2,,16.82379239458
nc73527271,NC,MDH,,HNZ,-1,110.0,,317.9,,18.96985447796
nc73527271,NC,MQ1P,,EHZ,1,104.0,,286.4,,23.64004139516
nc73527271,NC,MTU,2.0,EHZ,-1,100.0,,141.4,,28.4659012096
nc73527271,NC,MDPB,,HHZ,1,99.0,,287.6,,29.16642924718
nc73527271,NC,MDC,2.0,EHZ,1,99.0,,305.5,,30.022630182000004
nc73527271,NC,MMT,,EHZ,1,94.0,,241.9,,41.68697798234
nc73527271,NC,MMI,,EHZ,1,88.0,,260.5,,87.8995894773
nc73527271,BK,TOLH,0.0,HHZ,1,88.0,,222.0,,90.00117359004
nc73527271,NC,MHD,,EHZ,1,86.0,,244.5,,111.3061215266
nc73527271,NC,MPR,,EHZ,1,86.0,,284.6,,113.7524099118
nc73527331,NC,MCV,,EHZ,-1,126.0,,2.8,,12.87637250028
nc73527331,NC,MCO,,EHZ,-1,122.0,,351.7,,16.24557877626
nc73527331,NC,MLC,,EHZ,1,121.0,,335.6,,16.82379239458
nc73527331,CI,MLAC,,HHZ,1,120.0,,0.1,,17.324169564279998
nc73527331,NC,MDR,2.0,EHZ,-1,119.0,,0.1,,18.1803704991
nc73527496,NC,MCV,,EHZ,1,159.0,,3.6,,1.949247063298
nc73527496,NC,MCO,,EHZ,-1,127.0,,331.1,,5.903338653194
nc73527496,CI,MLAC,,HHZ,-1,124.0,,355.6,,6.422618960416
nc73527496,NC,MDR,2.0,EHZ,-1,119.0,,356.3,,7.281043793768
nc73527496,NC,MLC,,EHZ,-1,113.0,,300.6,,8.68432376746
nc73527496,NC,MCB,,HHZ,-1,109.0,,323.9,,9.899684315198
nc73527496,NC,MCS,,EHZ,-1,105.0,,324.1,,11.30852403522
nc73527496,NC,MLH,,EHZ,1,104.0,,6.6,,11.85337917556
nc73527496,NC,MMX1,,EP1,1,99.0,,293.6,,12.44271228654
nc73527496,NC,MDH,,HNZ,1,98.0,,330.0,,13.76593191308
nc73527496,NC,MEM,,EHZ,-1,98.0,,317.3,,14.1773531415
nc73527496,NC,MMLB,,HHZ,-1,97.0,,306.4,,16.26781776158
nc73527496,NC,MQ1P,,EHZ,1,96.0,,285.0,,17.43536449088
nc73527496,NC,MDY,,HHZ,1,96.0,,300.8,,18.63626969816
nc73527496,NC,MLM,,EHZ,1,95.0,,329.4,,20.09292323662
nc73527496,NC,MDPB,,HHZ,1,86.0,,286.9,,22.9617523429
nc73527496,NC,MDC,2.0,EHZ,-1,85.0,,309.4,,24.08482110156
nc73527496,NC,MMT,,EHZ,1,78.0,,234.8,,37.806275044
nc73527496,NC,MMI,,EHZ,1,78.0,,258.4,,82.53999401518
nc73527496,NC,MHD,,EHZ,1,77.0,,242.0,,107.0251168525
nc73527506,NC,MCV,,EHZ,1,73.0,,10.7,,11.97569359482
nc73527506,NC,MLC,,EHZ,-1,73.0,,339.4,,15.20034646622
nc73527506,NC,MMT,,EHZ,1,67.0,,247.4,,31.17905741864
nc73527506,NC,MBS1,,EP1,1,67.0,,345.6,,31.75727103696
nc73527626,NC,MCY,,EHZ,-1,164.0,,216.6,,0.586553237815
nc73527626,NC,MLI,,HHZ,-1,150.0,,151.1,,1.320995728008
nc73527626,NC,MQ1P,,EHZ,1,106.0,,174.9,,3.831777170636
nc73527626,NC,MMP,,EHZ,-1,104.0,,184.3,,4.1698097475
nc73527626,NC,MMX1,,HN3,1,90.0,,120.1,,6.6683597482020005
nc73527626,NC,MDC,2.0,EHZ,1,90.0,,348.1,,7.095348266346001
nc73527626,NC,MEM,,EHZ,1,91.0,,74.4,,7.821451137044
nc73527626,NC,MLC,,EHZ,1,86.0,,111.9,,10.4523231004
nc73527626,NC,MGPB,,EHZ,-1,86.0,,102.2,,11.044992059178
nc73527626,NC,MCB,,HHZ,-1,85.0,,91.5,,11.33076302054
nc73527626,NC,MBS1,,EP1,-1,84.0,,29.2,,14.49981842864
nc73527626,NC,MCV,,EHZ,1,81.0,,110.1,,18.43611883028
nc73527626,NC,MDPB,,HHZ,1,97.0,,250.9,,5.060481109566
nc73527626,NC,MDY,,HHZ,1,143.0,,43.5,,1.665700000468
nc73527626,NC,MINS,,HHZ,1,116.0,,283.1,,3.240220161124
nc73527626,NC,MMLB,,HHZ,1,104.0,,71.9,,4.278780775568
nc73528006,NC,MQ1P,,EHZ,1,99.0,,347.8,,11.31964352788
nc73528006,NC,MMX1,,HN3,1,97.0,,14.7,,11.931215624180002
nc73528006,NC,MDPB,,HHZ,1,94.0,,330.5,,15.211465958880002
nc73528006,NC,MDH,,HNZ,1,85.0,,22.1,,19.97060881736
nc73528006,NC,MDH1,1.0,DP1,-1,85.0,,22.1,,19.97060881736
nc73528006,NP,1576,10.0,HNZ,1,84.0,,73.5,,22.23898532
nc73528006,NC,MDC,2.0,EHZ,1,84.0,,349.1,,22.21674633468
nc73528006,NC,MBS1,,EP1,-1,80.0,,9.0,,27.8543291133
nc73528006,NC,MRC,,EHZ,1,74.0,,67.3,,46.56843526008
nc73528006,NP,1679,10.0,HNZ,-1,74.0,,88.1,,55.4306709101
nc73528006,NP,1589,10.0,HNZ,1,73.0,,105.9,,61.301763034580006
nc73528006,BK,OVRO,0.0,BHZ,1,73.0,,116.3,,70.37526904514
nc73528006,NC,MBUB,1.0,HNZ,1,73.0,,273.4,,95.72771230994
nc73528006,NN,SJC,,EHZ,1,73.0,,337.3,,100.73148400694
nc73528006,BK,BUCR,0.0,HHZ,1,73.0,,280.3,,103.58919362056
nc73528006,BK,CMB,0.0,HHZ,-1,73.0,,295.8,,135.657810452
nc73528006,CI,CWC,,HHZ,1,72.0,,145.5,,144.2198198002
nc73528006,CI,POR,,HHZ,1,72.0,,180.3,,156.45126172620002
nc73528006,NC,BMS,,EHZ,-1,71.0,,239.9,,185.695527422
nc73528006,CI,WAS2,,HHZ,1,71.0,,168.7,,200.8180374396
nc73528006,CI,WNM,,EHZ,1,71.0,,152.1,,209.3800467878
nc73528006,BK,HELL,0.0,HHZ,1,73.0,,181.6,,92.49193994588
nc73528006,BK,LIND,0.0,HHZ,1,73.0,,182.5,,128.8749199294
nc73528006,BK,TOLH,0.0,HHZ,-1,73.0,,212.4,,74.08917959358
nc73528006,BK,WELL,0.0,HHZ,1,71.0,,304.7,,183.47162889
nc73528006,CI,CGO,,HHZ,1,72.0,,135.0,,150.5579306164
nc73528006,CI,MLAC,,HHZ,1,85.0,,46.9,,19.08104940456
nc73528006,CI,SPG2,,HHZ,1,72.0,,172.0,,147.1108878918
nc73528006,CI,WMF,,HHZ,1,71.0,,146.5,,185.2507477156
nc73528006,CI,WOR,,HHZ,1,66.0,,161.4,,212.6046996592
nc73528006,NC,MCB,,HHZ,1,94.0,,30.4,,16.91274833586
nc73528006,NC,MCD,,EHZ,1,74.0,,85.3,,48.84793125538
nc73528006,NC,MCO,,EHZ,1,94.0,,44.5,,16.50132710744
nc73528006,NC,MCS,,EHZ,1,94.0,,26.3,,17.55767891014
nc73528006,NC,MCV,,EHZ,1,94.0,,59.5,,16.9016288432
nc73528006,NC,MCY,,EHZ,1,94.0,,348.0,,14.7333277745
nc73528006,NC,MDR,2.0,EHZ,1,85.0,,45.1,,19.6815020082
nc73528006,NC,MDY,,HHZ,1,94.0,,354.4,,16.156622834980002
nc73528006,NC,MEM,,EHZ,1,94.0,,15.7,,17.63551535876
nc73528006,NC,MHD,,EHZ,1,73.0,,241.3,,91.15760082668
nc73528006,NC,MINS,,HHZ,1,94.0,,339.4,,16.679238989999998
nc73528006,NC,MLC,,EHZ,-1,93.0,,32.3,,13.0098064122
nc73528006,NC,MLH,,EHZ,1,83.0,,40.6,,24.2404939988
nc73528006,NC,MLI,,HHZ,1,93.0,,351.4,,13.87712683968
nc73528006,NC,MLM,,EHZ,1,83.0,,9.9,,24.20713552082
nc73528006,NC,MMI,,EHZ,1,73.0,,261.3,,67.12837718842
nc73528006,NC,MMLB,,HHZ,1,94.0,,4.7,,16.25669826892
nc73528006,NC,MMT,,EHZ,1,84.0,,227.1,,22.383538724580003
nc73528006,NC,MPR,,EHZ,1,73.0,,290.1,,95.63875636866
nc73528016,NC,MQ1P,,EHZ,1,113.0,,345.6,,9.564987586132
nc73528016,NC,MMX1,,HN3,1,111.0,,17.3,,10.211030109678
nc73528016,NC,MLC,,EHZ,1,107.0,,37.1,,11.54203338108
nc73528016,NC,MDPB,,HHZ,1,100.0,,326.8,,13.6769759718
nc73528016,NC,MINS,,HHZ,1,100.0,,337.0,,15.011315091000002
nc73528016,NC,MDC,2.0,EHZ,-1,95.0,,348.2,,20.4598664944
nc73528076,NC,MCV,,EHZ,-1,108.0,,309.2,,21.83868358424
nc73528076,NC,MDR,2.0,EHZ,-1,104.0,,317.5,,25.91953739046
nc73528076,NC,MCO,,EHZ,1,104.0,,310.6,,26.19752470696
nc73528076,NC,MMT,,EHZ,1,94.0,,258.3,,49.04808212326
nc73528076,NC,MCD,,EHZ,1,112.0,,61.9,,19.4035146917
nc73528076,NC,MLH,,EHZ,1,102.0,,326.5,,28.332467297680004
nc73528076,NP,1589,10.0,HNZ,-1,101.0,,113.2,,29.72240388018
nc73528076,NC,MCB,,HHZ,1,101.0,,311.0,,30.300617498500003
nc73528076,NC,MDPB,,HHZ,1,95.0,,295.5,,43.21034847676
nc73528076,BK,TOLH,0.0,HHZ,1,88.0,,231.4,,91.58014154776
nc73528076,NC,MMI,,EHZ,1,87.0,,267.3,,98.0739252612
nc73528156,NC,MDR,2.0,EHZ,-1,96.0,,17.2,,3.71391054844
nc73528156,NC,MGPB,,EHZ,-1,68.0,,294.9,,5.3073338466180005
nc73528156,NC,MLC,,EHZ,1,62.0,,276.6,,5.951152471632
nc73528156,NC,MCB,,HHZ,1,62.0,,315.0,,6.0412203621780005
nc73528156,NC,MCS,,EHZ,1,56.0,,317.1,,7.425597198348001
nc73528156,CI,MLAC,,HHZ,-1,111.0,,21.9,,2.895515888664
nc73528156,NC,MCO,,EHZ,1,128.0,,318.3,,1.935903672106
nc73528156,NC,MCV,,EHZ,-1,116.0,,136.4,,2.455183979328
nc73528166,NC,MCO,,EHZ,-1,124.0,,335.8,,2.06822563476
nc73528166,NC,MDR,2.0,EHZ,-1,106.0,,21.0,,4.278780775568
nc73528166,NC,MGPB,,EHZ,-1,105.0,,301.5,,5.127198065526
nc73528166,NC,MLC,,EHZ,1,114.0,,281.7,,5.5842092138520005
nc73528166,NC,MCB,,HHZ,-1,123.0,,320.9,,6.074578840158
nc73528166,NC,MCS,,EHZ,-1,135.0,,321.9,,7.474522966052
nc73528166,NC,MMP,,EHZ,1,41.0,,273.2,,15.511692260700002
nc73528166,NC,MINS,,HHZ,1,41.0,,287.5,,19.20336382382
nc73528166,NC,MDPB,,HHZ,1,40.0,,279.7,,20.2374766412
nc73528166,CI,MLAC,,HHZ,-1,109.0,,25.9,,3.481513151846
nc73528166,NC,MCV,,EHZ,-1,117.0,,121.9,,2.51856508749
nc73528206,NC,MTU,2.0,EHZ,-1,104.0,,144.2,,10.050909415374
nc73528206,NC,MCV,,EHZ,-1,82.0,,316.0,,25.2968458015
nc73528206,CI,MLAC,,HHZ,-1,79.0,,321.3,,29.04411482792
nc73528206,NC,MCO,,EHZ,-1,79.0,,316.2,,29.6890454022
nc73528206,NC,MDR,2.0,EHZ,-1,79.0,,322.4,,29.71128438752
nc73528206,NC,MLH,,EHZ,1,77.0,,329.8,,32.4133211039
nc73528206,NC,MLC,,EHZ,-1,77.0,,309.4,,32.5801134938
nc73528206,NC,MQ1P,,EHZ,1,74.0,,301.1,,40.31928038516
nc73528206,NC,MDPB,,HHZ,1,74.0,,300.1,,45.83454874452
nc73528206,NC,MMT,,EHZ,-1,74.0,,263.6,,49.00360415262
nc73528206,NC,MMI,,EHZ,1,74.0,,269.9,,98.61878040154
nc73528206,NC,MHD,,EHZ,1,73.0,,253.3,,117.310647563
nc73528206,NC,MPR,,EHZ,1,73.0,,289.4,,129.2085047092
nc73528321,NC,MCV,,EHZ,-1,90.0,,328.2,,12.3426368526
nc73528321,CI,MLAC,,HHZ,1,86.0,,334.5,,16.55692457074
nc73528321,NC,MCO,,EHZ,-1,86.0,,325.3,,16.679238989999998
nc73528321,NC,MDR,2.0,EHZ,-1,85.0,,335.8,,17.335289056940002
nc73528321,NC,MLC,,EHZ,1,84.0,,312.6,,19.17000534584
nc73528321,NC,MGPB,,EHZ,1,84.0,,318.1,,19.49247063298
nc73528321,NC,MCB,,HHZ,-1,83.0,,323.0,,20.71561482558
nc73528321,NC,MLH,,EHZ,-1,83.0,,345.5,,20.97136315676
nc73528321,NC,MCS,,EHZ,1,82.0,,323.2,,22.11667090074
nc73528321,NC,MQ1P,,EHZ,1,79.0,,299.1,,26.87581375922
nc73528321,NC,MMP,,EHZ,-1,78.0,,297.8,,27.28723498764
nc73528321,NC,MINS,,HHZ,-1,75.0,,303.2,,32.213170236020005
nc73528321,NC,MDPB,,HHZ,1,75.0,,298.1,,32.4133211039
nc73528321,NC,MBS1,,EP1,1,74.0,,330.6,,33.86997464236
nc73528321,NC,MMT,,EHZ,1,71.0,,250.6,,39.84114220078
nc73528331,NC,MCO,,EHZ,-1,133.0,,313.5,,1.85695527422
nc73528331,NC,MCV,,EHZ,-1,118.0,,139.9,,2.539692123544
nc73528331,CI,MLAC,,HHZ,-1,116.0,,22.1,,2.719827904636
nc73528331,NC,MDR,2.0,EHZ,1,103.0,,17.0,,3.537110615146
nc73528331,NC,MGPB,,EHZ,-1,72.0,,293.0,,5.293990455426
nc73528331,NC,MLC,,EHZ,1,66.0,,274.9,,5.993406543740001
nc73528341,NC,MCO,,EHZ,-1,128.0,,318.0,,1.9459112155
nc73528341,NC,MCV,,EHZ,-1,116.0,,136.6,,2.445176435934
nc73528341,CI,MLAC,,HHZ,-1,111.0,,21.6,,2.889956142334
nc73528341,NC,MDR,2.0,EHZ,-1,81.0,,16.9,,3.709462751376
nc73528341,NC,MLC,,EHZ,-1,61.0,,276.6,,5.965607812090001
nc73528341,NC,MCB,,HHZ,-1,60.0,,314.9,,6.052339854838
nc73528341,NC,MMP,,EHZ,1,50.0,,271.5,,15.94535247444
nc73528436,NC,MCV,,EHZ,-1,100.0,,323.8,,12.69846061772
nc73528436,CI,MLAC,,HHZ,-1,97.0,,331.2,,16.7904339166
nc73528436,NC,MCO,,EHZ,-1,97.0,,322.1,,17.0684212331
nc73528436,NC,MDR,2.0,EHZ,-1,97.0,,332.6,,17.54655941748
nc73528436,NC,MLC,,EHZ,1,95.0,,310.1,,19.748218964160003
nc73528436,NC,MGPB,,EHZ,-1,95.0,,315.6,,19.99284780268
nc73528436,NC,MCB,,HHZ,-1,94.0,,320.5,,21.13815554666
nc73528436,NC,MCS,,EHZ,-1,92.0,,320.8,,22.53921162182
nc73528436,NC,MINS,,HHZ,1,80.0,,301.9,,32.9136982736
nc73528436,NC,MDPB,,HHZ,-1,80.0,,296.9,,33.18056609744
nc73528436,NC,MDC,2.0,EHZ,1,79.0,,312.0,,35.282150210180006
nc73528436,NC,MMT,,EHZ,1,79.0,,250.7,,40.85301603284
nc73528446,NC,MTU,2.0,EHZ,-1,89.0,,137.8,,14.1773531415
nc73528446,NC,MCV,,EHZ,-1,82.0,,318.7,,21.093677576020003
nc73528446,NC,MCO,,EHZ,-1,79.0,,318.4,,25.48587717672
nc73528446,NC,MDR,2.0,EHZ,-1,78.0,,325.6,,25.663789059280003
nc73528446,NC,MLC,,EHZ,-1,77.0,,310.4,,28.276869834380005
nc73528446,NC,MMP,,EHZ,1,72.0,,299.8,,36.38297998352
nc73528446,NC,MCB,,HHZ,-1,76.0,,317.8,,29.58896996826
nc73528446,NC,MEM,,EHZ,1,73.0,,315.8,,33.93669159832
nc73528446,NC,MDY,,HHZ,1,71.0,,308.0,,38.1398598238
nc73528446,NC,MINS,,HHZ,-1,70.0,,303.8,,41.3645126952
nc73528446,NC,MDPB,,HHZ,-1,70.0,,299.8,,41.50906609978
nc73528446,BK,HELL,0.0,HHZ,-1,69.0,,200.2,,90.75729909092
nc73528471,NC,MCV,,EHZ,-1,142.0,,193.9,,2.723163752434
nc73528471,NC,MDR,2.0,EHZ,1,139.0,,335.0,,2.95778504756
nc73528471,NC,MCO,,EHZ,-1,131.0,,279.0,,3.690559613854
nc73528471,NC,MLH,,EHZ,1,108.0,,4.7,,7.207655142212
nc73528526,NC,MMT,,EHZ,1,84.0,,255.4,,28.388064760980004
nc73528526,NC,MCB,,HHZ,1,91.0,,353.9,,22.72824299704
nc73528526,NC,MMI,,EHZ,1,80.0,,268.5,,77.42502739158
nc73528631,NC,MGPB,,EHZ,1,69.0,,295.3,,5.227273499466
nc73528631,NC,MCB,,HHZ,1,63.0,,315.6,,5.978951203282
nc73528631,NC,MCS,,EHZ,1,58.0,,317.6,,7.365551937984
nc73528631,NC,MEM,,EHZ,1,56.0,,310.0,,10.400061484898
nc73528631,NC,MTU,2.0,EHZ,-1,52.0,,138.0,,37.78403605868
nc73528631,CI,MLAC,,HHZ,-1,111.0,,23.5,,2.92998631591
nc73528631,NC,MCO,,EHZ,-1,130.0,,320.3,,1.878082310274
nc73528631,NC,MCV,,EHZ,-1,116.0,,134.9,,2.516341188958
nc73528631,NC,MDR,2.0,EHZ,-1,94.0,,18.4,,3.74170928009
nc73528631,NC,MLC,,EHZ,1,64.0,,276.7,,5.863308479618
nc73528631,NC,MLH,,EHZ,-1,56.0,,20.6,,8.605375369574
nc73528751,NC,MCV,,EHZ,-1,40.0,,10.3,,14.57765487726
nc73528751,NC,MLC,,EHZ,1,40.0,,343.5,,17.5132009395
nc73528751,NC,MCO,,EHZ,-1,40.0,,358.8,,17.55767891014
nc73528751,NC,MGPB,,EHZ,1,40.0,,348.1,,18.74746462476
nc73528751,NC,MMX1,,HN3,-1,40.0,,332.9,,19.50359012564
nc73528751,NC,MMT,,EHZ,1,39.0,,251.7,,29.92255474806
nc73528751,NC,MDC,2.0,EHZ,1,38.0,,329.8,,32.00189987548
nc73528811,NC,MCV,,EHZ,1,114.0,,344.8,,20.91576569346
nc73528811,NC,MCO,,EHZ,1,109.0,,340.1,,24.88542457308
nc73528811,NC,MLC,,EHZ,1,108.0,,330.0,,26.16416622898
nc73528811,NC,MLH,,EHZ,1,104.0,,351.9,,30.300617498500003
nc73528811,NC,MMT,,EHZ,1,101.0,,264.5,,36.7499232413
nc73528811,NC,MMX1,,HN3,-1,106.0,,323.8,,28.788366496740004
nc73528811,NC,MQ1P,,EHZ,1,103.0,,315.4,,31.9685413975
nc73528811,NC,MEM,,EHZ,-1,103.0,,332.0,,32.435560089220004
nc73528811,NC,MDPB,,HHZ,1,100.0,,312.2,,37.17246396238
nc73528811,NC,MINS,,HHZ,1,100.0,,316.5,,37.67284113208
nc73528811,BK,TOLH,0.0,HHZ,1,90.0,,229.7,,78.64817158418
nc73528811,BK,HELL,0.0,HHZ,-1,90.0,,195.8,,83.97440856832
nc73528811,NC,MMI,,EHZ,1,90.0,,271.1,,86.52077238746
nc73528941,NC,MLC,,EHZ,1,132.0,,164.0,,4.800284981322
nc73528941,NC,MMX1,,HN3,1,132.0,,212.5,,4.816964220312
nc73528941,NC,MCO,,EHZ,-1,118.0,,123.0,,7.084228773686
nc73528941,NC,MQ1P,,EHZ,-1,110.0,,240.5,,9.224731110736
nc73528941,NC,MINS,,HHZ,-1,103.0,,270.1,,11.53091388842
nc73528941,NC,MDC,2.0,EHZ,-1,102.0,,302.4,,11.64210881502
nc73528941,NC,MDPB,,HHZ,-1,97.0,,259.8,,13.36563017732
nc73529166,NC,MCV,,EHZ,-1,132.0,,16.2,,5.419640722484
nc73529166,NC,MCO,,EHZ,-1,116.0,,350.2,,8.544218159944
nc73529166,NC,MLC,,EHZ,-1,112.0,,321.6,,9.780705743736
nc73529166,NC,MGPB,,EHZ,1,110.0,,331.6,,10.472338187188
nc73529166,NC,MDR,2.0,EHZ,-1,109.0,,5.0,,10.562406077734002
nc73529166,NC,MCB,,HHZ,1,101.0,,338.4,,12.08688852142
nc73529166,NC,MLH,,EHZ,1,99.0,,10.4,,15.27818291484
nc73529266,NC,MLC,,EHZ,1,103.0,,342.2,,9.559427839802
nc73529266,NC,MGPB,,EHZ,1,99.0,,350.2,,10.804811017722
nc73529266,CI,MLAC,,HHZ,1,96.0,,20.0,,11.82002069758
nc73529266,NC,MMX1,,HN3,-1,96.0,,324.7,,11.8422596829
nc73529266,NP,1576,10.0,HNZ,1,90.0,,68.9,,12.231441926
nc73529266,NC,MDR,2.0,EHZ,1,90.0,,18.7,,12.64286315442
nc73529266,NC,MCS,,EHZ,1,91.0,,351.4,,13.99944125894
nc73529266,NC,MQ1P,,EHZ,-1,93.0,,306.8,,15.3448998708
nc73529266,NC,MEM,,EHZ,1,93.0,,341.4,,15.92311348912
nc73529266,NC,MDH,,HNZ,1,86.0,,351.9,,16.76819493128
nc73529266,NC,MLH,,EHZ,1,85.0,,19.7,,17.502081446840002
nc73529266,NC,MDPB,,HHZ,1,84.0,,303.2,,20.7934512742
nc73529266,NC,MBS1,,EP1,-1,80.0,,347.9,,26.20864419962
nc73529266,NC,MCO,,EHZ,1,101.0,,9.6,,10.00198364767
nc73529266,NC,MCV,,EHZ,1,107.0,,35.0,,8.123901337396001
nc73529291,NP,1679,10.0,HNZ,-1,118.0,,70.8,,22.26122430532
nc73529291,NC,MCV,,EHZ,-1,116.0,,305.8,,24.32944994008
nc73529291,NC,MRC,,EHZ,1,116.0,,20.2,,25.00773899234
nc73529291,CI,MLAC,,HHZ,-1,113.0,,312.6,,27.60970027478
nc73529291,NC,MDR,2.0,EHZ,-1,112.0,,313.9,,28.1879138931
nc73529291,NC,MLH,,EHZ,-1,110.0,,322.5,,30.300617498500003
nc73529291,NC,MLC,,EHZ,-1,109.0,,301.4,,32.03525835346
nc73529291,NC,MCB,,HHZ,-1,109.0,,308.3,,32.73578639104
nc73529291,NC,MMX1,,HN3,-1,106.0,,298.9,,35.71581042392
nc73529291,NC,MEM,,EHZ,1,105.0,,307.6,,37.1947029477
nc73529291,NC,MQ1P,,EHZ,1,104.0,,294.6,,40.37487784846
nc73529291,NC,MMP,,EHZ,-1,104.0,,293.8,,40.83077704752
nc73529291,NC,MBS1,,EP1,-1,102.0,,318.1,,44.66700201522
nc73529291,NC,MDPB,,HHZ,1,101.0,,294.5,,45.934624178460005
nc73529291,NC,MMT,,EHZ,-1,99.0,,259.4,,51.73899934698
nc73529291,BK,TOLH,0.0,HHZ,1,91.0,,232.7,,93.54829174858
nc73529291,NC,MMI,,EHZ,1,91.0,,267.6,,100.87603741152
nc73529291,NC,MHD,,EHZ,1,88.0,,251.8,,120.646495361
nc73529291,NC,MPR,,EHZ,1,87.0,,287.5,,129.9868691954
nc73529291,NC,MCO,,EHZ,-1,112.0,,307.5,,28.64381309216
nc73529291,NC,MFB,,EHZ,1,129.0,,103.3,,16.045427908380002
nc73529291,NC,MTU,2.0,EHZ,-1,133.0,,163.0,,12.69846061772
nc73529296,NC,MCV,,EHZ,-1,132.0,,4.8,,9.248082045322
nc73529296,NC,MCO,,EHZ,-1,120.0,,349.9,,12.631743661760002
nc73529296,NC,MLC,,EHZ,-1,119.0,,329.7,,13.52130307456
nc73529296,NC,MMX1,,HN3,1,116.0,,318.8,,16.2900567469
nc73529356,NC,MCO,,EHZ,1,155.0,,80.5,,1.227591989664
nc73529356,NC,MLC,,EHZ,1,119.0,,260.6,,3.455938318728
nc73529356,NC,MCB,,HHZ,1,119.0,,329.6,,3.5081999342300003
nc73529356,NC,MDR,2.0,EHZ,1,111.0,,57.2,,4.277668826302
nc73529356,NC,MCS,,EHZ,-1,106.0,,328.6,,4.910367958656
nc73529356,NC,MCV,,EHZ,-1,104.0,,125.8,,5.168340188368
nc73529356,NC,MDH,,HNZ,1,94.0,,337.9,,7.504545596233999
nc73529506,NC,MCV,,EHZ,-1,138.0,,11.0,,5.922241790716
nc73529506,NC,MCO,,EHZ,-1,124.0,,348.5,,9.214723567342
nc73529506,NC,MLC,,EHZ,-1,119.0,,322.1,,10.497913020306
nc73529506,NC,MDR,2.0,EHZ,-1,117.0,,2.8,,11.14173164532
nc73529506,NC,MGPB,,EHZ,-1,117.0,,331.4,,11.18620961596
nc73529506,NC,MQ1P,,EHZ,-1,106.0,,297.9,,17.9023831826
nc73529506,NC,MDPB,,HHZ,-1,99.0,,296.8,,23.45101001994
nc73529511,NC,MCB,,HHZ,1,156.0,,302.7,,1.694610681384
nc73529511,CI,MLAC,,HHZ,1,130.0,,99.6,,3.994121763472
nc73529511,NC,MDH,,HNZ,-1,118.0,,332.9,,5.438543860006001
nc73529511,NC,MDH1,1.0,DP1,1,118.0,,332.9,,5.438543860006001
nc73529511,NC,MMX1,,HN3,1,109.0,,253.1,,7.295499134226
nc73529511,NC,MDY,,HHZ,-1,95.0,,281.9,,11.85337917556
nc73529511,NC,MLI,,HHZ,1,90.0,,270.4,,12.1202469994
nc73529511,NP,1576,10.0,HNZ,-1,90.0,,123.3,,13.49906408924
nc73529511,NC,MBS1,,EP1,1,92.0,,338.0,,14.955717627700002
nc73529511,NC,MINS,,HHZ,1,93.0,,277.1,,16.034308415719998
nc73529511,NC,MDPB,,HHZ,1,85.0,,268.6,,17.54655941748
nc73529511,NC,MRC,,EHZ,-1,75.0,,82.6,,33.23616356074
nc73529511,NC,MMT,,EHZ,1,72.0,,222.4,,39.151733655860006
nc73529511,NC,MMI,,EHZ,1,72.0,,252.7,,80.0047496887
nc73529511,NC,MPR,,EHZ,-1,71.0,,281.0,,101.66552139038
nc73529511,NC,MHD,,EHZ,1,71.0,,237.5,,106.73601004334
nc73529511,NC,MCO,,EHZ,-1,146.0,,140.8,,2.466303471988
nc73529511,NC,MCS,,EHZ,-1,140.0,,313.3,,3.03562149618
nc73529511,NC,MCV,,EHZ,-1,111.0,,138.5,,6.852943326358
nc73529511,NC,MCY,,EHZ,-1,90.0,,273.3,,13.13212083146
nc73529511,NC,MDC,2.0,EHZ,-1,86.0,,300.0,,16.4012516735
nc73529511,NC,MDR,2.0,EHZ,1,130.0,,87.1,,3.95853938696
nc73529511,NC,MEM,,EHZ,-1,114.0,,302.6,,6.181325969694
nc73529511,NC,MGPB,,EHZ,1,148.0,,240.2,,2.2583689592460003
nc73529511,NC,MLC,,EHZ,1,129.0,,228.7,,4.0586148209
nc73529511,NC,MLH,,EHZ,1,108.0,,50.8,,7.46673932119
nc73529511,NC,MLM,,EHZ,-1,95.0,,330.3,,11.75330374162
nc73529511,NC,MMLB,,HHZ,-1,103.0,,286.4,,9.050155075974
nc73529511,NC,MMP,,EHZ,1,90.0,,257.3,,13.3989886553
nc73529511,NC,MQ1P,,EHZ,1,90.0,,258.2,,12.68734112506
nc73529521,NC,MCV,,EHZ,-1,159.0,,27.6,,1.341010814796
nc73529521,NC,MDR,2.0,EHZ,1,110.0,,0.2,,6.5071271046320005
nc73529521,NC,MLC,,EHZ,1,104.0,,297.6,,7.87816054961
nc73529726,NC,MCV,,EHZ,-1,156.0,,222.9,,2.2995110820880003
nc73529726,NC,MCO,,EHZ,-1,136.0,,288.7,,4.80918057545
nc73529726,NC,MCB,,HHZ,1,115.0,,300.1,,8.714346397642
nc73529726,NC,MLC,,EHZ,-1,114.0,,274.9,,9.211387719544
nc73529726,NC,MCS,,EHZ,-1,111.0,,303.6,,9.99642390134
nc73530096,NC,MCS,,EHZ,-1,162.0,,94.2,,1.7023943262460002
nc73530096,NC,MDH,,HNZ,-1,151.0,,28.3,,2.9978152211360003
nc73530096,NC,MDH1,1.0,DP1,-1,151.0,,28.3,,2.9978152211360003
nc73530096,NC,MLC,,EHZ,1,136.0,,170.1,,4.947062284434001
nc73530096,NC,MMX1,,HN3,1,133.0,,215.3,,5.295102404692001
nc73530096,NC,MDR,2.0,EHZ,-1,118.0,,104.3,,8.1172296418
nc73530096,CI,MLAC,,HHZ,-1,117.0,,110.1,,8.357410683256001
nc73530096,NC,MQ1P,,EHZ,1,112.0,,240.5,,9.761802606214
nc73530096,NC,MCV,,EHZ,-1,108.0,,130.9,,11.19732910862
nc73530096,NC,MINS,,HHZ,-1,102.0,,268.9,,11.99793258014
nc73530096,NC,MCB,,HHZ,-1,152.0,,117.5,,2.7998882517880004
nc73530096,NC,MCO,,EHZ,-1,124.0,,127.0,,6.846271630762
nc73530096,NC,MDPB,,HHZ,-1,100.0,,259.1,,13.87712683968
nc73530101,NC,MCS,,EHZ,-1,163.0,,101.0,,1.624557877626
nc73530101,NC,MEM,,EHZ,-1,162.0,,303.6,,1.685715087256
nc73530101,NC,MDH,,HNZ,1,151.0,,28.3,,2.786544860596
nc73530101,NC,MDH1,1.0,DP1,-1,151.0,,28.3,,2.786544860596
nc73530101,NC,MLC,,EHZ,1,133.0,,171.5,,5.112742725068
nc73530101,NC,MMX1,,HN3,1,130.0,,215.1,,5.506372765232
nc73530101,NC,MDY,,HHZ,-1,118.0,,270.3,,7.79476435466
nc73530101,CI,MLAC,,HHZ,-1,116.0,,111.5,,8.327388053074
nc73530101,NC,MQ1P,,EHZ,1,110.0,,239.9,,9.943050336572
nc73530101,NC,MMP,,EHZ,1,108.0,,240.0,,10.679160750664
nc73530101,NC,MCV,,EHZ,-1,106.0,,132.0,,11.24180707926
nc73530101,NC,MBS1,,EP1,-1,105.0,,351.0,,11.6198698297
nc73530101,NC,MMT,,EHZ,1,79.0,,215.8,,38.5846395302
nc73530101,NC,MPR,,EHZ,1,78.0,,280.0,,97.48459215022
nc73530101,NC,MCB,,HHZ,-1,151.0,,121.8,,2.8010002010540003
nc73530101,NC,MCO,,EHZ,-1,122.0,,128.7,,6.878518159476
nc73530101,NC,MDC,2.0,EHZ,-1,104.0,,299.2,,11.90897663886
nc73530101,NC,MDPB,,HHZ,-1,99.0,,258.4,,14.0105607516
nc73530101,NC,MDR,2.0,EHZ,-1,117.0,,105.8,,8.066079975564
nc73530101,NC,MGPB,,EHZ,1,141.0,,152.3,,3.96409913329
nc73530101,NC,MMLB,,HHZ,-1,134.0,,271.9,,4.8770094806760005
nc73530216,NC,MCO,,EHZ,1,96.0,,353.2,,4.266549333642001
nc73530216,NC,MLC,,EHZ,-1,90.0,,304.2,,6.196893259418
nc73530216,NC,MDPB,,HHZ,1,79.0,,286.4,,20.43762750908
nc73530216,NC,MCV,,EHZ,1,121.0,,67.5,,2.680909680326
nc73530216,NC,MDR,2.0,EHZ,1,90.0,,16.4,,6.613874234168
nc73530216,NC,MINS,,HHZ,-1,79.0,,294.4,,19.72597997884
nc73530261,NC,MCV,,EHZ,1,130.0,,5.2,,5.594216757246
nc73530261,NP,1576,10.0,HNZ,1,118.0,,65.4,,7.96711649089
nc73530261,CI,MLAC,,HHZ,-1,110.0,,359.4,,10.02978237932
nc73530261,NC,MGPB,,EHZ,-1,107.0,,328.0,,11.30852403522
nc73530261,NC,MMX1,,HN3,1,99.0,,308.0,,13.97720227362
nc73530261,NC,MCS,,EHZ,1,99.0,,334.0,,14.221831112140002
nc73530261,NC,MLH,,EHZ,-1,99.0,,6.5,,15.50057276804
nc73530261,NC,MDH,,HNZ,1,98.0,,337.3,,16.8460313799
nc73530261,NC,MQ1P,,EHZ,1,97.0,,296.3,,18.35828238166
nc73530261,NC,MMLB,,HHZ,1,97.0,,316.3,,18.36940187432
nc73530261,NC,MMP,,EHZ,1,96.0,,294.5,,18.80306208806
nc73530261,NC,MCY,,EHZ,1,94.0,,303.9,,20.6266588843
nc73530261,NC,MINS,,HHZ,1,93.0,,302.5,,23.64004139516
nc73530261,NC,MRC,,EHZ,1,81.0,,62.6,,32.53563552316
nc73530261,NC,MMT,,EHZ,1,80.0,,239.2,,35.51565955604
nc73530261,NC,MMI,,EHZ,1,79.0,,260.8,,81.5058811978
nc73530261,BK,TOLH,0.0,HHZ,1,79.0,,219.5,,84.79725102516
nc73530261,NC,MHD,,EHZ,1,79.0,,243.7,,105.03472766636
nc73530261,NC,MPR,,EHZ,1,79.0,,286.2,,108.11482713318
nc73530261,BK,BUCR,0.0,HHZ,-1,79.0,,277.7,,117.0882577098
nc73530261,NC,MCO,,EHZ,-1,113.0,,344.3,,9.131327372392
nc73530261,NC,MDPB,,HHZ,1,93.0,,295.6,,23.918028711660003
nc73530261,NC,MDR,2.0,EHZ,-1,108.0,,359.5,,10.892655009736
nc73530261,NC,MLC,,EHZ,1,108.0,,318.6,,10.718078974974
nc73530271,NC,MCV,,EHZ,-1,154.0,,1.9,,2.371787784378
nc73530271,NC,MLC,,EHZ,1,112.0,,302.8,,8.944519895704
nc73530271,NC,MGPB,,EHZ,1,111.0,,314.9,,9.057938720836
nc73530271,NC,MCB,,HHZ,-1,107.0,,325.1,,10.271075370042
nc73530271,NC,MCS,,EHZ,-1,103.0,,325.2,,11.675467293
nc73530271,NC,MLH,,EHZ,-1,98.0,,6.2,,12.26480040398
nc73530271,NC,MMX1,,HN3,1,98.0,,295.3,,12.66510213974
nc73530271,NC,MEM,,EHZ,-1,97.0,,318.3,,14.52205741396
nc73530271,NC,MQ1P,,EHZ,1,96.0,,286.3,,17.59103738812
nc73530271,NC,MMP,,EHZ,1,96.0,,284.7,,18.13589252846
nc73530271,NC,MDY,,HHZ,-1,95.0,,301.8,,18.903137522
nc73530271,NC,MINS,,HHZ,-1,86.0,,295.0,,22.47249466586
nc73530271,NC,MDPB,,HHZ,1,85.0,,287.9,,23.1285447328
nc73530271,NC,MMT,,EHZ,1,77.0,,235.3,,37.60612417612
nc73530271,NC,MHD,,EHZ,1,76.0,,242.2,,106.8583244626
nc73530271,NC,MPR,,EHZ,-1,76.0,,284.5,,107.68116691944
nc73530271,CI,MLAC,,HHZ,-1,120.0,,355.5,,6.84960747856
nc73530271,NC,MCO,,EHZ,-1,123.0,,332.6,,6.29919259189
nc73530271,NC,MDR,2.0,EHZ,-1,116.0,,356.2,,7.709144261178
nc73530306,NC,MCY,,EHZ,-1,163.0,,203.4,,0.4726896329765999
nc73530306,NC,MLI,,HHZ,-1,145.0,,144.4,,1.376593191308
nc73530306,NC,MDY,,HHZ,-1,134.0,,46.4,,1.80691755725
nc73530306,NC,MQ1P,,EHZ,1,98.0,,172.5,,3.812874033114
nc73530306,NC,MMP,,EHZ,-1,79.0,,182.1,,4.124219827594
nc73530306,NC,MDPB,,HHZ,1,75.0,,250.7,,4.895912618198
nc73530306,NC,MMX1,,EP1,1,63.0,,119.1,,6.791786116728001
nc73530306,NC,MDC,2.0,EHZ,1,63.0,,349.4,,7.09979606341
nc73530306,NC,MGPB,,EHZ,-1,62.0,,101.9,,11.19732910862
nc73530306,NC,MCB,,HHZ,-1,62.0,,91.3,,11.49755541044
nc73530306,NC,MINS,,HHZ,1,111.0,,284.5,,3.0923309087460003
nc73530306,NC,MMLB,,HHZ,-1,77.0,,72.1,,4.444461216202
nc73530436,NC,MCO,,EHZ,-1,132.0,,347.8,,4.504506476566
nc73530436,NC,MGPB,,EHZ,1,117.0,,319.3,,6.855167224890001
nc73530436,NC,MLC,,EHZ,1,118.0,,303.3,,6.657240255542
nc73530436,NC,MCB,,HHZ,-1,111.0,,331.5,,8.2284245684
nc73530436,NC,MMX1,,HN3,-1,104.0,,293.9,,10.386718093706
nc73530436,NC,MDPB,,HHZ,1,85.0,,286.5,,20.9046462008
nc73530436,NC,MDC,2.0,EHZ,-1,85.0,,311.0,,22.1277903934
nc73530501,NC,MDR,2.0,EHZ,-1,165.0,,14.5,,1.333227169934
nc73530501,NC,MCO,,EHZ,1,156.0,,248.3,,2.211667090074
nc73530501,NC,MCV,,EHZ,-1,139.0,,167.0,,4.136451269519999
nc73530501,NC,MCB,,HHZ,-1,130.0,,291.8,,5.430760215144001
nc73530501,NC,MLC,,EHZ,-1,121.0,,256.7,,6.86072697122
nc73530636,NC,MCV,,EHZ,-1,118.0,,2.5,,6.280289454368001
nc73530636,NC,MCO,,EHZ,-1,104.0,,344.1,,9.871885583548
nc73530636,CI,MLAC,,HHZ,-1,101.0,,358.2,,10.738094061762
nc73530636,NC,MLC,,EHZ,-1,99.0,,320.1,,11.40859946916
nc73530636,NC,MDR,2.0,EHZ,-1,99.0,,358.4,,11.59763084438
nc73530636,NC,MGPB,,EHZ,-1,93.0,,328.8,,12.03129105812
nc73530636,NC,MCB,,HHZ,1,93.0,,335.2,,13.5657810452
nc73530636,NC,MCS,,EHZ,1,94.0,,334.4,,14.955717627700002
nc73530716,NC,MCV,,EHZ,-1,107.0,,358.9,,12.76517757368
nc73530716,NC,MCO,,EHZ,-1,104.0,,348.6,,16.31229573222
nc73530716,NC,MLC,,EHZ,-1,103.0,,332.8,,17.135138189059997
nc73530716,CI,MLAC,,HHZ,-1,103.0,,357.2,,17.24633311566
nc73530716,NC,MGPB,,EHZ,-1,102.0,,338.1,,18.08029506516
nc73530716,NC,MDR,2.0,EHZ,-1,102.0,,357.3,,18.11365354314
nc73530716,NC,MCB,,HHZ,1,100.0,,341.8,,19.803816427460003
nc73530716,NC,MCS,,EHZ,-1,98.0,,340.7,,21.16039453198
nc73530716,NC,MLH,,EHZ,-1,95.0,,2.5,,22.61704807044
nc73530716,NC,MQ1P,,EHZ,-1,95.0,,311.8,,23.03958879152
nc73530716,NC,MMP,,EHZ,-1,95.0,,310.1,,23.31757610802
nc73530716,NC,MDPB,,HHZ,-1,92.0,,308.2,,28.36582577566
nc73530716,NC,MINS,,HHZ,-1,92.0,,313.9,,28.69941055546
nc73530716,NC,MMT,,EHZ,1,91.0,,250.7,,33.14720761946
nc73530846,NC,MGPB,,EHZ,-1,130.0,,136.3,,4.835867357834
nc73530846,NC,MLC,,EHZ,-1,125.0,,156.0,,5.519716156424
nc73530846,NC,MCO,,EHZ,-1,112.0,,122.0,,8.09499065648
nc73530846,NC,MINS,,HHZ,-1,104.0,,267.8,,10.606884048374
nc73530846,NC,MDC,2.0,EHZ,-1,104.0,,303.2,,10.63023498296
nc73530846,NC,MDPB,,HHZ,1,96.0,,257.1,,12.54278772048
nc73531011,NC,MCV,,EHZ,1,150.0,,305.3,,3.632738252022
nc73531011,NC,MCO,,EHZ,1,126.0,,311.8,,7.979347932816001
nc73531011,NC,MDR,2.0,EHZ,-1,125.0,,334.4,,8.227312619134
nc73531011,NC,MGPB,,EHZ,-1,114.0,,302.9,,11.27516555724
nc73531011,NC,MLC,,EHZ,1,113.0,,293.4,,11.51979439576
nc73531011,NC,MLH,,EHZ,-1,109.0,,351.8,,12.04241055078
nc73531011,NC,MCB,,HHZ,-1,109.0,,312.4,,12.08688852142
nc73531011,NC,MQ1P,,EHZ,1,100.0,,283.2,,20.47098598706
nc73531011,NC,MMP,,EHZ,1,99.0,,281.9,,21.03808011272
nc73531011,NC,MBS1,,EP1,1,96.0,,328.2,,24.84094660244
nc73531011,NC,MINS,,HHZ,1,96.0,,291.5,,25.16341188958
nc73531011,NC,MDPB,,HHZ,1,95.0,,285.3,,25.97513485376
nc73531011,NC,MDC,2.0,EHZ,1,95.0,,305.5,,26.6311849207
nc73531011,NC,MMT,,EHZ,-1,91.0,,237.5,,40.29704139984
nc73531066,NC,MCV,,EHZ,-1,108.0,,352.3,,14.09951669288
nc73531066,NC,MCO,,EHZ,-1,105.0,,344.2,,17.869024704620003
nc73531066,CI,MLAC,,HHZ,-1,104.0,,352.3,,18.60291122018
nc73531066,NC,MLC,,EHZ,-1,103.0,,330.1,,18.98097397062
nc73531066,NC,MDR,2.0,EHZ,-1,103.0,,352.7,,19.44799266234
nc73531066,NC,MGPB,,EHZ,-1,102.0,,335.0,,19.8482943981
nc73531066,NC,MCB,,HHZ,1,100.0,,338.6,,21.50509880444
nc73531066,NC,MMX1,,HN3,1,100.0,,321.8,,21.64965220902
nc73531066,NC,MQ1P,,EHZ,-1,97.0,,311.3,,25.0744559483
nc73531066,NC,MMP,,EHZ,-1,97.0,,309.8,,25.3524432648
nc73531066,NC,MDPB,,HHZ,-1,94.0,,308.1,,30.411812425100003
nc73531066,NC,MINS,,HHZ,-1,94.0,,313.4,,30.72315821958
nc73531066,NC,MDC,2.0,EHZ,-1,93.0,,323.0,,34.21467891482
nc73531066,NC,MMT,,EHZ,1,93.0,,253.5,,34.34811282674
nc73531506,NC,MCO,,EHZ,1,177.0,,33.4,,0.2208331242276
nc73531506,NC,MGPB,,EHZ,-1,143.0,,286.0,,3.539334513678
nc73531506,NC,MCV,,EHZ,-1,137.0,,134.4,,4.343273832996
nc73531506,NC,MDH,,HNZ,-1,116.0,,330.6,,7.963780643092001
nc73531506,NC,MDH1,1.0,DP1,1,116.0,,330.6,,7.963780643092001
nc73531506,NC,MMX1,,HN3,1,114.0,,269.9,,8.425239588482
nc73531506,NC,MEM,,EHZ,-1,113.0,,309.2,,8.577576637924
nc73531506,NC,MDY,,HHZ,1,98.0,,289.2,,13.81040988372
nc73531506,NC,MQ1P,,EHZ,1,98.0,,268.0,,13.86600734702
nc73531506,NC,MINS,,HHZ,-1,96.0,,283.2,,17.82454673398
nc73531506,NC,MDC,2.0,EHZ,-1,95.0,,303.4,,18.72522563944
nc73531506,NC,MMT,,EHZ,-1,78.0,,226.1,,38.662475978820005
nc73531506,CI,MLAC,,HHZ,1,149.0,,60.1,,2.8766127511420003
nc73531506,NC,MCB,,HHZ,-1,138.0,,316.4,,4.154242457776
nc73531506,NC,MCS,,EHZ,-1,128.0,,318.9,,5.544179040276
nc73531506,NC,MDPB,,HHZ,1,95.0,,275.1,,19.05881041924
nc73531506,NC,MDR,2.0,EHZ,1,144.0,,47.5,,3.399228906162
nc73531506,NC,MLC,,EHZ,1,135.0,,262.6,,4.535641056014
nc73531506,NC,MLH,,EHZ,1,115.0,,32.5,,8.07275167116
nc73531506,NC,MMLB,,HHZ,-1,105.0,,294.7,,11.14173164532
nc73531506,NC,MMP,,EHZ,1,98.0,,266.7,,14.54429639928
nc73531551,NC,MCV,,EHZ,1,111.0,,15.1,,6.3103120845500005
nc73531551,NC,MCO,,EHZ,-1,100.0,,351.9,,9.400419094764
nc73531551,NC,MLC,,EHZ,1,97.0,,325.2,,10.414516825356
nc73531551,NC,MGPB,,EHZ,1,96.0,,334.4,,11.19732910862
nc73531551,NC,MDR,2.0,EHZ,1,95.0,,5.3,,11.46419693246
nc73531551,NC,MLH,,EHZ,-1,86.0,,10.3,,16.1788618203
nc73531551,NC,MMT,,EHZ,1,74.0,,239.0,,34.25915688546
nc73531576,NC,MDH,,HNZ,-1,109.0,,279.5,,4.8136283725140006
nc73531576,NC,MDH1,1.0,DP1,1,109.0,,279.5,,4.8136283725140006
nc73531576,NC,MCS,,EHZ,1,109.0,,246.1,,4.895912618198
nc73531576,NC,MGPB,,EHZ,1,52.0,,219.2,,6.678367291596
nc73531576,NC,MEM,,EHZ,-1,49.0,,264.4,,7.516777038159999
nc73531576,NC,MLC,,EHZ,1,47.0,,218.3,,8.57312884086
nc73531576,NC,MCV,,EHZ,1,46.0,,166.1,,9.453792659532
nc73531576,NC,MQ1P,,EHZ,-1,46.0,,245.6,,16.11214486434
nc73531576,NC,MMP,,EHZ,1,46.0,,245.5,,16.8460313799
nc73531576,NC,MDC,2.0,EHZ,-1,46.0,,284.1,,16.99058478448
nc73531576,NC,MINS,,HHZ,-1,46.0,,263.5,,18.2915654257
nc73531576,NC,MDPB,,HHZ,-1,46.0,,257.3,,20.30419359716
nc73531576,NC,MMT,,EHZ,1,42.0,,221.1,,43.67736716848
nc73531576,CI,MLAC,,HHZ,1,109.0,,160.5,,5.0026597477340005
nc73531576,NC,MCB,,HHZ,1,109.0,,229.5,,4.845874901228
nc73531576,NC,MCO,,EHZ,1,59.0,,186.7,,5.99896629007
nc73531576,NC,MDR,2.0,EHZ,1,105.0,,156.4,,4.206504073278
nc73531576,NC,MLH,,EHZ,-1,104.0,,79.5,,3.592708078446
nc73531596,NC,MQ1P,,EHZ,-1,162.0,,288.7,,1.255390721314
nc73531596,NC,MMP,,EHZ,-1,155.0,,271.9,,1.843611883028
nc73531596,NC,MMX1,,HN3,1,129.0,,78.2,,4.3366021374
nc73531596,NC,MDPB,,HHZ,1,112.0,,292.2,,6.815137051314
nc73531596,NC,MLC,,EHZ,1,107.0,,87.7,,8.179498800696
nc73531771,NP,1576,10.0,HNZ,1,123.0,,357.2,,14.477579443320002
nc73531771,NC,MCV,,EHZ,-1,118.0,,336.1,,18.31380441102
nc73531771,NC,MTU,2.0,EHZ,1,118.0,,120.8,,18.71410614678
nc73531771,NC,MCO,,EHZ,-1,111.0,,332.5,,22.50585314384
nc73531771,CI,MLAC,,HHZ,-1,111.0,,339.3,,22.67264553374
nc73531771,NC,MDR,2.0,EHZ,-1,110.0,,340.1,,23.47324900526
nc73531771,NC,MLC,,EHZ,-1,110.0,,322.0,,24.38504740338
nc73531771,NC,MGPB,,EHZ,-1,109.0,,326.2,,24.99661949968
nc73531771,NC,MLH,,EHZ,-1,107.0,,346.9,,27.26499600232
nc73531771,NC,MCS,,EHZ,-1,106.0,,329.4,,27.832090127980003
nc73531771,NC,MFB,,EHZ,1,106.0,,92.2,,27.98776302522
nc73531771,NC,MDH1,1.0,DP1,-1,104.0,,331.6,,30.36733445446
nc73531771,NC,MEM,,EHZ,-1,104.0,,325.8,,30.50076836638
nc73531771,NC,MQ1P,,EHZ,-1,104.0,,308.4,,31.11234046268
nc73531771,NC,MMP,,EHZ,-1,104.0,,307.2,,31.423686257160004
nc73531771,NC,MRC,,EHZ,1,103.0,,38.7,,33.44743392128
nc73531771,NC,MCY,,EHZ,1,102.0,,312.2,,33.79213819374
nc73531771,NC,MDY,,HHZ,-1,102.0,,316.0,,33.86997464236
nc73531771,NC,MDPB,,HHZ,-1,101.0,,306.1,,36.50529440278
nc73531771,NC,MMT,,EHZ,1,100.0,,259.7,,39.12949467054
nc73531771,NC,MDC,2.0,EHZ,-1,99.0,,319.0,,39.8633811861
nc73531771,CI,TIN,,HHZ,1,93.0,,133.1,,62.55826570516
nc73531771,BK,TOLH,0.0,HHZ,1,90.0,,228.8,,82.35096263996
nc73531771,NC,MMI,,EHZ,1,90.0,,268.9,,88.4555641103
nc73531771,NC,MHD,,EHZ,1,88.0,,250.9,,108.10370764052
nc73531771,NC,MPR,,EHZ,1,87.0,,290.3,,119.2009613152
nc73531771,CI,CWC,,HHZ,1,86.0,,151.8,,125.7614619846
nc73531771,CI,SPG2,,HHZ,-1,85.0,,180.8,,137.5481242042
nc73531846,NC,MLC,,EHZ,-1,127.0,,320.9,,7.901511484196
nc73531846,NC,MGPB,,EHZ,1,124.0,,333.1,,8.605375369574
nc73531846,NC,MMX1,,HN3,-1,116.0,,306.9,,11.15285113798
nc73531846,NC,MCS,,EHZ,1,114.0,,339.1,,11.63098932236
nc73531846,NC,MEM,,EHZ,-1,108.0,,329.5,,14.0661582149
nc73531846,NC,MDH,,HNZ,1,108.0,,342.1,,14.32190654608
nc73531846,NC,MMLB,,HHZ,1,107.0,,317.0,,15.53393124602
nc73531846,NC,MMP,,EHZ,1,106.0,,291.4,,16.123264357
nc73531846,NC,MDPB,,HHZ,-1,100.0,,293.4,,21.20487250262
nc73531846,NC,MDC,2.0,EHZ,1,97.0,,316.5,,23.42877103462
nc73531846,NC,MBS1,,EP1,-1,97.0,,341.6,,23.88467023368
nc73531846,NC,MTU,2.0,EHZ,-1,92.0,,130.9,,34.57050267994
nc73531846,NC,MMT,,EHZ,1,92.0,,234.7,,34.781773040480005
nc73531846,CI,MLAC,,HHZ,1,125.0,,13.8,,8.366306277384
nc73531846,NC,MCO,,EHZ,1,132.0,,356.9,,6.8918615506680005
nc73531846,NC,MCV,,EHZ,1,145.0,,35.3,,4.501170628768
nc73531846,NC,MDR,2.0,EHZ,1,122.0,,12.6,,9.209163821012
nc73531846,NC,MLH,,EHZ,1,108.0,,15.9,,14.03279973692
nc73531861,NC,MCV,,EHZ,-1,167.0,,125.6,,0.8557561551136
nc73531861,NC,MCO,,EHZ,-1,134.0,,320.0,,3.556013752668
nc73531861,NC,MDR,2.0,EHZ,-1,123.0,,1.2,,4.824747865174
nc73531861,NC,MLC,,EHZ,1,110.0,,285.9,,7.184304207626
nc73531861,NC,MCB,,HHZ,-1,108.0,,316.5,,7.653546797878
nc73531861,NC,MLH,,EHZ,-1,102.0,,11.7,,9.530517158886
nc73531891,NC,MLC,,EHZ,1,119.0,,337.2,,11.82002069758
nc73531891,NC,MGPB,,EHZ,1,114.0,,344.3,,12.93196996358
nc73531891,NC,MDR,2.0,EHZ,-1,113.0,,9.9,,13.96608278096
nc73531891,NC,MMX1,,HN3,1,113.0,,323.4,,14.277428575439998
nc73531891,NC,MCB,,HHZ,-1,112.0,,348.4,,14.777805745139998
nc73531891,NC,MCS,,EHZ,-1,111.0,,346.5,,16.07878638636
nc73531891,NC,MQ1P,,EHZ,1,109.0,,308.3,,17.75782977802
nc73531891,NC,MEM,,EHZ,1,109.0,,338.3,,18.1803704991
nc73531891,NC,MDC,2.0,EHZ,1,100.0,,324.2,,26.8535747739
nc73531891,NC,MMT,,EHZ,1,96.0,,241.3,,31.92406342686
nc73531891,NC,MTU,2.0,EHZ,1,96.0,,123.9,,31.99078038282
nc73531891,NC,MCO,,EHZ,-1,119.0,,0.1,,11.65322830768
nc73531891,NC,MCV,,EHZ,-1,128.0,,19.5,,8.960087185428
nc73531891,NC,MDPB,,HHZ,1,102.0,,304.7,,23.17302270344
nc73531911,CI,MLAC,,HHZ,1,124.0,,351.7,,6.846271630762
nc73531911,NC,MLC,,EHZ,-1,114.0,,301.0,,9.303679508622
nc73531911,NC,MGPB,,EHZ,1,114.0,,312.6,,9.350381377794
nc73531911,NC,MCB,,HHZ,-1,110.0,,322.9,,10.495689121774
nc73531911,NC,MCS,,EHZ,-1,106.0,,323.2,,11.8978571462
nc73531911,NC,MLH,,EHZ,-1,102.0,,4.1,,12.1758444627
nc73531911,NC,MMX1,,HN3,-1,101.0,,294.2,,13.05428438284
nc73531911,NC,MEM,,EHZ,-1,100.0,,316.8,,14.7889252378
nc73531911,NC,MMP,,EHZ,1,97.0,,284.1,,18.55843324954
nc73531911,NC,MMT,,EHZ,1,81.0,,235.7,,38.00642591188
nc73531911,NC,MCO,,EHZ,-1,126.0,,328.8,,6.474880575918
nc73531911,NC,MCV,,EHZ,-1,156.0,,350.8,,2.34621295126
nc73531911,NC,MDR,2.0,EHZ,-1,120.0,,352.8,,7.698024768518
nc73532196,NC,MCV,,EHZ,1,127.0,,61.3,,6.544933379676
nc73532196,NC,MLC,,EHZ,-1,131.0,,341.6,,5.884435515672
nc73532196,NC,MCO,,EHZ,1,125.0,,23.4,,6.917436383786001
nc73532196,NC,MMX1,,HN3,-1,119.0,,316.8,,8.438582979674
nc73532196,CI,MLAC,,HHZ,1,116.0,,33.9,,9.161350002574
nc73532196,NC,MDR,2.0,EHZ,1,113.0,,31.2,,9.895236518134
nc73532196,NC,MQ1P,,EHZ,-1,103.0,,296.9,,12.576146198460002
nc73532196,NC,MMP,,EHZ,-1,102.0,,294.2,,13.02092590486
nc73532196,NC,MINS,,HHZ,-1,98.0,,304.9,,17.91350267526
nc73532196,NC,MDPB,,HHZ,-1,98.0,,295.7,,18.1247730358
nc73532196,NC,MDC,2.0,EHZ,-1,94.0,,321.7,,20.9602436641
nc73532291,NC,MCV,,EHZ,1,112.0,,8.1,,12.74293858836
nc73532291,NC,MCO,,EHZ,-1,109.0,,355.7,,15.87863551848
nc73532291,NC,MLC,,EHZ,-1,108.0,,339.0,,16.156622834980002
nc73532291,NC,MGPB,,EHZ,-1,107.0,,344.2,,17.279691593640003
nc73532291,NC,MDR,2.0,EHZ,1,106.0,,3.8,,17.980219631220002
nc73532291,NC,MMX1,,HN3,1,106.0,,328.2,,18.41387984496
nc73532291,NC,MCB,,HHZ,-1,105.0,,347.4,,19.11440788254
nc73532291,NC,MQ1P,,EHZ,-1,102.0,,315.1,,21.44950134114
nc73532291,NC,MMP,,EHZ,-1,102.0,,313.2,,21.683010687
nc73532291,NC,MDPB,,HHZ,-1,98.0,,310.6,,26.686782384
nc73532291,NC,MINS,,HHZ,-1,97.0,,316.7,,27.142681583060003
nc73532291,NC,MDC,2.0,EHZ,-1,95.0,,326.9,,30.97890655076
nc73532291,NC,MMT,,EHZ,1,95.0,,249.2,,31.26801335992
nc73532291,NC,MFB,,EHZ,1,93.0,,97.9,,37.5838851908
nc73532421,NP,1576,10.0,HNZ,-1,165.0,,58.5,,2.215002937872
nc73532421,NC,MCV,,EHZ,1,143.0,,305.3,,5.941144928238
nc73532421,NC,MDR,2.0,EHZ,1,126.0,,328.2,,10.305545797288
nc73532421,NC,MGPB,,EHZ,1,116.0,,303.3,,13.57690053786
nc73532421,NC,MLC,,EHZ,1,115.0,,295.4,,13.77705140574
nc73532421,NC,MMX1,,HN3,1,111.0,,291.6,,17.61327637344
nc73532421,NC,MQ1P,,EHZ,1,104.0,,285.4,,22.6281675631
nc73532421,NC,MMP,,EHZ,1,103.0,,284.1,,23.17302270344
nc73532421,NC,MRC,,EHZ,1,101.0,,61.5,,26.7979773106
nc73532421,NC,MINS,,HHZ,1,101.0,,292.7,,27.4095494069
nc73532421,NC,MDPB,,HHZ,1,100.0,,286.9,,28.15455541512
nc73532421,NC,MDC,2.0,EHZ,1,99.0,,305.5,,28.94403939398
nc73532421,NC,MCB,,HHZ,1,115.0,,311.3,,14.37750400938
nc73532421,NC,MCO,,EHZ,1,126.0,,310.4,,10.276635116372
nc73532421,NC,MMLB,,HHZ,1,106.0,,301.7,,21.22711148794
nc73532451,NC,MCV,,EHZ,-1,139.0,,42.1,,6.180214020428
nc73532451,NC,MLC,,EHZ,-1,132.0,,333.9,,7.828122832640001
nc73532451,NC,MCO,,EHZ,-1,131.0,,8.5,,7.874824701812
nc73532451,NC,MGPB,,EHZ,-1,127.0,,344.7,,8.893370229468
nc73532451,CI,MLAC,,HHZ,1,124.0,,21.3,,9.700645396584
nc73532451,NC,MDR,2.0,EHZ,-1,122.0,,19.7,,10.51348031003
nc73532451,NC,MMX1,,HN3,1,121.0,,315.9,,10.581309215256
nc73532451,NC,MMP,,EHZ,1,111.0,,296.8,,15.07803204696
nc73532451,NC,MDPB,,HHZ,-1,105.0,,297.5,,20.19299867056
nc73532451,NC,MMT,,EHZ,1,95.0,,234.4,,32.99153472222
nc73532506,NC,MQ1P,,EHZ,-1,139.0,,274.2,,2.4774229646480004
nc73532506,NC,MMX1,,HN3,1,132.0,,77.4,,3.0378453947120003
nc73532506,NC,MMP,,EHZ,-1,131.0,,267.0,,3.127913285258
nc73532506,NC,MLC,,EHZ,1,102.0,,89.1,,6.892973499934
nc73532506,NC,MINS,,HHZ,1,100.0,,308.5,,7.613516624302001
nc73532506,NC,MDPB,,HHZ,-1,99.0,,287.2,,7.948213353368001
nc73532506,NC,MGPB,,EHZ,-1,99.0,,78.2,,8.15614786611
nc73532506,NC,MCO,,EHZ,1,91.0,,85.6,,11.54203338108
nc73532616,NC,MCY,,EHZ,1,159.0,,273.2,,0.8519755276092
nc73532616,NC,MDY,,HHZ,-1,139.0,,20.5,,1.8424999337620005
nc73532616,NC,MQ1P,,EHZ,-1,115.0,,182.8,,3.3024893200200003
nc73532616,NC,MMLB,,HHZ,1,104.0,,62.6,,4.016360748792
nc73532616,NC,MMX1,,HN3,1,90.0,,118.2,,5.980063152548
nc73532616,NC,MEM,,EHZ,1,90.0,,69.5,,7.505657545500001
nc73532616,NC,MDC,2.0,EHZ,-1,88.0,,345.2,,7.714704007508
nc73532616,NC,MLC,,EHZ,1,87.0,,110.2,,9.799608881258
nc73532616,NC,MCS,,EHZ,1,86.0,,82.1,,10.132081711792
nc73532616,NC,MDH1,1.0,DP1,-1,86.0,,66.9,,10.605772099108002
nc73532616,NC,MCB,,HHZ,1,85.0,,88.8,,10.829273901574
nc73532616,NC,MDR,2.0,EHZ,1,82.0,,91.7,,16.212220298280002
nc73532616,NC,MCV,,EHZ,1,81.0,,109.1,,17.791188256
nc73532616,NC,MDPB,,HHZ,1,90.0,,257.8,,5.40407343276
nc73532616,NC,MGPB,,EHZ,-1,86.0,,100.0,,10.454546998932
nc73532616,NC,MINS,,HHZ,1,105.0,,289.0,,3.865135648616
nc73532616,NC,MLI,,HHZ,1,163.0,,167.6,,0.6523806343622
nc73532616,NC,MMP,,EHZ,-1,106.0,,192.5,,3.729477838164
nc73532621,NC,MCY,,EHZ,-1,157.0,,274.5,,0.8531986718018
nc73532621,NC,MDY,,HHZ,-1,135.0,,20.3,,1.860291122018
nc73532621,NC,MMP,,EHZ,-1,101.0,,192.6,,3.711686649908
nc73532621,NC,MMLB,,HHZ,1,99.0,,62.4,,4.024144393654
nc73532621,NC,MMX1,,HN3,-1,75.0,,118.0,,5.97116755842
nc73532621,NC,MDC,2.0,EHZ,1,72.0,,345.3,,7.732495195764001
nc73532621,NC,MLC,,EHZ,1,72.0,,110.1,,9.792937185662
nc73532621,NC,MDPB,,HHZ,1,101.0,,258.0,,5.400737584962
nc73532621,NC,MINS,,HHZ,1,99.0,,289.2,,3.870695394946
nc73532626,NC,MCY,,EHZ,1,170.0,,104.1,,0.1846947730826
nc73532626,NC,MINS,,HHZ,1,118.0,,293.9,,2.871053004812
nc73532626,NC,MMP,,EHZ,-1,101.0,,176.7,,3.739485381558
nc73532626,NC,MDPB,,HHZ,1,95.0,,253.8,,4.427781977212001
nc73532631,NC,MCY,,EHZ,1,157.0,,262.3,,0.8880026838276001
nc73532631,NC,MDY,,HHZ,1,141.0,,21.6,,1.676819493128
nc73532631,NC,MQ1P,,EHZ,-1,108.0,,183.1,,3.470393659186
nc73532631,NC,MMP,,EHZ,1,99.0,,192.4,,3.898494126596
nc73532631,NC,MMX1,,HN3,-1,90.0,,119.7,,6.034548666582
nc73532631,NC,MEM,,EHZ,1,87.0,,70.7,,7.421149401284
nc73532631,NC,MDC,2.0,EHZ,-1,87.0,,344.7,,7.561255008800001
nc73532631,NC,MLC,,EHZ,1,85.0,,111.2,,9.830743460706
nc73532631,NC,MGPB,,EHZ,-1,84.0,,101.0,,10.455658948198
nc73532631,NC,MCB,,HHZ,1,84.0,,89.7,,10.798139322126
nc73532631,NC,MBS1,,EP1,-1,83.0,,26.7,,14.566535384600002
nc73532631,NC,MDR,2.0,EHZ,1,81.0,,92.3,,16.18998131296
nc73532631,NC,MCV,,EHZ,1,80.0,,109.7,,17.82454673398
nc73532631,NC,MDPB,,HHZ,1,90.0,,256.2,,5.469678439454
nc73532631,NC,MINS,,HHZ,1,99.0,,286.5,,3.84178471403
nc73532631,NC,MMLB,,HHZ,1,99.0,,64.6,,3.916285314852
nc73532646,NC,MLI,,HHZ,-1,161.0,,171.4,,0.644374599647
nc73532646,NC,MCY,,EHZ,1,156.0,,273.1,,0.8960087185428
nc73532646,NC,MDY,,HHZ,1,135.0,,19.2,,1.828044593304
nc73532646,NC,MMLB,,HHZ,1,99.0,,62.3,,3.976330575216
nc73532646,NC,MEM,,EHZ,1,70.0,,69.4,,7.464515422658
nc73532646,NC,MDC,2.0,EHZ,1,70.0,,344.9,,7.725823500168
nc73532646,NC,MGPB,,EHZ,1,70.0,,100.1,,10.411180977558
nc73532646,NC,MDPB,,HHZ,1,77.0,,257.9,,5.447439454134
nc73532646,NC,MINS,,HHZ,1,99.0,,288.8,,3.906277771458
nc73532646,NC,MQ1P,,EHZ,1,110.0,,183.5,,3.304713218552
nc73532651,NC,MQ1P,,EHZ,-1,110.0,,180.9,,3.594931976978
nc73532651,NC,MINS,,HHZ,1,108.0,,285.1,,3.679440121194
nc73532651,NC,MMP,,EHZ,-1,105.0,,190.2,,3.999681509802
nc73532651,NC,MMX1,,HN3,1,91.0,,120.2,,6.213572498408
nc73532651,NC,MDC,2.0,EHZ,-1,90.0,,345.4,,7.402246263762001
nc73532651,NC,MEM,,EHZ,-1,90.0,,71.9,,7.505657545500001
nc73532651,NC,MLC,,EHZ,1,87.0,,111.6,,10.000871698404
nc73532651,NC,MDH,,HNZ,1,86.0,,68.6,,10.590204809384002
nc73532651,NC,MDH1,1.0,DP1,-1,86.0,,68.6,,10.590204809384002
nc73532651,NC,MGPB,,EHZ,1,86.0,,101.5,,10.611331845438
nc73532651,NC,MCO,,EHZ,1,84.0,,101.8,,14.221831112140002
nc73532651,NC,MBS1,,EP1,-1,84.0,,27.4,,14.5109379213
nc73532651,NC,MDR,2.0,EHZ,1,82.0,,92.8,,16.334534717540002
nc73532651,CI,MLAC,,HHZ,-1,82.0,,95.8,,16.379012688179998
nc73532651,NC,MCV,,EHZ,1,81.0,,109.9,,17.99133912388
nc73532651,NC,MLH,,EHZ,1,81.0,,78.4,,18.52507477156
nc73532651,NC,MMT,,EHZ,1,72.0,,205.2,,33.01377370754
nc73532651,NC,MMI,,EHZ,-1,66.0,,248.8,,68.65174768284
nc73532651,NC,MPR,,EHZ,-1,66.0,,281.8,,89.35624301576
nc73532651,NC,MCB,,HHZ,1,86.0,,90.4,,10.93046128478
nc73532651,NC,MCS,,EHZ,1,86.0,,83.9,,10.198798667752
nc73532651,NC,MCY,,EHZ,1,160.0,,251.6,,0.787816054961
nc73532651,NC,MDPB,,HHZ,1,92.0,,254.5,,5.375162751844
nc73532651,NC,MDY,,HHZ,1,144.0,,27.6,,1.614550334232
nc73532651,NC,MLI,,HHZ,-1,157.0,,165.4,,0.9643935984018
nc73532651,NC,MMLB,,HHZ,1,105.0,,67.1,,3.984114220078
nc73532706,NC,MMT,,EHZ,1,99.0,,238.6,,15.07803204696
nc73532706,NC,MMP,,EHZ,-1,97.0,,1.5,,18.10253405048
nc73532706,NC,MLC,,EHZ,-1,94.0,,29.6,,21.16039453198
nc73532706,NC,MDPB,,HHZ,-1,94.0,,349.1,,20.98248264942
nc73532706,NC,MGPB,,EHZ,-1,92.0,,30.1,,23.05070828418
nc73532706,NC,MINS,,HHZ,-1,92.0,,354.2,,23.10630574748
nc73532706,NC,MCV,,EHZ,1,93.0,,48.5,,24.11817957954
nc73532706,NC,MCO,,EHZ,1,93.0,,38.2,,24.39616689604
nc73532706,NC,MDC,2.0,EHZ,-1,83.0,,358.7,,29.19978772516
nc73532706,NC,MMI,,EHZ,1,80.0,,267.5,,62.8807309923
nc73532706,BK,TOLH,0.0,HHZ,1,80.0,,213.3,,65.97194995178
nc73532706,NC,MHD,,EHZ,1,79.0,,244.6,,84.65269762058
nc73532716,NC,MMX1,,HN3,-1,106.0,,327.0,,18.66962817614
nc73532716,NC,MCS,,EHZ,-1,104.0,,344.7,,20.54882243568
nc73532716,NC,MQ1P,,EHZ,-1,102.0,,314.2,,21.78308612094
nc73532716,NC,MLH,,EHZ,-1,101.0,,6.5,,22.59480908512
nc73532716,NC,MEM,,EHZ,-1,101.0,,338.3,,22.6837650264
nc73532716,NC,MDH,,HNZ,-1,100.0,,345.9,,23.2953371227
nc73532716,NC,MDH1,1.0,DP1,1,100.0,,345.9,,23.2953371227
nc73532716,NC,MCY,,EHZ,-1,99.0,,318.7,,24.6852737052
nc73532716,NC,MDC,2.0,EHZ,-1,95.0,,326.2,,31.23465488194
nc73532716,NC,MMT,,EHZ,1,95.0,,249.5,,31.712793066320003
nc73532716,NC,MBS1,,EP1,1,95.0,,344.4,,32.82474233232
nc73532716,NC,MRC,,EHZ,1,93.0,,53.4,,36.9723130945
nc73532716,BK,TOLH,0.0,HHZ,1,87.0,,222.3,,78.92615890068
nc73532716,NC,MMI,,EHZ,1,87.0,,265.7,,79.86019628412
nc73532716,BK,HELL,0.0,HHZ,-1,87.0,,190.2,,89.7899032295
nc73532716,NC,MHD,,EHZ,-1,86.0,,247.1,,101.3541755959
nc73532716,NC,MPR,,EHZ,1,86.0,,289.9,,109.49364422302
nc73532716,CI,MLAC,,HHZ,-1,108.0,,2.4,,17.090660218420002
nc73532716,NC,MCB,,HHZ,-1,106.0,,346.1,,19.22560280914
nc73532716,NC,MCO,,EHZ,-1,109.0,,354.0,,15.92311348912
nc73532716,NC,MCV,,EHZ,-1,112.0,,6.0,,12.68734112506
nc73532716,NC,MDPB,,HHZ,-1,98.0,,310.0,,27.04260614912
nc73532716,NC,MDR,2.0,EHZ,-1,107.0,,2.3,,17.9579806459
nc73532716,NC,MGPB,,EHZ,-1,108.0,,342.7,,17.41312550556
nc73532716,NC,MINS,,HHZ,-1,98.0,,316.0,,27.47626636286
nc73532716,NC,MLC,,EHZ,-1,109.0,,337.5,,16.334534717540002
nc73532716,NC,MMLB,,HHZ,-1,100.0,,329.7,,23.52884646856
nc73532716,NC,MMP,,EHZ,-1,102.0,,312.4,,22.02771495946
nc73532721,NP,1679,10.0,HNZ,1,122.0,,85.4,,16.50132710744
nc73532721,NC,MRC,,EHZ,-1,120.0,,13.1,,17.969100138559998
nc73532721,NP,1576,10.0,HNZ,1,119.0,,288.7,,18.58067223486
nc73532721,NC,MCV,,EHZ,1,110.0,,288.8,,25.69714753726
nc73532721,NP,1589,10.0,HNZ,-1,109.0,,131.0,,26.3531976042
nc73532721,CI,MLAC,,HHZ,1,107.0,,297.1,,27.98776302522
nc73532721,NC,MDR,2.0,EHZ,-1,107.0,,298.6,,28.37694526832
nc73532721,NP,1587,10.0,HNZ,1,106.0,,74.9,,28.9662783793
nc73532721,NC,MLH,,EHZ,-1,106.0,,308.2,,29.299863159100003
nc73532721,NC,MCO,,EHZ,1,106.0,,292.8,,29.6334479389
nc73532721,NC,MGPB,,EHZ,1,104.0,,291.8,,33.1916855901
nc73532721,NC,MCB,,HHZ,1,104.0,,295.3,,33.503031384580005
nc73532721,NC,MLC,,EHZ,1,103.0,,288.6,,33.6920627598
nc73532721,NC,MCS,,EHZ,1,103.0,,296.5,,34.71505608452
nc73532721,NC,MDH,,HNZ,1,102.0,,300.3,,36.26066556426
nc73532721,NC,MMX1,,HN3,1,101.0,,287.5,,37.60612417612
nc73532721,NC,MEM,,EHZ,1,101.0,,296.2,,37.96194794124
nc73532721,NC,MMLB,,HHZ,1,100.0,,293.1,,40.79741856954
nc73532721,NC,MQ1P,,EHZ,1,99.0,,284.7,,42.6988518144
nc73532721,NC,MLI,,HHZ,1,99.0,,288.3,,43.15475101346
nc73532721,NC,MMP,,EHZ,1,99.0,,284.1,,43.2548264474
nc73532721,NC,MDY,,HHZ,1,99.0,,291.5,,43.466096807940005
nc73532721,NC,MBS1,,HN1,-1,99.0,,308.5,,43.933115499660005
nc73532721,NC,MCY,,EHZ,1,98.0,,288.7,,44.311178250100006
nc73532721,NC,MINS,,HHZ,1,97.0,,289.0,,47.35791923894
nc73532721,NC,MDC,2.0,EHZ,1,97.0,,296.7,,48.18076169578001
nc73532721,NC,MDPB,,HHZ,1,97.0,,285.7,,48.21412017376
nc73532721,NP,2021,10.0,HNZ,1,95.0,,21.8,,55.1526835936
nc73532721,NC,MMT,,EHZ,1,95.0,,254.4,,57.55449400816
nc73532721,CI,TIN,,HHZ,-1,94.0,,150.8,,58.75539921544
nc73532721,NN,LHV,,HHZ,-1,90.0,,3.0,,81.71715155834
nc73532721,GS,MCA04,0.0,HHZ,1,88.0,,49.7,,97.0175734585
nc73532721,BK,TOLH,0.0,HHZ,1,88.0,,231.6,,100.83155944088
nc73532721,BK,HELL,0.0,HHZ,-1,88.0,,204.3,,101.743357839
nc73532721,NC,MMI,,EHZ,1,88.0,,264.5,,105.8575701232
nc73532721,WR,FRI,,EHZ,1,87.0,,240.6,,117.7554272694
nc73532721,NC,MHD,,EHZ,1,86.0,,249.9,,126.8734112506
nc73532721,BK,KARE,0.0,HHZ,1,86.0,,219.8,,132.4331575806
nc73532721,NC,MPR,,EHZ,1,86.0,,284.4,,132.7667423604
nc73532721,NN,WAK,,HHZ,-1,86.0,,325.1,,134.43466625940002
nc73532721,BK,LIND,0.0,HHZ,-1,86.0,,199.2,,136.6585647914
nc73532721,BK,BUCR,0.0,HHZ,1,85.0,,277.6,,141.9959212682
nc73532721,CI,VOG,,HHZ,-1,85.0,,209.3,,151.781074809
nc73532721,CI,WMF,,HHZ,-1,84.0,,158.0,,167.23716960640002
nc73532721,BK,MERC,0.0,HHZ,1,84.0,,265.8,,169.2386782852
nc73532721,BK,WSRE,0.0,HHZ,1,81.0,,227.1,,191.255273752
nc73532721,CI,WNM,,EHZ,-1,79.0,,162.6,,194.59112155
nc73532721,CI,ASP,,EHZ,-1,73.0,,202.2,,198.1493592012
nc73532721,NC,PJC,1.0,EHZ,-1,49.0,,226.3,,226.1704807044
nc73532721,WR,SPR,,EHZ,-1,49.0,,258.5,,227.5048198236
nc73532721,NC,PCE,1.0,EHZ,1,49.0,,223.4,,227.7272096768
nc73532721,PB,B079,,EHZ,-1,49.0,,216.9,,248.520660951
nc73532721,NC,BSG,1.0,EHZ,-1,49.0,,243.8,,269.8700868582
nc73532726,CI,MLAC,,HHZ,1,105.0,,299.5,,27.97664353256
nc73532726,NC,MDR,2.0,EHZ,1,105.0,,301.1,,28.39918425364
nc73532726,NC,MCO,,EHZ,1,104.0,,295.2,,29.533372504960003
nc73532726,NC,MGPB,,EHZ,-1,102.0,,293.8,,33.06937117084
nc73532726,NC,MLC,,EHZ,1,102.0,,290.6,,33.503031384580005
nc73532726,NC,MINS,,HHZ,-1,96.0,,290.5,,47.16888786372
nc73532726,NC,MMT,,EHZ,1,94.0,,255.3,,56.72053205866
nc73532726,BK,HELL,0.0,HHZ,1,88.0,,204.2,,100.54245263172
nc73532726,NC,MMI,,EHZ,1,87.0,,265.1,,105.1904005636
nc73532726,NC,MHD,,EHZ,-1,86.0,,250.3,,125.9838518378
nc73532726,NP,1679,10.0,HNZ,1,118.0,,82.0,,17.190735652359997
nc73532726,NC,MRC,,EHZ,-1,115.0,,14.1,,19.1255273752
nc73532726,NC,MCV,,EHZ,1,107.0,,291.4,,25.5192356547
nc73532731,NC,MCV,,EHZ,-1,90.0,,291.2,,25.43027971342
nc73532731,CI,MLAC,,HHZ,-1,90.0,,299.4,,27.87656809862
nc73532731,NC,MDR,2.0,EHZ,1,90.0,,300.9,,28.28798932704
nc73532731,NC,MCO,,EHZ,1,90.0,,295.0,,29.43329707102
nc73532731,NC,MLC,,EHZ,1,90.0,,290.5,,33.4140754433
nc73532731,NC,MCS,,EHZ,1,90.0,,298.4,,34.59274166526
nc73532731,NC,MMP,,EHZ,-1,88.0,,285.5,,42.87676369696
nc73532731,NC,MINS,,HHZ,-1,88.0,,290.4,,47.07993192244
nc73532731,NC,MDPB,,HHZ,1,88.0,,287.0,,47.8694159013
nc73532731,NC,MDC,2.0,EHZ,1,88.0,,298.1,,48.04732778386
nc73532731,NC,MMT,,EHZ,1,88.0,,255.2,,56.69829307334
nc73532731,NC,MRC,,EHZ,-1,99.0,,14.3,,19.03657143392
nc73532731,NP,1587,10.0,HNZ,-1,90.0,,73.4,,29.83359880678
nc73532736,NC,MCV,,EHZ,1,120.0,,287.7,,23.20638118142
nc73532736,CI,MLAC,,HHZ,1,117.0,,297.0,,25.45251869874
nc73532736,NC,MDR,2.0,EHZ,-1,117.0,,298.7,,25.84170094184
nc73532736,NC,MLH,,EHZ,-1,116.0,,309.1,,26.80909680326
nc73532736,NC,MCO,,EHZ,1,116.0,,292.3,,27.10932310508
nc73532736,NC,MCB,,HHZ,1,112.0,,295.1,,30.97890655076
nc73532736,NC,MLC,,EHZ,-1,112.0,,287.8,,31.20129640396
nc73532736,NC,MBS1,,EP1,-1,105.0,,309.1,,41.44234914382
nc73532736,NC,MINS,,HHZ,-1,103.0,,288.5,,44.85603339044
nc73532736,NC,MDPB,,HHZ,1,103.0,,285.0,,45.73447331058
nc73532736,NC,MMT,,EHZ,1,99.0,,252.6,,55.74201670458
nc73532736,BK,TOLH,0.0,HHZ,1,91.0,,230.2,,99.83080510148
nc73532736,NC,MMI,,EHZ,1,90.0,,263.7,,103.7448665178
nc73532736,NC,MHD,,EHZ,-1,88.0,,249.0,,125.20548735159998
nc73532736,NC,MPR,,EHZ,1,88.0,,284.2,,130.3204539752
nc73532741,NC,MCV,,EHZ,-1,109.0,,289.3,,25.0744559483
nc73532741,NC,MDR,2.0,EHZ,-1,107.0,,299.3,,27.79873165
nc73532741,NC,MCO,,EHZ,-1,105.0,,293.4,,29.0218758426
nc73532741,NC,MLH,,EHZ,1,106.0,,309.0,,28.788366496740004
nc73532741,NC,MCB,,HHZ,-1,103.0,,295.9,,32.9136982736
nc73532741,NC,MLC,,EHZ,1,103.0,,289.0,,33.06937117084
nc73532741,NP,1679,10.0,HNZ,1,120.0,,85.5,,17.168496667040003
nc73532741,NC,MRC,,EHZ,-1,119.0,,15.1,,18.14701202112
nc73532741,NC,MCS,,EHZ,-1,102.0,,297.0,,34.1368424662
nc73532741,NC,MEM,,EHZ,-1,101.0,,296.7,,37.372614830260005
nc73532741,NC,MMT,,EHZ,1,94.0,,254.3,,56.90956343388
nc73532746,NC,MMX1,,HN3,-1,121.0,,284.9,,5.473014287252
nc73532746,NC,MCS,,EHZ,1,120.0,,354.7,,5.616455742566
nc73532746,NC,MDH,,HNZ,1,107.0,,354.6,,8.390769161236
nc73532746,NC,MDH1,1.0,DP1,-1,107.0,,354.6,,8.390769161236
nc73532746,NC,MLI,,HHZ,-1,99.0,,289.1,,11.022753073858
nc73532746,NC,MBS1,,EP1,1,85.0,,347.3,,17.813427241320003
nc73532746,NC,MRC,,EHZ,1,74.0,,77.3,,35.51565955604
nc73532746,NC,MMI,,EHZ,1,73.0,,254.8,,77.3916689136
nc73532746,NN,LHV,,HHZ,1,73.0,,25.6,,79.76012085018
nc73532746,WR,FRI,,EHZ,1,72.0,,226.6,,98.77445329878
nc73532746,NC,MPR,,EHZ,-1,72.0,,283.1,,100.7426034996
nc73532746,BK,HELL,0.0,HHZ,1,72.0,,186.1,,103.17777239214
nc73532746,BK,BUCR,0.0,HHZ,1,72.0,,274.4,,110.5833545037
nc73532746,NC,MGS,1.0,EHZ,-1,72.0,,227.7,,122.7591989664
nc73532746,BK,KARE,0.0,HHZ,-1,72.0,,205.7,,123.982343159
nc73532746,BK,WINE,0.0,HHZ,1,72.0,,221.0,,136.9921495712
nc73532746,BK,LIND,0.0,HHZ,1,72.0,,185.8,,139.549632883
nc73532746,CI,CWC,,HHZ,-1,72.0,,150.4,,148.445227011
nc73532746,CI,SPG2,,HHZ,1,71.0,,175.6,,156.228871873
nc73532746,BK,TOLH,0.0,HHZ,1,73.0,,213.5,,87.13234448376
nc73532746,CI,MLAC,,HHZ,1,116.0,,63.0,,6.312535983082
nc73532746,CI,TIN,,HHZ,1,73.0,,135.7,,85.1753137756
nc73532746,NC,MCB,,HHZ,1,129.0,,3.4,,4.43667757134
nc73532746,NC,MCO,,EHZ,1,135.0,,63.6,,3.632738252022
nc73532746,NC,MCV,,EHZ,-1,116.0,,104.5,,6.4493057428
nc73532746,NC,MCY,,EHZ,-1,91.0,,290.6,,12.18696395536
nc73532746,NC,MDC,2.0,EHZ,-1,94.0,,313.1,,17.135138189059997
nc73532746,NC,MDPB,,HHZ,-1,93.0,,281.1,,16.14550334232
nc73532746,NC,MDR,2.0,EHZ,1,114.0,,56.5,,6.7584276387480005
nc73532746,NC,MDY,,HHZ,-1,98.0,,301.1,,11.5642723664
nc73532746,NC,MEM,,EHZ,-1,110.0,,332.8,,7.688017225124
nc73532746,NC,MGPB,,EHZ,1,148.0,,353.6,,2.4107060086880003
nc73532746,NC,MHD,,EHZ,1,72.0,,238.7,,103.44464021598
nc73532746,NC,MINS,,HHZ,-1,93.0,,291.2,,15.2337049442
nc73532746,NC,MLC,,EHZ,-1,158.0,,301.9,,1.604542790838
nc73532746,NC,MLH,,EHZ,1,99.0,,42.2,,11.11949266
nc73532746,NC,MMLB,,HHZ,-1,105.0,,311.0,,9.254753740918
nc73532746,NC,MMP,,EHZ,-1,98.0,,273.0,,11.3974799765
nc73532746,NC,MMT,,EHZ,1,74.0,,224.3,,35.43782310742
nc73532746,NC,MQ1P,,EHZ,-1,100.0,,275.0,,10.767004742678
nc73532751,NC,MCO,,EHZ,-1,110.0,,338.8,,14.24407009746
nc73532751,NC,MDR,2.0,EHZ,-1,109.0,,349.8,,15.622887187300002
nc73532751,NC,MLC,,EHZ,-1,109.0,,322.0,,15.88975501114
nc73532751,NC,MGPB,,EHZ,-1,108.0,,328.3,,16.53468558542
nc73532751,NC,MMX1,,HN3,1,105.0,,313.7,,18.94761549264
nc73532751,NC,MCS,,EHZ,1,105.0,,332.7,,19.43687316968
nc73532751,NC,MRC,,EHZ,-1,94.0,,53.4,,32.61347197178
nc73532751,NC,MCV,,EHZ,-1,121.0,,347.8,,10.284418761234
nc73532756,NC,MMX1,,HN3,-1,119.0,,286.2,,5.43187216441
nc73532756,NC,MCS,,EHZ,1,117.0,,355.5,,5.719867024304
nc73532756,NC,MDH,,HNZ,1,105.0,,355.2,,8.49529239224
nc73532756,NC,MQ1P,,EHZ,-1,99.0,,275.6,,10.703623634516
nc73532756,NC,MCY,,EHZ,-1,90.0,,291.2,,12.15360547738
nc73532756,NC,MDC,2.0,EHZ,-1,86.0,,313.6,,17.15737717438
nc73532756,NC,MBS1,,EP1,-1,85.0,,347.6,,17.91350267526
nc73532756,NC,MMT,,EHZ,1,74.0,,224.3,,35.3043891955
nc73532756,NC,MRC,,EHZ,1,74.0,,77.2,,35.60461549732
nc73532756,NC,MMI,,EHZ,1,72.0,,254.9,,77.29159347966001
nc73532756,BK,TOLH,0.0,HHZ,1,72.0,,213.5,,86.99891057184
nc73532756,NC,MPR,,EHZ,1,71.0,,283.2,,100.69812552896
nc73532756,NC,MHD,,EHZ,1,71.0,,238.7,,103.32232579672
nc73532756,BK,HELL,0.0,HHZ,1,71.0,,186.1,,103.05545797288
nc73532756,CI,MLAC,,HHZ,1,113.0,,62.4,,6.429290656012
nc73532756,NC,MCB,,HHZ,1,126.0,,4.2,,4.552320295004
nc73532756,NC,MCO,,EHZ,1,131.0,,62.6,,3.748380975686
nc73532756,NC,MCV,,EHZ,-1,113.0,,103.3,,6.494895662706
nc73532756,NC,MDPB,,HHZ,-1,93.0,,281.5,,16.101025371680002
nc73532756,NC,MDR,2.0,EHZ,1,111.0,,56.1,,6.881854007274
nc73532756,NC,MDY,,HHZ,-1,96.0,,301.7,,11.55315287374
nc73532756,NC,MEM,,EHZ,-1,107.0,,333.7,,7.753622231818
nc73532756,NC,MGPB,,EHZ,-1,145.0,,355.6,,2.5141172904260003
nc73532756,NC,MINS,,HHZ,-1,92.0,,291.7,,15.211465958880002
nc73532756,NC,MLC,,EHZ,-1,157.0,,306.6,,1.605654740104
nc73532756,NC,MMLB,,HHZ,-1,102.0,,311.9,,9.272544929174002
nc73532756,NC,MMP,,EHZ,-1,97.0,,273.5,,11.33076302054
nc73532771,NC,MCV,,EHZ,1,134.0,,16.5,,3.78618725073
nc73532771,NC,MCO,,EHZ,-1,112.0,,344.5,,7.10535580974
nc73532771,CI,MLAC,,HHZ,1,108.0,,3.3,,8.10055040281
nc73532771,NC,MLC,,EHZ,-1,106.0,,313.1,,8.924504808916
nc73532771,NC,MDR,2.0,EHZ,-1,106.0,,3.1,,8.962311083960001
nc73532771,NC,MGPB,,EHZ,-1,104.0,,324.7,,9.369284515316
nc73532771,NC,MCB,,HHZ,-1,100.0,,333.2,,10.83594559717
nc73532771,NC,MLH,,EHZ,-1,92.0,,9.8,,13.65473698648
nc73532781,NC,MCV,,EHZ,-1,113.0,,287.2,,25.3524432648
nc73532781,CI,MLAC,,HHZ,1,111.0,,295.8,,27.54298331882
nc73532781,NC,MLH,,EHZ,-1,109.0,,307.1,,28.7438885261
nc73532781,NC,MLC,,EHZ,1,106.0,,287.4,,33.34735848734
nc73532781,NC,MDPB,,HHZ,1,99.0,,284.9,,47.90277437928
nc73532781,NP,1679,10.0,HNZ,-1,125.0,,88.0,,16.579163556060003
nc73532781,NC,MRC,,EHZ,-1,124.0,,14.1,,17.25745260832
nc73532791,NC,MLC,,EHZ,-1,159.0,,301.3,,1.525594392952
nc73532791,NC,MMX1,,HN3,-1,122.0,,284.5,,5.402961483494
nc73532791,NC,MCS,,EHZ,1,121.0,,355.2,,5.555298532936
nc73532791,CI,MLAC,,HHZ,1,117.0,,63.7,,6.340334714732
nc73532791,NC,MCV,,EHZ,-1,116.0,,104.8,,6.520470495824
nc73532791,NC,MDH,,HNZ,1,108.0,,355.0,,8.329611951606001
nc73532791,NC,MMLB,,HHZ,-1,105.0,,311.0,,9.1735814445
nc73532791,NC,MQ1P,,EHZ,-1,101.0,,274.7,,10.703623634516
nc73532791,NC,MLH,,EHZ,-1,100.0,,42.6,,11.11949266
nc73532791,NC,MMP,,EHZ,-1,99.0,,272.7,,11.33076302054
nc73532791,NC,MCY,,EHZ,-1,92.0,,290.5,,12.10912750674
nc73532791,NC,MINS,,HHZ,-1,93.0,,291.0,,15.16698798824
nc73532791,NC,MDPB,,HHZ,-1,93.0,,280.9,,16.07878638636
nc73532791,NC,MDC,2.0,EHZ,-1,94.0,,313.1,,17.04618224778
nc73532791,NC,MBS1,,EP1,1,85.0,,347.4,,17.74671028536
nc73532791,NC,MMT,,EHZ,1,75.0,,224.1,,35.42670361476
nc73532791,NC,MCB,,HHZ,1,130.0,,4.2,,4.3844159558380005
nc73532791,NC,MCO,,EHZ,1,136.0,,64.8,,3.661648932938
nc73532791,NC,MDR,2.0,EHZ,1,114.0,,57.2,,6.778442725536
nc73532791,NC,MEM,,EHZ,-1,111.0,,333.0,,7.611292725769999
nc73532791,NC,MGPB,,EHZ,1,149.0,,354.9,,2.349548799058
nc73532816,CI,MLAC,,HHZ,-1,166.0,,100.4,,1.835828238166
nc73532816,NC,MDR,2.0,EHZ,-1,165.0,,73.6,,1.896985447796
nc73532816,NC,MCV,,EHZ,1,142.0,,153.3,,5.36515520845
nc73532816,NC,MLC,,EHZ,1,141.0,,245.7,,5.692068292654
nc73532816,NC,MMP,,EHZ,1,110.0,,260.3,,15.422736319419998
nc73532821,NC,MCV,,EHZ,-1,108.0,,14.2,,22.45025568054
nc73532821,NC,MMX1,,HN3,-1,105.0,,346.4,,25.48587717672
nc73532821,NC,MCO,,EHZ,-1,106.0,,5.7,,25.09669493362
nc73532821,NC,MMP,,EHZ,-1,104.0,,333.3,,26.84245528124
nc73532821,NC,MMT,,EHZ,1,105.0,,265.6,,25.59707210332
nc73532821,NC,MCY,,EHZ,-1,101.0,,336.4,,30.189422571900003
nc73532821,NC,MDPB,,HHZ,-1,101.0,,328.0,,31.23465488194
nc73532821,NC,MRC,,EHZ,-1,95.0,,47.3,,46.0346996124
nc73532821,BK,TOLH,0.0,HHZ,-1,91.0,,224.8,,69.41899267638
nc73532821,NC,MMI,,EHZ,1,90.0,,272.4,,75.52359414672
nc73532936,NC,MTU,2.0,EHZ,-1,123.0,,184.2,,18.38052136698
nc73532936,NC,MCV,,EHZ,-1,113.0,,287.9,,26.09744927302
nc73532936,NC,MLC,,EHZ,1,106.0,,288.0,,34.09236449556
nc73532936,NC,MMT,,EHZ,1,96.0,,254.4,,58.0993491485
nc73532936,NC,MCD,,EHZ,1,141.0,,70.2,,9.80739252612
nc73532936,NP,1679,10.0,HNZ,1,127.0,,86.1,,15.97871095242
nc73532936,NC,MRC,,EHZ,-1,124.0,,11.7,,17.624395866100002
nc73532936,BK,TOLH,0.0,HHZ,1,91.0,,231.6,,101.36529508856
nc73533116,NC,MDR,2.0,EHZ,1,113.0,,19.1,,10.416740723888
nc73533116,NC,MMX1,,HN3,-1,112.0,,315.2,,10.634682780024
nc73533116,NC,MCB,,HHZ,-1,112.0,,349.5,,10.732534315432
nc73533116,NC,MCS,,EHZ,-1,104.0,,346.9,,12.03129105812
nc73533116,NC,MEM,,EHZ,1,103.0,,336.2,,14.1773531415
nc73533116,NC,MQ1P,,EHZ,-1,102.0,,298.7,,14.74444726716
nc73533116,NC,MLH,,EHZ,1,102.0,,20.1,,15.27818291484
nc73533116,NC,MDPB,,HHZ,-1,96.0,,297.1,,20.2930741045
nc73533116,NC,MCO,,EHZ,1,123.0,,7.6,,7.801436050256
nc73533116,NC,MCV,,EHZ,1,132.0,,41.6,,6.0501159563060005
nc73533116,NC,MLC,,EHZ,-1,123.0,,332.9,,7.838130376034
nc73533351,NC,MMX1,,HN3,-1,122.0,,284.6,,5.525275902754
nc73533351,NC,MDH,,HNZ,1,108.0,,354.2,,8.37853771931
nc73533351,NC,MQ1P,,EHZ,-1,101.0,,274.8,,10.823714155244
nc73533351,NC,MMP,,EHZ,-1,99.0,,272.9,,11.4530774398
nc73533351,NC,MCY,,EHZ,-1,93.0,,290.4,,12.231441926
nc73533351,NC,MINS,,HHZ,-1,94.0,,291.0,,15.2893024075
nc73533351,NC,MDC,2.0,EHZ,-1,94.0,,313.0,,17.15737717438
nc73533351,NC,MMT,,EHZ,1,75.0,,224.3,,35.48230107806
nc73533351,NC,MHD,,EHZ,1,73.0,,238.7,,103.50023767928
nc73533351,CI,MLAC,,HHZ,1,118.0,,62.9,,6.251378773452
nc73533351,NC,MCB,,HHZ,1,130.0,,2.7,,4.41443858602
nc73533351,NC,MCO,,EHZ,1,137.0,,63.5,,3.571581042392
nc73533351,NC,MCS,,EHZ,1,122.0,,354.1,,5.603112351374
nc73533351,NC,MCV,,EHZ,-1,117.0,,104.8,,6.397044127298
nc73533351,NC,MDPB,,HHZ,-1,94.0,,281.0,,16.20110080562
nc73533351,NC,MDR,2.0,EHZ,1,115.0,,56.4,,6.69949432765
nc73533351,NC,MEM,,EHZ,-1,111.0,,332.4,,7.698024768518
nc73533351,NC,MLC,,EHZ,-1,158.0,,300.2,,1.64568491368
nc73533351,NC,MLH,,EHZ,1,100.0,,42.0,,11.068342993764
nc73533351,NC,MMLB,,HHZ,-1,106.0,,310.7,,9.287000269632
nc73533381,NC,MMP,,EHZ,1,99.0,,342.4,,10.586868961586
nc73533381,NC,MQ1P,,EHZ,1,99.0,,346.3,,10.738094061762
nc73533381,NC,MMX1,,HN3,-1,97.0,,14.7,,11.286285049900002
nc73533381,NC,MLC,,EHZ,1,90.0,,33.2,,12.38711482324
nc73533381,NC,MCY,,EHZ,1,91.0,,346.8,,14.15511415618
nc73533381,NC,MDPB,,HHZ,1,92.0,,328.7,,14.755566759820002
nc73533381,NC,MCO,,EHZ,1,93.0,,45.6,,15.94535247444
nc73533381,NC,MINS,,HHZ,1,93.0,,338.1,,16.156622834980002
nc73533381,NC,MCV,,EHZ,1,86.0,,61.1,,16.445729644140002
nc73533381,NC,MDR,2.0,EHZ,1,84.0,,46.1,,19.1255273752
nc73533381,NC,MDC,2.0,EHZ,1,83.0,,348.4,,21.6274132237
nc73533381,NC,MMT,,EHZ,1,83.0,,226.2,,22.92839386492
nc73533381,NC,MLH,,EHZ,-1,82.0,,41.3,,23.66228038048
nc73533386,NC,MMX1,,HN3,1,104.0,,15.9,,11.000514088538
nc73533386,NC,MLC,,EHZ,1,97.0,,34.6,,12.19808344802
nc73533386,NC,MLI,,HHZ,1,97.0,,350.6,,12.93196996358
nc73533386,NC,MCY,,EHZ,1,96.0,,347.1,,13.79929039106
nc73533386,NC,MMLB,,HHZ,-1,96.0,,4.9,,15.2893024075
nc73533386,NC,MCO,,EHZ,1,96.0,,46.9,,15.82303805518
nc73533386,NC,MCB,,HHZ,-1,96.0,,32.1,,16.08990587902
nc73533386,NC,MCV,,EHZ,1,96.0,,62.4,,16.42349065882
nc73533386,NC,MDC,2.0,EHZ,1,85.0,,348.6,,21.27158945858
nc73533386,NC,MMT,,EHZ,1,85.0,,225.4,,23.06182777684
nc73533386,NC,MLH,,EHZ,-1,85.0,,42.1,,23.50660748324
nc73533386,NC,MTU,2.0,EHZ,1,76.0,,116.1,,42.4764619612
nc73533386,NC,MFB,,EHZ,1,76.0,,101.5,,51.0384713094
nc73533386,NC,MMI,,EHZ,1,76.0,,260.5,,67.29516957832
nc73533386,NC,MHD,,EHZ,-1,76.0,,240.8,,91.63573901106
nc73533386,NC,MPR,,EHZ,1,76.0,,289.6,,95.31629108152
nc73533386,NC,MDPB,,HHZ,1,96.0,,328.5,,14.38862350204
nc73533386,NC,MINS,,HHZ,1,96.0,,338.1,,15.7896795772
nc73533386,NC,MMP,,EHZ,1,106.0,,342.6,,10.22437350087
nc73533386,NC,MQ1P,,EHZ,1,106.0,,346.6,,10.38004639811
nc73534201,NC,MMX1,,HN3,-1,160.0,,164.2,,2.448512283732
nc73534201,NC,MDY,,HHZ,1,145.0,,299.1,,4.52007376629
nc73534201,NC,MQ1P,,EHZ,-1,139.0,,239.1,,5.545290989542
nc73534201,NC,MCS,,EHZ,1,138.0,,71.2,,5.736546263294
nc73534201,NC,MDH,,HNZ,1,131.0,,48.2,,6.914100535988
nc73534201,NC,MDH1,1.0,DP1,1,131.0,,48.2,,6.914100535988
nc73534201,NC,MINS,,HHZ,1,125.0,,281.8,,8.436359081142001
nc73534201,NC,MCO,,EHZ,-1,121.0,,103.1,,9.461576304394
nc73534201,NC,MDPB,,HHZ,-1,119.0,,266.1,,9.911915757124
nc73534201,NC,MCV,,EHZ,-1,108.0,,113.8,,13.33227169934
nc73534201,NC,MBS1,,EP1,-1,108.0,,8.4,,13.76593191308
nc73534201,NC,MLH,,EHZ,1,108.0,,71.5,,14.166233648840002
nc73534201,NC,MMT,,EHZ,-1,92.0,,212.8,,34.6372196359
nc73534201,NC,MCB,,HHZ,-1,135.0,,83.8,,6.259162418314
nc73534201,NC,MDC,2.0,EHZ,1,118.0,,320.4,,10.294426304628
nc73534201,NC,MEM,,EHZ,1,149.0,,38.2,,3.920733111916
nc73534201,NC,MLC,,EHZ,-1,139.0,,122.4,,5.439655809272
nc73534201,NC,MMLB,,HHZ,1,159.0,,335.9,,2.526348732352
nc73534201,NC,MMP,,EHZ,-1,135.0,,239.5,,6.281401403634
nc73534556,NP,1576,10.0,HNZ,1,132.0,,89.2,,8.708786651312
nc73534556,NC,MCS,,EHZ,1,126.0,,333.5,,10.72475067057
nc73534556,NC,MMX1,,HN3,-1,125.0,,299.5,,10.992730443676
nc73534556,NC,MDH1,1.0,DP1,1,117.0,,337.8,,13.35451068466
nc73534556,NC,MMP,,EHZ,1,114.0,,286.4,,16.32341522488
nc73534556,NC,MLI,,HHZ,-1,114.0,,297.4,,16.545805078079997
nc73534556,NC,MCY,,EHZ,1,112.0,,297.9,,17.74671028536
nc73534556,NC,MDPB,,HHZ,-1,107.0,,289.5,,21.3494259072
nc73534556,NC,MRC,,EHZ,1,98.0,,68.8,,32.55787450848
nc73534556,NC,MMI,,EHZ,1,88.0,,258.4,,80.64968026298
nc73534556,BK,TOLH,0.0,HHZ,1,89.0,,217.4,,86.37621898288
nc73534556,BK,HELL,0.0,HHZ,-1,87.0,,188.8,,99.77520763818
nc73534556,NC,MPR,,EHZ,1,87.0,,284.7,,105.8575701232
nc73534556,BK,BUCR,0.0,HHZ,1,86.0,,276.2,,115.1979439576
nc73534556,BK,LEGD,0.0,HHZ,1,85.0,,251.4,,121.4248598472
nc73534556,BK,MERC,0.0,HHZ,-1,84.0,,262.5,,143.6638451672
nc73534556,NC,BMS,,EHZ,-1,76.0,,240.3,,199.7060881736
nc73534556,CI,MLAC,,HHZ,1,139.0,,11.1,,6.979705542682001
nc73534556,NC,MCB,,HHZ,1,130.0,,334.6,,9.333702138804
nc73534556,NC,MCO,,EHZ,1,145.0,,349.7,,5.697628038984
nc73534556,NC,MCV,,EHZ,1,160.0,,39.3,,3.0923309087460003
nc73534556,NC,MDC,2.0,EHZ,-1,105.0,,313.2,,22.98399132822
nc73534556,NC,MDR,2.0,EHZ,1,136.0,,10.0,,7.830346731172
nc73534556,NC,MDY,,HHZ,-1,113.0,,305.2,,17.335289056940002
nc73534556,NC,MEM,,EHZ,-1,117.0,,324.3,,13.35451068466
nc73534556,NC,MHD,,EHZ,1,87.0,,241.8,,105.1904005636
nc73534556,NC,MINS,,HHZ,-1,108.0,,297.2,,20.7934512742
nc73534556,NC,MLC,,EHZ,1,137.0,,310.7,,7.43894058954
nc73534556,NC,MLH,,EHZ,1,118.0,,14.7,,12.631743661760002
nc73534556,NC,MMLB,,HHZ,-1,115.0,,311.9,,15.11139052494
nc73534556,NC,MMT,,EHZ,1,96.0,,233.6,,36.04939520372
nc73534556,NC,MQ1P,,EHZ,-1,115.0,,288.3,,15.80079906986
nc73534571,NC,MCV,,EHZ,-1,110.0,,0.2,,10.492353273976
nc73534571,NC,MCO,,EHZ,-1,100.0,,347.9,,14.02168024426
nc73534571,NC,MLC,,EHZ,-1,99.0,,329.8,,15.00019559834
nc73534571,NC,MDR,2.0,EHZ,-1,99.0,,358.0,,15.82303805518
nc73534766,NC,MMX1,,HN3,-1,106.0,,308.6,,8.227312619134
nc73534766,NC,MCS,,EHZ,-1,102.0,,349.9,,9.459352405862
nc73534766,NC,MEM,,EHZ,-1,96.0,,336.2,,11.54203338108
nc73534766,NC,MDH,,HNZ,-1,90.0,,350.9,,12.231441926
nc73534766,NC,MDH1,1.0,DP1,1,90.0,,350.9,,12.231441926
nc73534766,NC,MMLB,,HHZ,-1,90.0,,320.4,,12.72069960304
nc73534766,NC,MQ1P,,EHZ,1,90.0,,291.5,,12.75405808102
nc73534766,NC,MMP,,EHZ,1,90.0,,289.0,,13.24331575806
nc73534766,NC,MLH,,EHZ,1,90.0,,27.9,,13.52130307456
nc73534766,NC,MDY,,HHZ,1,92.0,,311.3,,14.68884980386
nc73534766,NC,MINS,,HHZ,-1,85.0,,301.0,,17.91350267526
nc73534766,NC,MBS1,,EP1,1,83.0,,346.5,,21.69413017966
nc73534766,NC,MMT,,EHZ,1,75.0,,230.1,,33.7476602231
nc73534766,NC,MMI,,EHZ,1,72.0,,257.7,,77.63629775212
nc73534766,NC,MHD,,EHZ,1,72.0,,240.8,,102.56620029584
nc73534766,CI,MLAC,,HHZ,1,107.0,,34.2,,7.954885048964001
nc73534766,NC,MCB,,HHZ,1,106.0,,353.8,,8.195066090420001
nc73534766,NC,MCO,,EHZ,1,118.0,,21.5,,5.729874567698
nc73534766,NC,MCV,,EHZ,1,119.0,,67.4,,5.519716156424
nc73534766,NC,MDPB,,HHZ,1,85.0,,291.9,,18.31380441102
nc73534766,NC,MDR,2.0,EHZ,1,105.0,,31.1,,8.688771564524
nc73534766,NC,MLC,,EHZ,-1,120.0,,331.3,,5.20948231121
nc73534821,NC,MCV,,EHZ,1,145.0,,25.8,,5.229497397998
nc73534821,NC,MCO,,EHZ,1,133.0,,355.0,,7.948213353368001
nc73534821,NC,MLC,,EHZ,-1,129.0,,323.5,,8.917833113319999
nc73534821,NC,MDR,2.0,EHZ,1,125.0,,9.5,,10.164328240506
nc73534821,NC,MMP,,EHZ,1,111.0,,294.3,,16.82379239458
nc73534821,NC,MMT,,EHZ,-1,96.0,,236.4,,34.470427246
nc73534966,NC,MQ1P,,EHZ,-1,129.0,,340.1,,8.460821964994
nc73534966,NC,MMX1,,HN3,-1,128.0,,16.7,,8.804414288188001
nc73534966,NC,MMP,,EHZ,-1,130.0,,335.1,,8.396328907566
nc73534966,NC,MCO,,EHZ,-1,112.0,,51.9,,14.05503872224
nc73534966,NC,MINS,,HHZ,-1,112.0,,333.0,,14.04391922958
nc73535136,NC,MCV,,EHZ,1,152.0,,36.2,,3.24133211039
nc73535136,NC,MCO,,EHZ,-1,135.0,,349.6,,5.9244656892480005
nc73535136,NC,MLC,,EHZ,-1,126.0,,311.8,,7.617964421366
nc73535136,NC,MDR,2.0,EHZ,1,124.0,,9.4,,8.041617091712
nc73535136,NC,MCS,,EHZ,1,114.0,,333.8,,10.943804675972
nc73535136,NC,MLH,,EHZ,1,106.0,,14.2,,12.83189452964
nc73535136,NC,MMP,,EHZ,1,103.0,,287.1,,16.42349065882
nc73535186,NC,MCV,,EHZ,1,159.0,,287.3,,2.938881910038
nc73535186,NP,1576,10.0,HNZ,1,151.0,,109.6,,4.177593392362
nc73535186,NC,MDR,2.0,EHZ,-1,136.0,,331.3,,7.066437585429999
nc73535186,NC,MLH,,EHZ,-1,123.0,,351.8,,10.811482713318
nc73535186,NC,MCS,,EHZ,-1,115.0,,310.3,,12.52054873516
nc73535186,NC,MDH1,1.0,DP1,1,113.0,,317.9,,14.63325234056
nc73535186,NC,MMX1,,HN3,1,113.0,,285.2,,14.85564219376
nc73535186,NC,MEM,,EHZ,-1,112.0,,306.7,,15.64512617262
nc73535186,NC,MQ1P,,EHZ,1,107.0,,279.9,,20.0706842513
nc73535186,NC,MMP,,EHZ,1,106.0,,278.6,,20.66001736228
nc73535186,NC,MDPB,,HHZ,1,101.0,,282.7,,25.5192356547
nc73535186,NC,MDC,2.0,EHZ,-1,101.0,,303.4,,25.80834246386
nc73535186,NC,MRC,,EHZ,1,99.0,,68.2,,27.56522230414
nc73535186,NC,MMT,,EHZ,1,94.0,,235.9,,40.83077704752
nc73535186,NC,MMI,,EHZ,1,88.0,,258.1,,85.620093482
nc73535186,NC,MPR,,EHZ,-1,86.0,,283.4,,110.12745530464
nc73535186,NC,MHD,,EHZ,1,86.0,,242.3,,110.11633581198
nc73535186,NC,MCB,,HHZ,-1,121.0,,308.3,,11.1750901233
nc73535186,NC,MCO,,EHZ,1,136.0,,305.3,,7.092012418548
nc73535186,NC,MLC,,EHZ,1,122.0,,287.8,,10.934909081844
nc73535236,NC,MLC,,EHZ,1,124.0,,282.7,,9.709540990712
nc73535236,NC,MCV,,EHZ,1,165.0,,259.9,,1.893649599998
nc73535236,NC,MDH1,1.0,DP1,-1,112.0,,317.4,,13.10988184614
nc73535256,NC,MTU,2.0,EHZ,-1,124.0,,171.5,,6.603866690774
nc73535256,NC,MFB,,EHZ,1,100.0,,81.4,,13.02092590486
nc73535256,NC,MDR,2.0,EHZ,1,81.0,,317.5,,34.11460348088
nc73535256,NC,MCO,,EHZ,-1,81.0,,312.2,,34.336993334080006
nc73535256,NC,MLC,,EHZ,-1,80.0,,306.6,,37.45045127888
nc73535256,NC,MMT,,EHZ,1,80.0,,265.9,,53.75162751844
nc73535256,NP,1679,10.0,HNZ,-1,92.0,,54.7,,22.37241923192
nc73535256,NC,MRC,,EHZ,-1,83.0,,11.5,,29.65568692422
nc73535256,NP,1587,10.0,HNZ,-1,80.0,,57.2,,35.40446462944
nc73535256,NC,MDPB,,HHZ,1,80.0,,299.0,,50.90503739748
nc73535256,BK,HELL,0.0,HHZ,1,79.0,,206.2,,90.50155075974
nc73535346,NC,MCV,,EHZ,-1,154.0,,211.1,,2.806559947384
nc73535346,NC,MDR,2.0,EHZ,1,147.0,,325.0,,3.5660212960620004
nc73535346,NC,MCO,,EHZ,1,141.0,,280.4,,4.51451401996
nc73535346,NC,MLH,,EHZ,1,124.0,,358.4,,7.426709147614001
nc73535346,NC,MLC,,EHZ,1,117.0,,270.3,,9.061274568634
nc73535346,NC,MCS,,EHZ,1,115.0,,300.4,,9.514949869162
nc73535366,NC,MDPB,,HHZ,-1,88.0,,309.5,,44.34453672808
nc73535366,NC,MCV,,EHZ,-1,90.0,,332.5,,26.36431709686
nc73535366,NC,MCO,,EHZ,-1,90.0,,330.3,,30.61196329298
nc73535366,CI,MLAC,,HHZ,1,90.0,,335.3,,30.6342022783
nc73535366,NC,MDR,2.0,EHZ,-1,90.0,,336.0,,31.4125667645
nc73535366,NC,MLC,,EHZ,-1,90.0,,322.6,,32.55787450848
nc73535366,NC,MCS,,EHZ,-1,91.0,,328.3,,35.9715587551
nc73535366,NC,MQ1P,,EHZ,-1,88.0,,311.7,,39.04053872926001
nc73535366,NC,MDC,2.0,EHZ,1,88.0,,320.0,,48.00284981322
nc73535366,NP,1589,10.0,HNZ,-1,90.0,,93.7,,32.15757277272
nc73535366,NP,1679,10.0,HNZ,1,90.0,,59.9,,33.01377370754
nc73535366,NC,MEM,,EHZ,-1,88.0,,325.5,,38.662475978820005
nc73535366,BK,TOLH,0.0,HHZ,1,86.0,,234.5,,82.00625836750001
nc73535596,CI,MLAC,,HHZ,-1,162.0,,331.5,,2.86882910628
nc73535596,NC,MCO,,EHZ,-1,155.0,,288.9,,3.959651336226
nc73535596,NC,MCS,,EHZ,1,131.0,,305.1,,9.182477038628
nc73535596,NC,MDH,,HNZ,-1,125.0,,316.0,,11.18620961596
nc73535596,NC,MDH1,1.0,DP1,1,125.0,,316.0,,11.18620961596
nc73535596,NC,MMX1,,HN3,1,119.0,,275.0,,12.3426368526
nc73535596,NC,MQ1P,,EHZ,1,113.0,,272.0,,17.74671028536
nc73535596,NC,MCY,,EHZ,1,111.0,,282.2,,18.83642056604
nc73535596,NC,MINS,,HHZ,1,107.0,,283.7,,21.83868358424
nc73535596,NC,MDC,2.0,EHZ,1,106.0,,300.3,,22.59480908512
nc73535596,NC,MDPB,,HHZ,1,105.0,,277.0,,23.0173498062
nc73535596,NC,MRC,,EHZ,1,101.0,,75.0,,28.621574106840004
nc73535596,NC,MTU,2.0,EHZ,-1,97.0,,141.2,,36.26066556426
nc73535596,NC,MMI,,EHZ,1,89.0,,255.9,,84.26351537748
nc73535596,BK,TOLH,0.0,HHZ,1,87.0,,217.1,,91.46894662116
nc73535596,BK,HELL,0.0,HHZ,1,87.0,,189.9,,104.48987252602
nc73535596,NC,MCB,,HHZ,1,136.0,,301.4,,7.885944194472
nc73535596,NC,MCV,,EHZ,-1,166.0,,201.3,,2.083792924484
nc73535596,NC,MDR,2.0,EHZ,1,157.0,,338.2,,3.643857744682
nc73535596,NC,MHD,,EHZ,1,86.0,,240.5,,109.66043661292
nc73535596,NC,MLC,,EHZ,1,134.0,,273.5,,8.385209414906
nc73535596,NC,MLH,,EHZ,1,136.0,,3.5,,7.901511484196
nc73535596,NC,MMLB,,HHZ,1,116.0,,292.4,,15.122510017600002
nc73535596,NC,MMP,,EHZ,1,112.0,,270.8,,18.39164085964
nc73535596,NC,MMT,,EHZ,1,95.0,,231.0,,40.85301603284
nc73535696,NC,MMX1,,HN3,-1,153.0,,143.9,,2.851037918024
nc73535696,NC,MDY,,HHZ,1,146.0,,307.5,,3.698343258716
nc73535696,NC,MQ1P,,EHZ,-1,140.0,,233.3,,4.669074967934
nc73535696,NC,MMP,,EHZ,-1,135.0,,234.6,,5.397401737164
nc73535696,NC,MLC,,EHZ,-1,130.0,,117.1,,6.295856744092
nc73535696,NC,MCS,,EHZ,1,127.0,,73.6,,6.720621363704001
nc73535696,NC,MDH,,HNZ,1,122.0,,52.9,,7.734719094296
nc73535696,NC,MDH1,1.0,DP1,-1,122.0,,52.9,,7.734719094296
nc73535696,NC,MDPB,,HHZ,-1,118.0,,266.0,,8.895594128
nc73535696,NC,MDC,2.0,EHZ,1,114.0,,325.2,,9.72399633117
nc73535696,NC,MCO,,EHZ,-1,112.0,,101.6,,10.442315557006
nc73535696,NC,MDR,2.0,EHZ,1,103.0,,89.9,,12.6206241691
nc73535696,NC,MCV,,EHZ,1,102.0,,111.9,,14.24407009746
nc73535696,NC,MCB,,HHZ,1,124.0,,84.2,,7.274372098172001
nc73535696,NC,MEM,,EHZ,1,140.0,,47.6,,4.656843526008
nc73535696,NC,MMLB,,HHZ,1,157.0,,359.5,,2.359556342452
nc73535716,NC,MQ1P,,EHZ,1,143.0,,336.0,,2.4462883852
nc73535716,NC,MMP,,EHZ,1,143.0,,319.0,,2.510781442628
nc73535716,NC,MLI,,HHZ,1,119.0,,351.9,,4.943726436636
nc73535716,NC,MMX1,,HN3,1,117.0,,58.4,,5.201698666348
nc73535716,NC,MCY,,EHZ,1,113.0,,343.2,,5.829950001638
nc73535716,NC,MDPB,,HHZ,1,105.0,,305.8,,7.537904074214
nc73535716,NC,MINS,,HHZ,1,103.0,,326.6,,8.137244728588
nc73535716,NC,MLC,,EHZ,1,101.0,,75.4,,8.638733847553999
nc73535716,NC,MDC,2.0,EHZ,1,90.0,,347.8,,13.2877937287
nc73535766,NC,MMX1,,HN3,1,173.0,,147.6,,0.7525672632288
nc73535766,NC,MQ1P,,EHZ,-1,137.0,,257.5,,5.152772898644
nc73535766,NC,MDY,,HHZ,1,134.0,,312.9,,5.752113553018
nc73535766,NC,MMP,,EHZ,-1,133.0,,255.6,,5.867756276682
nc73535766,NC,MCS,,EHZ,1,131.0,,55.3,,6.275841657304
nc73535766,NC,MDH,,HNZ,1,123.0,,37.7,,7.99491522254
nc73535766,NC,MCO,,EHZ,1,119.0,,92.7,,8.961199134693999
nc73535766,NC,MINS,,HHZ,1,118.0,,292.1,,9.192484582022
nc73535766,NC,MDR,2.0,EHZ,1,110.0,,81.5,,11.46419693246
nc73535766,NC,MDC,2.0,EHZ,1,109.0,,324.8,,11.82002069758
nc73535766,NC,MCV,,EHZ,1,105.0,,107.0,,12.48719025718
nc73535766,NC,MLH,,EHZ,-1,103.0,,64.7,,14.566535384600002
nc73535766,NC,MCB,,HHZ,1,130.0,,68.0,,6.42150701115
nc73535766,NC,MEM,,EHZ,1,137.0,,24.2,,5.263967825244
nc73535766,NC,MLC,,EHZ,1,142.0,,105.4,,4.4911630853740006
nc73535821,NP,1576,10.0,HNZ,1,110.0,,36.9,,13.1765988021
nc73535821,NC,MMX1,,HN3,-1,104.0,,326.9,,18.88089853668
nc73535821,NC,MQ1P,,EHZ,1,99.0,,314.3,,21.99435648148
nc73535821,NC,MDH,,HNZ,1,98.0,,345.7,,23.48436849792
nc73535821,NC,MDH1,1.0,DP1,1,98.0,,345.7,,23.48436849792
nc73535821,NC,MLI,,HHZ,-1,98.0,,319.4,,23.728997336440003
nc73535821,NC,MCY,,EHZ,-1,97.0,,318.7,,24.89654406574
nc73535821,NC,MDY,,HHZ,-1,97.0,,323.8,,25.25236783086
nc73535821,NC,MLM,,EHZ,1,94.0,,342.0,,29.5778504756
nc73535821,NC,MBS1,,EP1,1,93.0,,344.3,,33.01377370754
nc73535821,NP,1679,10.0,HNZ,1,91.0,,81.8,,42.43198399056
nc73535821,NP,1587,10.0,HNZ,-1,89.0,,77.1,,54.89693526242
nc73535821,BK,OVRO,0.0,HHZ,-1,89.0,,118.6,,56.50926169812
nc73535821,CI,TIN,,HHZ,1,88.0,,130.6,,71.64289120838
nc73535821,WR,FRI,,EHZ,-1,86.0,,235.2,,93.64836718252
nc73535821,NN,SJC,,EHZ,1,85.0,,331.9,,110.3609646505
nc73535821,BK,BUCR,0.0,HHZ,1,85.0,,281.2,,117.5330374162
nc73535821,NC,MGS,1.0,EHZ,1,85.0,,234.6,,117.6442323428
nc73535821,GS,MCA04,0.0,HHZ,1,84.0,,55.8,,120.2017156546
nc73535821,NN,WAK,,HHZ,-1,84.0,,335.7,,125.650267058
nc73535821,CI,CWC,,HHZ,-1,84.0,,149.3,,133.43391192
nc73535821,BK,MERC,0.0,HHZ,1,83.0,,266.7,,143.441455314
nc73535821,BK,WSRE,0.0,HHZ,-1,82.0,,222.2,,170.0170427714
nc73535821,CI,ASP,,EHZ,-1,81.0,,195.3,,185.5843324954
nc73535821,NC,PCE,1.0,EHZ,1,67.0,,219.0,,207.378538109
nc73535821,NC,CDG,1.0,EHZ,-1,51.0,,268.1,,216.274132237
nc73535821,BK,MTOS,0.0,HHZ,-1,49.0,,271.6,,219.8323698882
nc73535821,BK,HELL,0.0,HHZ,-1,87.0,,190.3,,89.64534982492
nc73535821,BK,LEGD,0.0,HHZ,1,84.0,,256.3,,119.3121562418
nc73535821,BK,TOLH,0.0,HHZ,1,87.0,,222.4,,78.8928004227
nc73535821,BK,WINE,0.0,HHZ,1,84.0,,226.9,,130.20925904860002
nc73535821,CI,MLAC,,HHZ,1,106.0,,1.9,,17.25745260832
nc73535821,NC,MCB,,HHZ,-1,103.0,,345.8,,19.42575367702
nc73535821,NC,MCO,,EHZ,-1,107.0,,353.6,,16.101025371680002
nc73535821,NC,MCS,,EHZ,-1,101.0,,344.5,,20.74897330356
nc73535821,NC,MCV,,EHZ,1,110.0,,5.3,,12.8430140223
nc73535821,NC,MDC,2.0,EHZ,-1,94.0,,326.2,,31.44592524248
nc73535821,NC,MDPB,,HHZ,1,96.0,,310.1,,27.253876509660003
nc73535821,NC,MDR,2.0,EHZ,1,105.0,,1.9,,18.11365354314
nc73535821,NC,MEM,,EHZ,-1,98.0,,338.1,,22.89503538694
nc73535821,NC,MHD,,EHZ,1,86.0,,247.2,,101.4097730592
nc73535821,NC,MINS,,HHZ,-1,96.0,,316.0,,27.6875367234
nc73535821,NC,MLC,,EHZ,-1,106.0,,337.3,,16.53468558542
nc73535821,NC,MLH,,EHZ,1,98.0,,6.1,,22.75048198236
nc73535821,NC,MMI,,EHZ,1,87.0,,265.9,,79.98251070338
nc73535821,NC,MMLB,,HHZ,-1,98.0,,329.6,,23.7401168291
nc73535821,NC,MMP,,EHZ,1,99.0,,312.5,,22.23898532
nc73535821,NC,MMT,,EHZ,1,94.0,,249.8,,31.77951002228
nc73535821,NC,MPR,,EHZ,1,85.0,,289.9,,109.68267559824
nc73535821,NC,MRC,,EHZ,1,92.0,,53.1,,36.96119360184
nc73535821,NN,LHV,,HHZ,1,86.0,,18.9,,91.179839812
nc73535831,NC,MCV,,EHZ,-1,109.0,,333.1,,21.59405474572
nc73535831,NC,MCO,,EHZ,-1,105.0,,330.5,,25.852820434500003
nc73535831,CI,MLAC,,HHZ,-1,105.0,,336.4,,25.88617891248
nc73535831,NC,MDR,2.0,EHZ,-1,104.0,,337.2,,26.67566289134
nc73535831,NC,MLC,,EHZ,-1,103.0,,321.4,,27.832090127980003
nc73535831,NC,MQ1P,,EHZ,-1,99.0,,309.3,,34.5260247093
nc73535831,NC,MDPB,,HHZ,-1,97.0,,307.1,,39.90785915674
nc73535831,NC,MINS,,HHZ,-1,97.0,,311.2,,40.13024900994
nc73535831,NC,MMT,,EHZ,1,97.0,,263.8,,41.10876436402
nc73535831,NC,MCB,,HHZ,-1,102.0,,328.2,,29.81135982146
nc73535831,NC,MLH,,EHZ,1,101.0,,343.7,,30.300617498500003
nc73535831,NC,MCS,,EHZ,-1,101.0,,328.1,,31.21241589662
nc73535841,NC,MCO,,EHZ,1,159.0,,104.2,,2.341765154196
nc73535841,NC,MLC,,EHZ,-1,156.0,,240.2,,2.704260614912
nc73535841,CI,MLAC,,HHZ,-1,141.0,,81.8,,4.693537851786
nc73535841,NC,MDR,2.0,EHZ,1,140.0,,71.7,,4.905920161592
nc73535841,NC,MCV,,EHZ,1,131.0,,125.9,,6.48266422078
nc73535841,NC,MMP,,EHZ,-1,106.0,,262.6,,12.46495127186
nc73535871,NC,MCB,,HHZ,-1,166.0,,326.3,,1.587863551848
nc73535871,NC,MCS,,EHZ,-1,155.0,,326.2,,2.993367424072
nc73535871,NC,MLC,,EHZ,1,152.0,,227.9,,3.381437717906
nc73535871,CI,MLAC,,HHZ,-1,144.0,,93.3,,4.490051136108
nc73535871,NC,MEM,,EHZ,-1,135.0,,308.7,,5.974503406218
nc73535871,NC,MMX1,,HN3,1,131.0,,255.1,,6.66057610334
nc73535871,NC,MCV,,EHZ,-1,130.0,,132.9,,6.943011216904001
nc73535871,NC,MQ1P,,EHZ,1,108.0,,259.6,,12.07576902876
nc73535871,NC,MMP,,EHZ,1,107.0,,258.6,,12.77629706634
nc73535871,NC,MBS1,,EP1,1,105.0,,340.5,,15.14474900292
nc73535871,NC,MINS,,HHZ,1,105.0,,278.8,,15.54505073868
nc73535871,NC,MDPB,,HHZ,1,103.0,,270.0,,16.99058478448
nc73535871,NC,MMT,,EHZ,1,91.0,,222.3,,38.48456409626
nc73535871,NC,MCO,,EHZ,-1,158.0,,125.5,,2.587505941982
nc73535871,NC,MDR,2.0,EHZ,-1,143.0,,82.3,,4.538976903812
nc73538130,NC,MCV,,EHZ,1,110.0,,5.0,,13.05428438284
nc73538130,NP,1576,10.0,HNZ,1,110.0,,36.2,,13.33227169934
nc73538130,NC,MCO,,EHZ,-1,107.0,,353.6,,16.32341522488
nc73538130,NC,MLC,,EHZ,-1,107.0,,337.4,,16.75707543862
nc73538130,NC,MDR,2.0,EHZ,1,105.0,,1.7,,18.33604339634
nc73538130,NC,MMX1,,HN3,1,104.0,,327.2,,19.09216889722
nc73538130,NC,MCB,,HHZ,1,104.0,,345.8,,19.64814353022
nc73538130,NC,MQ1P,,EHZ,1,100.0,,314.6,,22.1833878567
nc73538130,NC,MMP,,EHZ,1,99.0,,312.8,,22.41689720256
nc73538130,NC,MLH,,EHZ,1,99.0,,6.0,,22.9617523429
nc73538130,NC,MDH,,HNZ,1,99.0,,345.7,,23.70675835112
nc73538130,NC,MINS,,HHZ,1,96.0,,316.3,,27.87656809862
nc73538130,NC,MTU,2.0,EHZ,1,96.0,,118.3,,28.04336048852
nc73538130,NC,MDC,2.0,EHZ,1,94.0,,326.3,,31.65719560302
nc73538130,NC,MBS1,,EP1,1,94.0,,344.3,,33.2472830534
nc73538130,NC,MCD,,EHZ,1,92.0,,76.5,,36.23842657894
nc73538130,NC,MFB,,EHZ,1,92.0,,97.4,,36.88335715322
nc73538130,NC,MRC,,EHZ,1,92.0,,52.8,,37.06126903578
nc73538130,BK,TOLH,0.0,HHZ,1,87.0,,222.6,,78.75936651078001
nc73538130,NC,MMI,,EHZ,1,87.0,,266.0,,80.01586918136
nc73538130,BK,HELL,0.0,HHZ,-1,87.0,,190.4,,89.43407946438
nc73538130,NC,MPR,,EHZ,1,85.0,,290.0,,109.79387052484
nc73538130,BK,BUCR,0.0,HHZ,-1,85.0,,281.3,,117.6442323428
nc73538130,NC,MDPB,,HHZ,1,96.0,,310.4,,27.43178839222
nc73538130,NC,MMT,,EHZ,1,94.0,,250.2,,31.7461515443
nc73538140,NC,MCV,,EHZ,-1,140.0,,1.8,,7.332193460004
nc73538140,NC,MCO,,EHZ,-1,127.0,,345.4,,10.900438654598
nc73538140,NC,MLC,,EHZ,-1,121.0,,323.1,,12.253680911320002
nc73538140,NC,MDR,2.0,EHZ,-1,120.0,,358.3,,12.65398264708
nc73538140,NC,MMX1,,HN3,-1,117.0,,312.6,,15.32266088548
nc73538140,NC,MQ1P,,EHZ,-1,112.0,,300.6,,19.43687316968
nc73538140,NC,MINS,,HHZ,-1,105.0,,305.6,,24.8520660951
nc73538140,NC,MDC,2.0,EHZ,-1,103.0,,318.2,,27.73201469404
nc73538140,NC,MTU,2.0,EHZ,-1,101.0,,128.6,,30.40069293244
nc73538140,NC,MMT,,EHZ,1,98.0,,241.9,,34.892967967080004
nc73538180,NC,MCV,,EHZ,1,100.0,,10.9,,12.309278374620002
nc73538180,NC,MLC,,EHZ,1,98.0,,340.2,,15.456094797400002
nc73538180,NC,MMT,,EHZ,1,82.0,,247.9,,30.95666756544
nc73538390,NC,MCV,,EHZ,-1,134.0,,9.8,,7.23322997533
nc73538390,NC,MCO,,EHZ,-1,122.0,,350.5,,10.487905476912
nc73538390,NC,MLC,,EHZ,-1,119.0,,326.5,,11.49755541044
nc73538390,NC,MDR,2.0,EHZ,-1,114.0,,2.9,,12.46495127186
nc73538390,NC,MMX1,,HN3,-1,112.0,,314.7,,14.44422096534
nc73538390,NC,MCS,,EHZ,1,111.0,,339.0,,15.35601936346
nc73538390,NC,MQ1P,,EHZ,-1,108.0,,301.7,,18.458357815600003
nc73538390,NC,MINS,,HHZ,-1,101.0,,306.6,,23.906909219
nc73538390,NC,MDPB,,HHZ,-1,101.0,,299.7,,23.973626174960003
nc73538390,NC,MDC,2.0,EHZ,-1,99.0,,319.5,,26.9091722372
nc73538390,NC,MMT,,EHZ,1,95.0,,240.8,,34.10348398822
nc73538510,NP,1679,10.0,HNZ,1,122.0,,83.5,,15.50057276804
nc73538510,NP,1589,10.0,HNZ,-1,109.0,,131.8,,25.28572630884
nc73538510,NC,MCV,,EHZ,1,107.0,,288.9,,26.83133578858
nc73538510,NP,1587,10.0,HNZ,1,106.0,,73.5,,28.0767189665
nc73538510,NC,MDH1,1.0,DP1,1,100.0,,300.0,,37.372614830260005
nc73538510,NC,MMX1,,HN3,1,100.0,,287.7,,38.72919293478
nc73538510,NC,MQ1P,,EHZ,1,98.0,,284.9,,43.82192057306
nc73538510,NC,MMP,,EHZ,1,98.0,,284.3,,44.37789520606
nc73538510,NC,MINS,,HHZ,1,96.0,,289.1,,48.4809879976
nc73538510,NC,MDC,2.0,EHZ,1,96.0,,296.6,,49.30383045444
nc73538510,NC,MMT,,EHZ,1,94.0,,255.1,,58.45517291362
nc73538510,BK,TOLH,0.0,HHZ,1,88.0,,232.1,,101.38753407388
nc73538510,BK,HELL,0.0,HHZ,-1,88.0,,204.9,,101.78783580964
nc73538510,NC,MMI,,EHZ,1,88.0,,264.8,,106.8583244626
nc73538510,NC,MHD,,EHZ,-1,86.0,,250.2,,127.7629706634
nc73538510,NC,MPR,,EHZ,1,86.0,,284.5,,133.87869162639998
nc73538510,BK,BUCR,0.0,HHZ,1,85.0,,277.7,,143.1078705342
nc73538510,CI,MLAC,,HHZ,1,105.0,,296.9,,29.11083178388
nc73538510,NC,MCB,,HHZ,1,102.0,,295.2,,34.6372196359
nc73538510,NC,MCD,,EHZ,1,136.0,,65.4,,9.552756144206
nc73538510,NC,MCO,,EHZ,1,104.0,,292.8,,30.75651669756
nc73538510,NC,MCS,,EHZ,1,101.0,,296.4,,35.849244335840005
nc73538510,NC,MDPB,,HHZ,1,96.0,,285.9,,49.33718893242
nc73538510,NC,MDR,2.0,EHZ,1,105.0,,298.4,,29.50001402698
nc73538510,NC,MDY,,HHZ,1,98.0,,291.5,,44.60028505926
nc73538510,NC,MEM,,EHZ,1,100.0,,296.1,,39.0850166999
nc73538510,NC,MFB,,EHZ,1,124.0,,132.8,,13.57690053786
nc73538510,NC,MLC,,EHZ,1,102.0,,288.7,,34.82625101112
nc73538510,NC,MLH,,EHZ,1,104.0,,307.6,,30.37845394712
nc73538510,NC,MMLB,,HHZ,1,99.0,,293.1,,41.93160682086
nc73538510,NC,MRC,,EHZ,-1,118.0,,9.6,,18.1803704991
nc73538510,NC,MTU,2.0,EHZ,-1,119.0,,186.2,,17.76894927068
nc73538530,NC,MCV,,EHZ,-1,150.0,,165.3,,1.985941389076
nc73538530,NC,MCO,,EHZ,1,140.0,,297.6,,2.7998882517880004
nc73538530,NC,MDR,2.0,EHZ,-1,133.0,,358.5,,3.400340855428
nc73538530,NC,MCB,,HHZ,1,108.0,,307.1,,6.8473835800280005
nc73538530,NC,MLC,,EHZ,1,107.0,,274.3,,7.124258947262001
nc73538550,NP,1576,10.0,HNZ,1,126.0,,64.6,,7.465627371924
nc73538550,NC,MMX1,,HN3,-1,104.0,,306.4,,14.310787053420002
nc73538550,NC,MDH,,HNZ,1,101.0,,335.6,,16.94610681384
nc73538550,NC,MDH1,1.0,DP1,1,101.0,,335.6,,16.94610681384
nc73538550,NC,MEM,,EHZ,-1,101.0,,325.0,,16.99058478448
nc73538550,NC,MQ1P,,EHZ,-1,99.0,,295.3,,18.75858411742
nc73538550,NC,MMP,,EHZ,-1,99.0,,293.6,,19.214483316480003
nc73538550,NC,MINS,,HHZ,-1,92.0,,301.7,,24.00698465294
nc73538550,NC,MMT,,EHZ,1,91.0,,239.5,,36.00491723308
nc73538550,BK,HELL,0.0,HHZ,-1,85.0,,190.2,,97.0731709218
nc73538550,WR,FRI,,EHZ,1,85.0,,232.1,,98.94124568868
nc73538550,NC,MPR,,EHZ,1,85.0,,286.1,,108.55960683958
nc73538550,BK,BUCR,0.0,HHZ,1,84.0,,277.6,,117.5330374162
nc73538550,CI,CWC,,HHZ,1,83.0,,151.3,,139.2160481032
nc73538550,CI,SPG2,,HHZ,-1,83.0,,177.8,,148.8900067174
nc73538550,BK,TOLH,0.0,HHZ,1,86.0,,219.7,,85.19755276092
nc73538550,BK,WINE,0.0,HHZ,-1,83.0,,225.0,,136.1025901584
nc73538550,CI,MLAC,,HHZ,-1,115.0,,356.5,,9.937490590242
nc73538550,NC,MCB,,HHZ,-1,105.0,,332.6,,12.954208948900002
nc73538550,NC,MCD,,EHZ,1,90.0,,88.5,,34.11460348088
nc73538550,NC,MCO,,EHZ,-1,118.0,,341.1,,9.174693393766
nc73538550,NC,MCS,,EHZ,-1,104.0,,332.0,,14.35526502406
nc73538550,NC,MCV,,EHZ,-1,136.0,,0.1,,5.460782845326
nc73538550,NC,MDC,2.0,EHZ,-1,90.0,,315.1,,26.53110948676
nc73538550,NC,MDPB,,HHZ,-1,91.0,,294.8,,24.318330447420003
nc73538550,NC,MDR,2.0,EHZ,-1,113.0,,356.9,,10.79702737286
nc73538550,NC,MDY,,HHZ,-1,96.0,,309.0,,20.74897330356
nc73538550,NC,MHD,,EHZ,1,85.0,,243.8,,105.5239853434
nc73538550,NC,MLC,,EHZ,-1,112.0,,316.3,,10.976051204686
nc73538550,NC,MLH,,EHZ,-1,103.0,,4.7,,15.33378037814
nc73538550,NC,MMI,,EHZ,1,86.0,,260.8,,82.01737786016001
nc73538550,NC,MMLB,,HHZ,-1,99.0,,314.9,,18.64738919082
nc73538550,NC,MRC,,EHZ,1,90.0,,62.4,,32.04637784612
nc73538550,NC,MTU,2.0,EHZ,-1,90.0,,131.6,,31.423686257160004
nc73538621,NC,MFB,,EHZ,-1,122.0,,134.2,,15.33378037814
nc73538621,NC,MCV,,EHZ,-1,109.0,,286.5,,25.39692123544
nc73538621,NC,MCO,,EHZ,-1,105.0,,291.0,,29.25538518846
nc73538621,NC,MCB,,HHZ,1,103.0,,293.7,,33.091610156159994
nc73538621,NC,MLC,,EHZ,1,103.0,,286.9,,33.39183645798
nc73538621,NC,MMP,,EHZ,-1,98.0,,282.7,,43.0324365942
nc73538621,NC,MBS1,,EP1,1,98.0,,307.4,,43.3104239107
nc73538621,NC,MMT,,EHZ,1,94.0,,253.5,,57.85472030998
nc73538621,NC,MMI,,EHZ,-1,88.0,,264.0,,105.9687650498
nc73538621,NC,MHD,,EHZ,-1,86.0,,249.5,,127.318190957
nc73538621,NC,MPR,,EHZ,1,86.0,,284.0,,132.5443525072
nc73538626,NC,MFB,,EHZ,1,98.0,,119.7,,17.24633311566
nc73538626,NC,MTU,2.0,EHZ,-1,97.0,,169.7,,17.26857210098
nc73538626,NC,MLH,,EHZ,1,84.0,,315.2,,27.06484513444
nc73538626,NC,MLC,,EHZ,1,82.0,,293.0,,30.37845394712
nc73538626,NC,MMX1,,HN3,-1,81.0,,291.3,,34.22579840748
nc73538626,NC,MMT,,EHZ,1,80.0,,254.4,,53.440281723960005
nc73538626,NC,MHD,,EHZ,1,79.0,,249.7,,122.7591989664
nc73538626,NC,MPR,,EHZ,1,79.0,,285.3,,129.2085047092
nc73538626,NC,MCV,,EHZ,-1,91.0,,294.7,,22.41689720256
nc73538626,CI,MLAC,,HHZ,-1,94.0,,303.4,,25.10781442628
nc73538626,NC,MDR,2.0,EHZ,1,85.0,,305.1,,25.58595261066
nc73538626,NC,MCO,,EHZ,1,84.0,,298.4,,26.5199899941
nc73538626,NC,MCB,,HHZ,-1,82.0,,300.4,,30.51188785904
nc73538626,NC,MEM,,EHZ,1,80.0,,300.7,,34.99304340102
nc73538626,NC,MBS1,,EP1,-1,80.0,,313.0,,41.6425000117
nc73538626,NC,MDPB,,HHZ,1,80.0,,288.4,,44.74483846384
nc73538626,NC,MDC,2.0,EHZ,-1,80.0,,300.2,,45.21185715556
nc73538626,NC,MMI,,EHZ,-1,79.0,,264.9,,101.81007479496
nc73538626,BK,BUCR,0.0,HHZ,-1,79.0,,278.2,,138.3264886904
nc73538646,CI,MLAC,,HHZ,-1,157.0,,78.1,,2.89662783793
nc73538646,NC,MDR,2.0,EHZ,1,155.0,,62.8,,3.201301936814
nc73538646,NC,MCB,,HHZ,1,154.0,,310.8,,3.334735848734
nc73538646,NC,MLC,,EHZ,-1,146.0,,251.2,,4.3933115499660005
nc73538646,NC,MCV,,EHZ,-1,141.0,,138.4,,5.179459681028001
nc73538646,NC,MLH,,EHZ,1,129.0,,38.1,,7.590165689716001
nc73538646,NC,MMP,,EHZ,1,108.0,,263.3,,14.277428575439998
nc73538760,NC,MDR,2.0,EHZ,-1,158.0,,129.8,,1.9459112155
nc73538760,CI,MLAC,,HHZ,1,152.0,,145.0,,2.575274500056
nc73538760,NC,MCO,,EHZ,1,143.0,,194.9,,3.467057811388
nc73538760,NC,MCB,,HHZ,1,139.0,,262.2,,3.91962116265
nc73538760,NC,MLH,,EHZ,1,134.0,,45.6,,4.670186917200001
nc73538760,NC,MCS,,EHZ,1,134.0,,277.8,,4.713552938574
nc73538760,NC,MLC,,EHZ,1,120.0,,233.2,,6.878518159476
nc73538760,NC,MBS1,,EP1,-1,97.0,,327.1,,14.82228371578
nc73538760,NC,MMP,,EHZ,1,97.0,,254.2,,16.13438384966
nc73538770,NC,MDR,2.0,EHZ,-1,164.0,,119.9,,1.35101835819
nc73538770,NC,MCB,,HHZ,1,135.0,,270.6,,4.207616022544
nc73538770,NC,MLC,,EHZ,1,118.0,,238.7,,6.826256543974
nc73538810,NC,MQ1P,,EHZ,1,155.0,,336.5,,1.910328838988
nc73538810,NC,MLI,,HHZ,1,130.0,,354.0,,4.4377895206060005
nc73538810,NC,MMX1,,HN3,1,124.0,,64.3,,5.178347731762
nc73538810,NC,MDPB,,HHZ,1,113.0,,303.7,,7.070885382494
nc73538810,NC,MMLB,,HHZ,1,111.0,,23.2,,7.503433646968
nc73538810,NC,MLC,,EHZ,1,107.0,,78.9,,8.76216021608
nc73538810,NC,MEM,,EHZ,1,103.0,,39.9,,10.007543394
nc73538810,NC,MCS,,EHZ,1,99.0,,55.6,,11.41971896182
nc73538810,NC,MCO,,EHZ,1,93.0,,79.4,,13.44346662594
nc73538810,NC,MCV,,EHZ,1,94.0,,92.7,,16.2344592836
nc73538810,NC,MDR,2.0,EHZ,1,94.0,,73.6,,16.25669826892
nc73538810,NC,MLH,,EHZ,1,85.0,,62.4,,19.65926302288
nc73538810,NC,MPR,,EHZ,-1,73.0,,285.0,,91.26879575328
nc73538810,NC,MCB,,HHZ,1,98.0,,62.6,,11.49755541044
nc73538810,NC,MMP,,EHZ,1,154.0,,315.0,,1.999284780268
nc73538815,NC,MQ1P,,EHZ,1,152.0,,240.6,,1.63456542102
nc73538815,NC,MMP,,EHZ,1,140.0,,241.1,,2.371787784378
nc73538815,NC,MDPB,,HHZ,1,103.0,,281.8,,6.689486784256
nc73538815,NC,MLC,,EHZ,1,99.0,,96.3,,7.984907679146
nc73538815,NC,MCO,,EHZ,1,90.0,,90.5,,12.55390721314
nc73538881,NC,MCV,,EHZ,-1,113.0,,11.3,,14.55541589194
nc73538881,NC,MLC,,EHZ,-1,110.0,,344.2,,17.379767027579998
nc73538881,NC,MCO,,EHZ,-1,110.0,,359.6,,17.47984246152
nc73538881,CI,MLAC,,HHZ,1,108.0,,6.8,,18.85865955136
nc73538881,NC,MMX1,,HN3,-1,108.0,,333.4,,19.33679773574
nc73538881,NC,MDR,2.0,EHZ,-1,107.0,,6.6,,19.71486048618
nc73538881,NC,MCB,,HHZ,1,106.0,,351.3,,20.53770294302
nc73538881,NC,MQ1P,,EHZ,-1,104.0,,320.1,,21.93875901818
nc73538881,NC,MMP,,EHZ,-1,104.0,,318.2,,22.11667090074
nc73538881,NC,MLH,,EHZ,-1,102.0,,9.6,,24.44064486668
nc73538881,NC,MDPB,,HHZ,-1,100.0,,314.7,,27.0203671638
nc73538881,NC,MINS,,HHZ,-1,100.0,,320.6,,27.67641723074
nc73538881,NC,MMT,,EHZ,1,98.0,,251.4,,29.72240388018
nc73538881,NC,MDC,2.0,EHZ,-1,97.0,,330.1,,31.823987992920003
nc73538881,NC,MBS1,,EP1,-1,96.0,,347.6,,34.04788652492
nc73538885,NC,MLH,,EHZ,1,170.0,,356.1,,0.8216193126474
nc73538885,NC,MDR,2.0,EHZ,-1,137.0,,207.2,,4.14757076218
nc73538885,CI,MLAC,,HHZ,1,131.0,,202.8,,4.935942791774
nc73538885,NC,MCO,,EHZ,1,118.0,,216.4,,7.208767091478
nc73538885,NC,MDH1,1.0,DP1,1,113.0,,276.6,,8.390769161236
nc73538885,NC,MCV,,EHZ,1,110.0,,188.2,,9.100192792944
nc73538885,NC,MLC,,EHZ,1,104.0,,233.6,,11.062783247434
nc73538885,NC,MEM,,EHZ,-1,104.0,,267.1,,11.082798334222
nc73538885,NC,MMP,,EHZ,1,85.0,,250.2,,20.11516222194
nc73538885,NC,MDC,2.0,EHZ,-1,85.0,,282.1,,20.52658345036
nc73538885,NC,MDPB,,HHZ,1,84.0,,259.6,,23.78459479974
nc73538991,NC,MCB,,HHZ,-1,171.0,,333.2,,1.563400667996
nc73538991,NC,MLC,,EHZ,-1,163.0,,226.7,,3.201301936814
nc73538991,CI,MLAC,,HHZ,1,156.0,,92.2,,4.663515221604
nc73538991,NC,MDR,2.0,EHZ,-1,155.0,,81.7,,4.723560481968
nc73538991,NC,MCV,,EHZ,-1,146.0,,131.4,,7.025295462588
nc73538991,NC,MLH,,EHZ,1,141.0,,51.4,,8.330723900872
nc73539060,NC,MMP,,EHZ,1,136.0,,329.2,,3.75838851908
nc73539060,NC,MQ1P,,EHZ,1,136.0,,340.4,,3.787299199996
nc73539060,NC,MMX1,,HN3,-1,122.0,,45.6,,5.801039320722
nc73539060,NC,MCY,,EHZ,1,114.0,,344.2,,7.186528106158001
nc73539060,NC,MDPB,,HHZ,1,108.0,,312.0,,8.592031978382002
nc73539060,NC,MLC,,EHZ,-1,108.0,,66.5,,8.80663818672
nc73539060,NC,MDC,2.0,EHZ,1,94.0,,347.9,,14.65549132588
nc73539060,NC,MCV,,EHZ,1,94.0,,86.1,,15.7340821139
nc73539135,NC,MCV,,EHZ,1,109.0,,4.8,,14.37750400938
nc73539135,NC,MCO,,EHZ,-1,106.0,,354.2,,17.624395866100002
nc73539135,NC,MLC,,EHZ,-1,105.0,,339.2,,17.9579806459
nc73539135,NC,MMP,,EHZ,-1,99.0,,315.3,,23.28421763004
nc73539165,NC,MCV,,EHZ,1,97.0,,7.4,,12.631743661760002
nc73539165,NC,MCO,,EHZ,-1,96.0,,355.1,,15.80079906986
nc73539165,NC,MLC,,EHZ,-1,96.0,,338.4,,16.123264357
nc73539165,NC,MDR,2.0,EHZ,1,95.0,,3.3,,17.88014419728
nc73539165,NC,MCB,,HHZ,1,95.0,,346.9,,19.05881041924
nc73539165,NC,MLH,,EHZ,-1,86.0,,7.3,,22.53921162182
nc73539165,NC,MTU,2.0,EHZ,1,80.0,,118.7,,28.69941055546
nc73539165,NC,MMT,,EHZ,1,79.0,,249.1,,31.45704473514
nc73539216,NC,MFB,,EHZ,1,93.0,,74.2,,15.97871095242
nc73539216,NC,MCO,,EHZ,-1,75.0,,318.0,,34.2480373928
nc73539216,NC,MDR,2.0,EHZ,-1,75.0,,323.3,,34.34811282674
nc73539216,NC,MLC,,EHZ,-1,74.0,,311.9,,37.00567157248
nc73539216,NP,1589,10.0,HNZ,-1,82.0,,97.7,,24.507361822640004
nc73539216,NP,1679,10.0,HNZ,1,81.0,,53.6,,25.80834246386
nc73539216,NC,MCB,,HHZ,1,73.0,,317.5,,38.35113018434
nc73539216,NC,MCS,,EHZ,-1,73.0,,317.8,,39.74106676684
nc73539216,NC,MDC,2.0,EHZ,-1,73.0,,312.6,,52.55072231116
nc73539216,BK,HELL,0.0,HHZ,-1,72.0,,205.4,,87.25465890302
nc73539216,BK,TOLH,0.0,HHZ,1,72.0,,236.9,,89.14497265522
nc73539251,NC,MTU,2.0,EHZ,1,116.0,,149.2,,14.14399466352
nc73539251,NC,MFB,,EHZ,1,109.0,,100.9,,19.50359012564
nc73539251,NC,MCV,,EHZ,1,106.0,,311.2,,21.54957677508
nc73539251,CI,MLAC,,HHZ,1,103.0,,318.0,,25.10781442628
nc73539251,NC,MDR,2.0,EHZ,1,102.0,,319.3,,25.7416255079
nc73539251,NC,MCO,,EHZ,1,102.0,,312.3,,25.91953739046
nc73539251,NC,MLH,,EHZ,1,100.0,,328.2,,28.276869834380005
nc73539251,NC,MLC,,EHZ,1,100.0,,305.0,,29.066353813240003
nc73539251,NC,MCB,,HHZ,1,99.0,,312.4,,30.022630182000004
nc73539251,NC,MCS,,EHZ,1,98.0,,313.1,,31.39032777918
nc73539251,NP,1589,10.0,HNZ,1,99.0,,112.0,,30.245020035200003
nc73539251,NC,MMX1,,HN3,1,98.0,,301.9,,32.669069435080004
nc73539251,NC,MEM,,EHZ,1,97.0,,311.2,,34.45930775334
nc73539251,NC,MQ1P,,EHZ,1,96.0,,296.9,,37.18358345504
nc73539251,NC,MCY,,EHZ,1,95.0,,300.8,,39.38524300172
nc73539251,NC,MINS,,HHZ,1,94.0,,300.3,,42.4208644979
nc73539251,NC,MDC,2.0,EHZ,-1,94.0,,308.3,,44.48909013266
nc73539315,NC,MCO,,EHZ,1,116.0,,305.6,,20.28195461184
nc73539315,NC,MCD,,EHZ,1,115.0,,79.2,,20.92688518612
nc73539315,NC,MRC,,EHZ,1,112.0,,39.7,,23.26197864472
nc73539315,NC,MLC,,EHZ,1,111.0,,297.7,,23.82907277038
nc73539315,NC,MCB,,HHZ,1,111.0,,307.0,,24.36280841806
nc73539315,NC,MMX1,,HN3,-1,108.0,,294.9,,27.60970027478
nc73539315,NC,MEM,,EHZ,-1,107.0,,306.3,,28.83284446738
nc73539315,NC,MMP,,EHZ,1,104.0,,289.2,,32.95817624424
nc73539315,NC,MBS1,,EP1,1,102.0,,319.5,,36.32738252022
nc73539315,NC,MMT,,EHZ,-1,98.0,,251.2,,47.0910514151
nc73539315,CI,MLAC,,HHZ,1,118.0,,312.8,,19.214483316480003
nc73539315,NC,MCV,,EHZ,1,123.0,,302.4,,16.00094993774
nc73539315,NC,MDR,2.0,EHZ,1,117.0,,314.7,,19.7926969348
nc73539315,NC,MTU,2.0,EHZ,-1,116.0,,150.7,,20.35979106046
nc73539350,NC,MCV,,EHZ,-1,99.0,,11.2,,12.97644793422
nc73539350,NC,MLC,,EHZ,-1,98.0,,341.6,,16.0120694304
nc73539350,NC,MTU,2.0,EHZ,1,82.0,,117.5,,29.39993859304
nc73539350,NC,MMT,,EHZ,1,81.0,,248.9,,30.54524633702
nc73539350,NC,MCO,,EHZ,1,98.0,,358.4,,15.9564719671
nc73539350,NC,MDR,2.0,EHZ,-1,96.0,,6.1,,18.15813151378
nc73539350,NC,MMP,,EHZ,-1,94.0,,314.8,,21.22711148794
nc73539361,NC,MDY,,HHZ,-1,109.0,,129.7,,1.909216889722
nc73539361,NC,MCY,,EHZ,-1,97.0,,180.5,,2.8944039393980003
nc73539361,NC,MLI,,HHZ,1,93.0,,165.0,,3.706126903578
nc73539361,NC,MDPB,,HHZ,-1,89.0,,227.5,,6.042332311444
nc73539361,NC,MQ1P,,EHZ,1,89.0,,173.9,,6.275841657304
nc73539361,NC,MMP,,EHZ,-1,89.0,,179.9,,6.581627705454
nc73539436,NC,MCV,,EHZ,-1,105.0,,8.0,,11.3418825132
nc73539436,NC,MCO,,EHZ,-1,98.0,,354.5,,14.5109379213
nc73539436,NC,MLC,,EHZ,-1,97.0,,336.4,,14.94459813504
nc73539436,NC,MDR,2.0,EHZ,-1,97.0,,3.4,,16.579163556060003
nc73539436,NC,MMT,,EHZ,1,80.0,,247.0,,31.97966089016
nc73539485,NC,MCV,,EHZ,1,133.0,,32.4,,6.6950465305860005
nc73539485,NC,MCO,,EHZ,-1,124.0,,3.9,,8.881138787542
nc73539485,NC,MLC,,EHZ,-1,123.0,,333.7,,9.037923634048
nc73539485,CI,MLAC,,HHZ,-1,118.0,,16.4,,10.53571929535
nc73539485,NC,MDR,2.0,EHZ,-1,116.0,,15.2,,11.36412149852
nc73539485,NC,MCS,,EHZ,-1,110.0,,346.2,,13.2321962654
nc73539485,NC,MLH,,EHZ,-1,107.0,,17.3,,16.212220298280002
nc73539485,NC,MDC,2.0,EHZ,-1,98.0,,321.4,,24.27385247678
nc73539485,NC,MMT,,EHZ,1,93.0,,236.5,,32.84698131764
nc73539560,NC,MCS,,EHZ,-1,158.0,,351.4,,1.725745260832
nc73539560,NC,MLC,,EHZ,1,142.0,,199.8,,3.232436516262
nc73539560,NC,MEM,,EHZ,1,132.0,,312.2,,4.394423499232
nc73539560,NC,MDH1,1.0,DP1,-1,131.0,,353.3,,4.498946730236001
nc73539560,NC,MMX1,,HN3,1,123.0,,243.6,,5.606448199172
nc73539560,NC,MCV,,EHZ,-1,109.0,,130.2,,8.516419428294
nc73539560,NC,MQ1P,,EHZ,-1,102.0,,254.1,,10.872639922948
nc73539560,NC,MMT,,EHZ,1,75.0,,219.9,,38.1398598238
nc73539560,CI,MLAC,,HHZ,-1,121.0,,100.0,,5.985622898878001
nc73539560,NC,MCB,,HHZ,-1,170.0,,44.1,,0.7585717892652
nc73539560,NC,MCO,,EHZ,-1,133.0,,123.0,,4.193160682086
nc73539560,NC,MDR,2.0,EHZ,-1,121.0,,91.6,,5.913346196588
nc73539560,NC,MMP,,EHZ,1,99.0,,253.4,,11.59763084438
nc73539570,NC,MCV,,EHZ,-1,113.0,,6.5,,12.16472497004
nc73539570,NC,MCO,,EHZ,-1,110.0,,354.1,,15.37825834878
nc73539570,NC,MLC,,EHZ,-1,110.0,,336.9,,15.81191856252
nc73539570,NC,MDR,2.0,EHZ,1,108.0,,2.6,,17.42424499822
nc73539570,NC,MMP,,EHZ,-1,102.0,,311.5,,21.6274132237
nc73539570,NC,MTU,2.0,EHZ,-1,97.0,,119.7,,28.6882910628
nc73539570,NC,MMT,,EHZ,1,95.0,,248.5,,31.84622697824
nc73539626,NC,MCV,,EHZ,-1,142.0,,2.1,,6.075690789424001
nc73539626,NC,MCO,,EHZ,-1,127.0,,343.5,,9.688413954658
nc73539626,CI,MLAC,,HHZ,1,124.0,,357.9,,10.536831244616
nc73539626,NC,MLC,,EHZ,-1,122.0,,319.2,,11.27516555724
nc73539626,NC,MDR,2.0,EHZ,-1,121.0,,358.1,,11.3974799765
nc73539626,NC,MCB,,HHZ,1,115.0,,334.7,,13.41010814796
nc73539626,NC,MCS,,EHZ,-1,114.0,,333.9,,14.80004473046
nc73539626,NC,MLH,,EHZ,1,112.0,,5.3,,15.96759145976
nc73539626,NC,MBS1,,EP1,1,100.0,,338.4,,26.9647697005
nc73539650,NP,1576,10.0,HNZ,-1,125.0,,33.1,,14.93347864238
nc73539650,NC,MMX1,,HN3,-1,117.0,,330.5,,20.448747001740003
nc73539650,NC,MLI,,HHZ,1,111.0,,322.8,,25.11893391894
nc73539650,NC,MDH,,HNZ,-1,111.0,,347.3,,25.3524432648
nc73539650,NC,MDH1,1.0,DP1,1,111.0,,347.3,,25.3524432648
nc73539650,NC,MFB,,EHZ,1,102.0,,94.7,,36.98343258716
nc73539650,WR,FRI,,EHZ,1,90.0,,236.2,,92.33626704864
nc73539650,NC,MHD,,EHZ,1,88.0,,248.2,,100.44237719778
nc73539650,BK,BUCR,0.0,HHZ,1,87.0,,282.2,,117.7554272694
nc73539650,BK,HELL,0.0,HHZ,-1,90.0,,190.4,,87.65496063878
nc73539650,BK,LIND,0.0,HHZ,-1,87.0,,188.8,,123.982343159
nc73539650,BK,TOLH,0.0,HHZ,1,91.0,,223.3,,77.29159347966001
nc73539650,CI,CWC,,HHZ,-1,86.0,,148.8,,131.8771829476
nc73539650,CI,MLAC,,HHZ,-1,119.0,,2.4,,19.2367223018
nc73539650,CI,SPG2,,HHZ,1,85.0,,177.1,,139.6608278096
nc73539650,NC,MCB,,HHZ,-1,115.0,,347.7,,21.2938284439
nc73539650,NC,MCD,,EHZ,1,102.0,,73.9,,36.96119360184
nc73539650,NC,MCO,,EHZ,-1,120.0,,355.1,,18.04693658718
nc73539650,NC,MCS,,EHZ,-1,113.0,,346.4,,22.60592857778
nc73539650,NC,MCV,,EHZ,-1,125.0,,5.5,,14.83340320844
nc73539650,NC,MCY,,EHZ,-1,110.0,,322.0,,26.26424166292
nc73539650,NC,MDC,2.0,EHZ,-1,104.0,,328.4,,32.99153472222
nc73539650,NC,MDR,2.0,EHZ,-1,117.0,,2.4,,20.10404272928
nc73539650,NC,MDY,,HHZ,-1,109.0,,326.7,,26.7423798473
nc73539650,NC,MEM,,EHZ,-1,111.0,,340.3,,24.66303471988
nc73539650,NC,MINS,,HHZ,-1,107.0,,319.1,,28.98851736462
nc73539650,NC,MLC,,EHZ,-1,120.0,,340.3,,18.2915654257
nc73539650,NC,MMI,,EHZ,1,91.0,,267.3,,79.62668693826
nc73539650,NC,MMLB,,HHZ,-1,111.0,,332.4,,25.3524432648
nc73539650,NC,MMP,,EHZ,-1,112.0,,316.5,,23.45101001994
nc73539650,NC,MMT,,EHZ,1,106.0,,253.1,,30.93442858012
nc73539650,NC,MPR,,EHZ,1,88.0,,290.9,,110.14969428996
nc73539650,NC,MRC,,EHZ,1,101.0,,50.9,,38.362249677
nc73539660,NP,1576,10.0,HNZ,1,127.0,,33.3,,14.80004473046
nc73539660,NC,MMX1,,HN3,-1,119.0,,330.3,,20.32643258248
nc73539660,NC,MQ1P,,EHZ,-1,114.0,,317.9,,23.16190321078
nc73539660,NC,MLI,,HHZ,-1,113.0,,322.5,,25.00773899234
nc73539660,NC,MMLB,,HHZ,-1,112.0,,332.2,,25.23012884554
nc73539660,NC,MDH,,HNZ,-1,112.0,,347.2,,25.207889860220003
nc73539660,NC,MDH1,1.0,DP1,1,112.0,,347.2,,25.207889860220003
nc73539660,NC,MTU,2.0,EHZ,-1,110.0,,115.1,,27.55410281148
nc73539660,NC,MDC,2.0,EHZ,-1,106.0,,328.3,,32.869220302959995
nc73539660,NP,1589,10.0,HNZ,-1,99.0,,103.2,,47.01321496648
nc73539660,NP,1587,10.0,HNZ,1,96.0,,75.3,,55.5418658367
nc73539660,WR,FRI,,EHZ,1,90.0,,236.1,,92.43634248258
nc73539660,NN,LHV,,HHZ,-1,90.0,,18.6,,92.98119762292
nc73539660,NC,MHD,,EHZ,1,88.0,,248.1,,100.50909415374
nc73539660,NN,SJC,,EHZ,-1,88.0,,332.4,,111.8620961596
nc73539660,BK,BUCR,0.0,HHZ,1,88.0,,282.1,,117.7554272694
nc73539660,GS,MCA04,0.0,HHZ,1,88.0,,55.1,,121.4248598472
nc73539660,NN,WAK,,HHZ,1,87.0,,336.1,,127.318190957
nc73539660,BK,MERC,0.0,HHZ,1,86.0,,267.4,,143.1078705342
nc73539660,BK,CMB,0.0,HHZ,-1,85.0,,295.8,,150.11315091
nc73539660,CI,POR,,HHZ,-1,85.0,,185.4,,151.00271032280003
nc73539660,LB,TPH,1.0,HHZ,1,84.0,,63.8,,158.5639653316
nc73539660,CI,WAS2,,HHZ,-1,75.0,,172.3,,192.7008077978
nc73539660,NC,BMS,,EHZ,-1,71.0,,243.5,,194.4799266234
nc73539660,CI,WNM,,EHZ,-1,63.0,,154.7,,198.0381642746
nc73539660,CI,WOR,,HHZ,-1,53.0,,164.5,,202.930741045
nc73539660,BK,HELL,0.0,HHZ,-1,91.0,,190.4,,87.81063353601999
nc73539660,BK,LIND,0.0,HHZ,-1,87.0,,188.8,,124.09353808560002
nc73539660,BK,TOLH,0.0,HHZ,1,92.0,,223.2,,77.40278840626
nc73539660,BK,WELL,0.0,HHZ,-1,64.0,,304.1,,197.8157744214
nc73539660,CI,CGO,,HHZ,1,86.0,,137.2,,136.9921495712
nc73539660,CI,CWC,,HHZ,-1,87.0,,148.8,,131.9883778742
nc73539660,CI,MLAC,,HHZ,-1,121.0,,2.4,,19.09216889722
nc73539660,CI,SPG2,,HHZ,-1,86.0,,177.1,,139.7720227362
nc73539660,CI,TIN,,HHZ,-1,93.0,,129.4,,70.64213686898
nc73539660,CI,WMF,,HHZ,-1,84.0,,149.1,,173.0193057896
nc73539660,NC,HLB,1.0,EHZ,1,76.0,,254.9,,192.25602809140003
nc73539660,NC,HSL,2.0,EHZ,-1,50.0,,256.9,,204.7098598706
nc73539660,NC,MCB,,HHZ,-1,117.0,,347.6,,21.149275039320003
nc73539660,NC,MCD,,EHZ,1,103.0,,74.2,,36.90559613854
nc73539660,NC,MCO,,EHZ,-1,123.0,,355.0,,17.9023831826
nc73539660,NC,MCS,,EHZ,-1,115.0,,346.3,,22.4613751732
nc73539660,NC,MCV,,EHZ,-1,127.0,,5.5,,14.68884980386
nc73539660,NC,MCY,,EHZ,-1,112.0,,321.7,,26.15304673632
nc73539660,NC,MDR,2.0,EHZ,-1,119.0,,2.3,,19.9594893247
nc73539660,NC,MDY,,HHZ,-1,111.0,,326.5,,26.6311849207
nc73539660,NC,MEM,,EHZ,-1,113.0,,340.2,,24.52960080796
nc73539660,NC,MFB,,EHZ,1,103.0,,94.9,,36.98343258716
nc73539660,NC,MGS,1.0,EHZ,1,88.0,,235.3,,116.4210881502
nc73539660,NC,MINS,,HHZ,-1,109.0,,318.9,,28.87732243802
nc73539660,NC,MLC,,EHZ,-1,122.0,,340.1,,18.15813151378
nc73539660,NC,MLH,,EHZ,-1,113.0,,6.2,,24.58519827126
nc73539660,NC,MMI,,EHZ,1,92.0,,267.2,,79.64892592358001
nc73539660,NC,MMP,,EHZ,-1,114.0,,316.2,,23.36205407866
nc73539660,NC,MMT,,EHZ,1,107.0,,252.9,,30.99002604342
nc73539660,NC,MPR,,EHZ,1,88.0,,290.8,,110.10521631932
nc73539660,NC,MRC,,EHZ,1,103.0,,51.1,,38.26217424306
nc73539675,NC,MCV,,EHZ,-1,113.0,,11.5,,14.52205741396
nc73539675,NC,MLC,,EHZ,-1,110.0,,344.4,,17.324169564279998
nc73539675,NC,MCO,,EHZ,-1,110.0,,359.8,,17.446483983540002
nc73539675,NC,MMX1,,HN3,-1,108.0,,333.5,,19.27008077978
nc73539675,NC,MMP,,EHZ,-1,104.0,,318.3,,22.04995394478
nc73539675,NC,MINS,,HHZ,-1,100.0,,320.7,,27.60970027478
nc73539675,NC,MMT,,EHZ,1,98.0,,251.3,,29.677925909540004
nc73539675,NC,MDC,2.0,EHZ,-1,97.0,,330.2,,31.768390529620003
nc73539781,NC,MCV,,EHZ,-1,85.0,,20.4,,17.35752804226
nc73539781,NC,MLC,,EHZ,-1,84.0,,355.3,,18.78082310274
nc73539781,NC,MCO,,EHZ,-1,83.0,,8.9,,19.72597997884
nc73539781,NC,MMX1,,HN3,1,83.0,,344.2,,20.03732577332
nc73539781,NC,MDR,2.0,EHZ,-1,81.0,,14.2,,22.27234379798
nc73539781,NC,MMT,,EHZ,1,78.0,,253.3,,26.05297130238
nc73539781,NC,MDPB,,HHZ,-1,78.0,,322.7,,26.38655608218
nc73539910,NP,1576,10.0,HNZ,-1,145.0,,42.6,,4.99821195067
nc73539910,NC,MCV,,EHZ,-1,136.0,,330.7,,6.82180874691
nc73539910,CI,MLAC,,HHZ,-1,120.0,,339.2,,11.13061215266
nc73539910,NC,MDR,2.0,EHZ,-1,117.0,,340.8,,11.931215624180002
nc73539910,NC,MCB,,HHZ,1,111.0,,322.2,,15.18922697356
nc73539910,NC,MMX1,,HN3,1,108.0,,301.2,,17.379767027579998
nc73539910,NC,MCS,,EHZ,-1,109.0,,322.5,,16.59028304872
nc73539910,NC,MLH,,EHZ,-1,110.0,,352.4,,15.91199399646
nc73539910,NC,MEM,,EHZ,1,106.0,,317.8,,19.47023164766
nc73539910,NC,MQ1P,,EHZ,1,102.0,,292.8,,22.02771495946
nc73539910,NC,MMLB,,HHZ,1,103.0,,309.5,,21.4606208338
nc73539910,NC,MMP,,EHZ,1,101.0,,291.3,,22.50585314384
nc73539910,NC,MDY,,HHZ,1,101.0,,304.8,,23.728997336440003
nc73539910,NC,MCY,,EHZ,1,100.0,,299.5,,24.10706008688
nc73539910,NC,MINS,,HHZ,1,98.0,,298.8,,27.15380107572
nc73539910,NC,MTU,2.0,EHZ,1,97.0,,135.3,,28.65493258482
nc73539910,NC,MBS1,,EP1,1,98.0,,331.6,,28.36582577566
nc73539910,NC,MDC,2.0,EHZ,-1,97.0,,311.2,,29.32210214442
nc73539910,NC,MRC,,EHZ,1,97.0,,58.5,,29.355460622400003
nc73539910,NC,MMT,,EHZ,1,93.0,,242.6,,38.71807344212
nc73539910,NC,MMI,,EHZ,1,88.0,,261.5,,85.26426971688001
nc73539910,BK,TOLH,0.0,HHZ,1,88.0,,221.6,,87.03226904982
nc73539910,NC,MHD,,EHZ,1,86.0,,244.8,,108.34833647904
nc73539910,NC,MPR,,EHZ,1,86.0,,285.8,,111.9732910862
nc73539910,BK,BUCR,0.0,HHZ,1,85.0,,277.7,,120.8688852142
nc73539910,NC,MCO,,EHZ,1,120.0,,325.4,,11.14173164532
nc73539910,NC,MDPB,,HHZ,1,98.0,,292.8,,27.58746128946
nc73539910,NC,MLC,,EHZ,1,112.0,,307.6,,13.81040988372
nc73539920,CI,MLAC,,HHZ,1,173.0,,353.4,,0.9338149935868
nc73539920,NC,MDR,2.0,EHZ,1,168.0,,357.1,,1.792462216792
nc73539920,NC,MCO,,EHZ,-1,163.0,,262.7,,2.502997797766
nc73539920,NC,MCV,,EHZ,-1,156.0,,171.9,,3.5660212960620004
nc73539920,NC,MLH,,EHZ,1,141.0,,15.5,,6.536037785548
nc73539920,NC,MCS,,EHZ,1,137.0,,300.5,,7.256580909916
nc73539920,NC,MEM,,EHZ,1,126.0,,298.0,,10.482345730582
nc73539920,NC,MDY,,HHZ,-1,113.0,,284.5,,16.156622834980002
nc73539920,NC,MQ1P,,EHZ,1,113.0,,266.6,,16.50132710744
nc73539920,NC,MCY,,EHZ,-1,112.0,,277.9,,17.31305007162
nc73539920,NC,MDC,2.0,EHZ,1,107.0,,298.3,,20.70449533292
nc73539920,NC,MMT,,EHZ,1,95.0,,228.2,,40.9197329888
nc73539920,NC,MCB,,HHZ,1,143.0,,294.7,,6.018981376858
nc73539920,NC,MDPB,,HHZ,1,106.0,,273.2,,21.61629373104
nc73539920,NC,MLC,,EHZ,1,138.0,,261.3,,7.185416156892
nc73539920,NC,MMP,,EHZ,1,112.0,,265.5,,17.168496667040003
nc73540131,NC,MMX1,,HN3,-1,121.0,,328.6,,14.366384516720002
nc73540131,NC,MQ1P,,EHZ,-1,117.0,,312.4,,17.502081446840002
nc73540131,NC,MDH,,HNZ,-1,114.0,,351.1,,19.42575367702
nc73540131,NC,MLH,,EHZ,1,114.0,,15.4,,19.78157744214
nc73540131,NC,MDPB,,HHZ,-1,109.0,,307.8,,22.82831843098
nc73540131,NC,MMI,,EHZ,-1,90.0,,263.1,,77.50286384019999
nc73540131,BK,TOLH,0.0,HHZ,1,90.0,,219.2,,79.7267623722
nc73540131,BK,HELL,0.0,HHZ,-1,88.0,,188.2,,92.70321030642
nc73540131,WR,FRI,,EHZ,1,88.0,,232.4,,93.44821631464
nc73540131,NC,MPR,,EHZ,1,87.0,,288.6,,105.83533113788
nc73540131,BK,BUCR,0.0,HHZ,-1,87.0,,279.7,,114.0859946916
nc73540131,CI,CWC,,HHZ,-1,85.0,,149.0,,137.9929039106
nc73540131,BK,MERC,0.0,HHZ,1,85.0,,265.1,,140.88397200219998
nc73540131,NC,MCB,,HHZ,-1,120.0,,352.7,,15.38937784144
nc73540131,NC,MCO,,EHZ,-1,123.0,,4.7,,12.48719025718
nc73540131,NC,MCS,,EHZ,-1,118.0,,350.6,,16.65700000468
nc73540131,NC,MCV,,EHZ,1,133.0,,23.5,,10.07426034996
nc73540131,NC,MCY,,EHZ,-1,113.0,,318.1,,20.35979106046
nc73540131,NC,MDC,2.0,EHZ,-1,106.0,,326.9,,26.93141122252
nc73540131,NC,MDR,2.0,EHZ,-1,120.0,,13.2,,14.955717627700002
nc73540131,NC,MDY,,HHZ,-1,112.0,,324.3,,20.71561482558
nc73540131,NC,MEM,,EHZ,-1,116.0,,342.1,,18.58067223486
nc73540131,NC,MHD,,EHZ,1,88.0,,244.7,,100.26446531522
nc73540131,NC,MINS,,HHZ,-1,109.0,,314.9,,23.17302270344
nc73540131,NC,MLC,,EHZ,-1,124.0,,343.0,,12.22032243334
nc73540131,NC,MLI,,HHZ,-1,115.0,,318.9,,19.19224433116
nc73540131,NC,MMLB,,HHZ,-1,115.0,,331.5,,19.25896128712
nc73540131,NC,MMT,,EHZ,1,103.0,,241.7,,30.645321770960003
nc73540131,NC,MRC,,EHZ,1,99.0,,60.1,,37.38373432292
nc73540135,NC,MCV,,EHZ,1,136.0,,323.5,,16.08990587902
nc73540135,NC,MMT,,EHZ,1,109.0,,255.1,,42.065040732780005
nc73540236,CI,MLAC,,HHZ,1,148.0,,343.3,,2.360668291718
nc73540236,NC,MCO,,EHZ,1,139.0,,288.5,,3.221317023602
nc73540236,NC,MCB,,HHZ,-1,111.0,,302.5,,7.162065222306
nc73540236,NC,MLC,,EHZ,1,109.0,,271.9,,7.682457478794
nc73540236,NC,MLH,,EHZ,-1,109.0,,8.8,,7.719151804571999
nc73540236,NC,MDH1,1.0,DP1,1,100.0,,317.7,,10.521263954892
nc73540236,NC,MMX1,,HN3,-1,96.0,,274.0,,11.63098932236
nc73540236,NC,MEM,,EHZ,-1,96.0,,302.5,,11.65322830768
nc73540236,NC,MMP,,EHZ,-1,85.0,,270.0,,17.69111282206
nc73540236,NC,MCV,,EHZ,-1,149.0,,181.8,,2.199435648148
nc73540236,NC,MDR,2.0,EHZ,1,139.0,,348.0,,3.192406342686
nc73540290,NC,MCB,,HHZ,-1,170.0,,46.7,,0.7665778239804
nc73540290,NC,MLC,,EHZ,1,143.0,,199.2,,3.240220161124
nc73540290,NC,MEM,,EHZ,1,133.0,,312.3,,4.359953071986
nc73540290,NC,MMX1,,HN3,1,124.0,,243.3,,5.58754506165
nc73540290,NC,MLH,,EHZ,-1,109.0,,60.9,,8.900041925064
nc73540290,NC,MLM,,EHZ,1,104.0,,338.6,,10.54127904168
nc73540290,NC,MBS1,,EP1,-1,95.0,,344.9,,13.9549632883
nc73540290,NC,MINS,,HHZ,1,95.0,,276.5,,14.0105607516
nc73540290,NC,MDC,2.0,EHZ,-1,95.0,,302.6,,14.49981842864
nc73540290,NC,MDPB,,HHZ,1,95.0,,267.0,,15.57840921666
nc73540290,NC,MMT,,EHZ,1,75.0,,219.8,,38.12874033114
nc73540290,NC,MHD,,EHZ,-1,74.0,,236.8,,105.26823701222
nc73540290,CI,MLAC,,HHZ,-1,122.0,,100.1,,6.017869427592
nc73540290,NC,MCO,,EHZ,-1,134.0,,123.0,,4.227631109332
nc73540290,NC,MCS,,EHZ,-1,159.0,,352.3,,1.703506275512
nc73540290,NC,MCV,,EHZ,-1,110.0,,130.2,,8.55088985554
nc73540290,NC,MDR,2.0,EHZ,-1,122.0,,91.8,,5.94336882677
nc73540290,NC,MMP,,EHZ,1,100.0,,253.3,,11.57539185906
nc73540395,NC,MCB,,HHZ,-1,150.0,,119.8,,2.862157410684
nc73540395,NC,MLC,,EHZ,1,132.0,,170.3,,5.074936450024
nc73540395,NC,MMX1,,HN3,1,130.0,,214.5,,5.401849534228
nc73540395,NC,MDY,,HHZ,1,118.0,,270.8,,7.692465022188001
nc73540395,CI,MLAC,,HHZ,1,115.0,,110.9,,8.403000603162
nc73540395,NC,MCY,,EHZ,1,112.0,,260.2,,9.325918493942
nc73540395,NC,MCV,,EHZ,-1,106.0,,131.4,,11.27516555724
nc73540395,NC,MBS1,,EP1,-1,105.0,,351.5,,11.65322830768
nc73540395,NC,MDC,2.0,EHZ,1,104.0,,299.6,,11.8422596829
nc73540395,NC,MINS,,HHZ,1,99.0,,268.2,,11.99793258014
nc73540395,NC,MMT,,EHZ,1,78.0,,215.8,,38.4734446036
nc73540395,NC,MPR,,EHZ,-1,77.0,,280.0,,97.39563620894
nc73540395,NC,MCO,,EHZ,-1,121.0,,127.8,,6.925220028648001
nc73540395,NC,MCS,,EHZ,-1,161.0,,98.6,,1.716849666704
nc73540395,NC,MDPB,,HHZ,1,99.0,,258.5,,13.899365825
nc73540395,NC,MDR,2.0,EHZ,-1,116.0,,105.2,,8.15058811978
nc73540395,NC,MEM,,EHZ,-1,162.0,,307.2,,1.63456542102
nc73540395,NC,MLI,,HHZ,1,114.0,,254.5,,8.507523834166
nc73540395,NC,MLM,,EHZ,1,116.0,,346.2,,8.10055040281
nc73540395,NC,MMLB,,HHZ,1,135.0,,272.6,,4.775822097470001
nc73540395,NC,MMP,,EHZ,1,108.0,,240.0,,10.562406077734002
nc73540400,NC,MMX1,,HN3,1,95.0,,314.7,,16.22333979094
nc73540400,NC,MLH,,EHZ,-1,94.0,,3.8,,18.2359679624
nc73540400,NC,MEM,,EHZ,-1,85.0,,329.9,,19.44799266234
nc73540400,NC,MDH,,HNZ,1,85.0,,339.0,,19.63702403756
nc73540400,NC,MMP,,EHZ,1,85.0,,301.0,,20.571061421
nc73540400,NC,MINS,,HHZ,1,82.0,,307.2,,25.663789059280003
nc73540400,NC,MDPB,,HHZ,1,82.0,,300.7,,25.69714753726
nc73540400,NC,MLM,,EHZ,-1,82.0,,336.4,,25.87505941982
nc73540400,NC,MBS1,,EP1,-1,79.0,,339.6,,29.188668232500003
nc73540400,CI,MLAC,,HHZ,-1,95.0,,357.2,,12.8430140223
nc73540400,NC,MCB,,HHZ,-1,95.0,,337.5,,15.60064820198
nc73540400,NC,MCO,,EHZ,-1,98.0,,345.5,,11.96457410216
nc73540400,NC,MCS,,EHZ,-1,94.0,,336.5,,16.979465291820002
nc73540400,NC,MCV,,EHZ,-1,110.0,,359.8,,8.365194328118001
nc73540400,NC,MDR,2.0,EHZ,-1,95.0,,357.4,,13.69921495712
nc73540400,NC,MLC,,EHZ,-1,95.0,,324.9,,13.24331575806
nc73540485,NC,MCV,,EHZ,-1,136.0,,330.8,,6.70505407398
nc73540485,CI,MLAC,,HHZ,-1,120.0,,339.4,,11.017193327528
nc73540485,NC,MDR,2.0,EHZ,-1,117.0,,341.0,,11.82002069758
nc73540485,NC,MLC,,EHZ,-1,112.0,,307.5,,13.69921495712
nc73540485,NC,MCB,,HHZ,-1,111.0,,322.2,,15.066912554300002
nc73540485,NC,MCS,,EHZ,-1,109.0,,322.6,,16.46796862946
nc73540485,NC,MMX1,,HN3,-1,109.0,,301.0,,17.26857210098
nc73540485,NC,MEM,,EHZ,-1,106.0,,317.8,,19.3479172284
nc73540485,NC,MMLB,,HHZ,-1,103.0,,309.5,,21.3494259072
nc73540485,NC,MDY,,HHZ,1,101.0,,304.8,,23.61780240984
nc73540485,NC,MINS,,HHZ,-1,99.0,,298.7,,27.04260614912
nc73540485,NC,MDPB,,HHZ,-1,98.0,,292.7,,27.48738585552
nc73540485,NC,MTU,2.0,EHZ,-1,97.0,,135.3,,28.76612751142
nc73540485,NC,MDC,2.0,EHZ,-1,97.0,,311.1,,29.19978772516
nc73540485,NC,MMT,,EHZ,1,93.0,,242.5,,38.6958344568
nc73540485,NC,MCO,,EHZ,-1,120.0,,325.5,,11.020529175326
nc73540495,NC,MCB,,HHZ,-1,102.0,,336.5,,14.15511415618
nc73540495,NC,MMX1,,HN3,1,101.0,,311.7,,15.00019559834
nc73540495,NC,MLH,,EHZ,-1,99.0,,5.3,,16.83491188724
nc73540495,NC,MEM,,EHZ,1,98.0,,328.5,,18.05805607984
nc73540495,NC,MQ1P,,EHZ,1,97.0,,299.8,,19.17000534584
nc73540495,NC,MMP,,EHZ,1,96.0,,297.9,,19.58142657426
nc73540495,NC,MLI,,HHZ,1,95.0,,306.7,,20.37091055312
nc73540495,NC,MDY,,HHZ,1,93.0,,312.6,,21.48285981912
nc73540495,NC,MINS,,HHZ,1,90.0,,305.0,,24.55183979328
nc73540495,NC,MDPB,,HHZ,1,90.0,,298.3,,24.69639319786
nc73540495,NC,MDC,2.0,EHZ,-1,90.0,,317.8,,27.38731042158
nc73540495,NC,MTU,2.0,EHZ,1,92.0,,129.1,,30.71203872692
nc73540495,NC,MRC,,EHZ,1,93.0,,60.4,,33.0248932002
nc73540495,NC,MMT,,EHZ,1,85.0,,241.3,,35.004162893680004
nc73540495,CI,MLAC,,HHZ,-1,109.0,,358.5,,11.3974799765
nc73540495,NC,MCO,,EHZ,-1,112.0,,345.3,,10.50236081737
nc73540495,NC,MCV,,EHZ,-1,126.0,,2.6,,6.947459013968
nc73540495,NC,MDR,2.0,EHZ,-1,103.0,,358.7,,12.26480040398
nc73540495,NC,MLC,,EHZ,1,107.0,,322.3,,11.8978571462
nc73540495,NC,MMLB,,HHZ,1,96.0,,318.6,,19.50359012564
nc73540550,NC,MMX1,,HN3,-1,123.0,,293.9,,4.254317891716
nc73540550,NC,MCS,,EHZ,-1,111.0,,8.4,,5.9700556091540005
nc73540550,NC,MCV,,EHZ,1,103.0,,99.6,,7.753622231818
nc73540550,NC,MQ1P,,EHZ,-1,98.0,,277.6,,9.410426638158
nc73540550,NC,MLI,,HHZ,-1,97.0,,293.5,,9.831855409972
nc73540550,NC,MMP,,EHZ,1,97.0,,275.2,,10.021998734458
nc73540550,NC,MDY,,HHZ,-1,96.0,,306.4,,10.56907777333
nc73540550,NC,MLH,,EHZ,1,90.0,,46.0,,12.32039786728
nc73540550,NC,MINS,,HHZ,-1,90.0,,294.4,,14.0661582149
nc73540550,NC,MDPB,,HHZ,-1,88.0,,283.3,,14.8445227011
nc73540550,NC,MDC,2.0,EHZ,-1,86.0,,317.3,,16.36789319552
nc73540550,NC,MMT,,EHZ,1,73.0,,222.9,,34.23691790014
nc73540550,CI,MLAC,,HHZ,1,103.0,,65.6,,7.710256210444
nc73540550,NC,MCB,,HHZ,1,117.0,,19.2,,5.02601068232
nc73540550,NC,MCO,,EHZ,1,117.0,,67.5,,5.036018225714
nc73540550,NC,MDR,2.0,EHZ,1,102.0,,60.1,,8.116117692534
nc73540550,NC,MEM,,EHZ,-1,104.0,,343.5,,7.45561982853
nc73540550,NC,MLC,,EHZ,1,161.0,,1.7,,1.159763084438
nc73540550,NC,MMLB,,HHZ,-1,101.0,,318.9,,8.483060950314
nc73540555,NC,MCV,,EHZ,1,144.0,,316.2,,6.83292823957
nc73540555,CI,MLAC,,HHZ,1,130.0,,330.4,,10.799251271392
nc73540555,NC,MDR,2.0,EHZ,-1,128.0,,332.6,,11.55315287374
nc73540555,NC,MLC,,EHZ,1,121.0,,301.0,,14.38862350204
nc73540555,NC,MLH,,EHZ,-1,120.0,,346.8,,15.15586849558
nc73540555,NC,MCB,,HHZ,1,120.0,,315.8,,15.32266088548
nc73540556,NC,MDR,2.0,EHZ,-1,116.0,,357.9,,2.476311015382
nc73540556,NC,MCO,,EHZ,-1,116.0,,278.5,,2.509669493362
nc73540556,NC,MCV,,EHZ,-1,111.0,,170.0,,2.8910680916
nc73540556,NC,MCB,,HHZ,-1,60.0,,300.3,,6.334774968402
nc73540556,NC,MLC,,EHZ,1,57.0,,266.8,,7.115363353134001
nc73540556,NC,MLH,,EHZ,-1,57.0,,14.0,,7.197647598818
nc73540556,NC,MCS,,EHZ,1,56.0,,304.9,,7.625748066228001
nc73540556,NC,MDPB,,HHZ,1,54.0,,275.0,,21.67189119434
nc73540556,CI,MLAC,,HHZ,-1,137.0,,356.2,,1.615662283498
nc73540566,NC,MCV,,EHZ,-1,158.0,,226.6,,1.91255273752
nc73540566,NC,MCO,,EHZ,1,133.0,,293.6,,4.7780459960020005
nc73540566,NC,MLH,,EHZ,1,113.0,,359.0,,8.517531377560001
nc73540566,NC,MCB,,HHZ,-1,112.0,,302.8,,8.75660046975
nc73540566,NC,MLC,,EHZ,1,111.0,,277.3,,9.074617959826
nc73540566,NC,MCS,,EHZ,1,108.0,,306.0,,10.062028908034
nc73540590,NP,1576,10.0,HNZ,-1,156.0,,42.1,,3.709462751376
nc73540590,CI,MLAC,,HHZ,-1,127.0,,332.9,,10.650250069748
nc73540590,NC,MMX1,,HN3,1,113.0,,297.1,,17.71335180738
nc73540590,NC,MDH1,1.0,DP1,1,111.0,,323.2,,18.75858411742
nc73540590,NC,MEM,,EHZ,-1,111.0,,314.0,,19.43687316968
nc73540590,NC,MQ1P,,EHZ,1,106.0,,289.7,,22.52809212916
nc73540590,NC,MMP,,EHZ,1,105.0,,288.4,,23.03958879152
nc73540590,NC,MCY,,EHZ,-1,104.0,,296.6,,24.47400334466
nc73540590,NC,MINS,,HHZ,1,102.0,,296.2,,27.5207443335
nc73540590,NC,MRC,,EHZ,1,101.0,,59.2,,28.09895795182
nc73540590,NC,MDC,2.0,EHZ,1,100.0,,308.7,,29.4110580857
nc73540590,NC,MFB,,EHZ,1,98.0,,112.4,,33.68094326714
nc73540590,BK,TOLH,0.0,HHZ,1,88.0,,221.7,,88.32213019838001
nc73540590,BK,HELL,0.0,HHZ,-1,87.0,,192.6,,98.3519125777
nc73540590,WR,FRI,,EHZ,1,87.0,,233.4,,102.59955877382
nc73540590,NC,MPR,,EHZ,1,86.0,,285.3,,112.5292657192
nc73540590,BK,BUCR,0.0,HHZ,1,85.0,,277.2,,121.6472497004
nc73540590,NC,MCB,,HHZ,-1,116.0,,317.4,,15.05579306164
nc73540590,NC,MCO,,EHZ,1,126.0,,318.8,,10.962707813494
nc73540590,NC,MCS,,EHZ,-1,114.0,,318.1,,16.445729644140002
nc73540590,NC,MCV,,EHZ,1,142.0,,319.9,,6.574956009858
nc73540590,NC,MDPB,,HHZ,1,101.0,,290.4,,28.08783845916
nc73540590,NC,MDR,2.0,EHZ,-1,124.0,,335.0,,11.41971896182
nc73540590,NC,MHD,,EHZ,1,86.0,,244.6,,109.56036117898
nc73540590,NC,MLC,,EHZ,1,117.0,,302.3,,14.02168024426
nc73540590,NC,MLH,,EHZ,-1,116.0,,348.6,,15.14474900292
nc73540590,NC,MMI,,EHZ,1,89.0,,261.0,,86.29838253426
nc73540590,NC,MMLB,,HHZ,1,107.0,,306.1,,21.60517423838
nc73540590,NC,MMT,,EHZ,1,96.0,,242.0,,39.941217634720005
nc73540590,NC,MTU,2.0,EHZ,-1,101.0,,137.9,,28.69941055546
nc73540710,NC,MTU,2.0,EHZ,-1,116.0,,144.9,,14.1217556782
nc73540710,NC,MCV,,EHZ,1,107.0,,314.0,,21.30494793656
nc73540710,NC,MCO,,EHZ,1,103.0,,314.5,,25.6860280446
nc73540710,NC,MLC,,EHZ,1,100.0,,307.0,,28.71053004812
nc73540721,NC,MCV,,EHZ,-1,121.0,,133.5,,8.093878707214
nc73540721,NC,MLH,,EHZ,1,120.0,,59.0,,8.299589321424
nc73540721,NC,MCB,,HHZ,1,175.0,,347.7,,0.4804732778386
nc73540721,NC,MCS,,EHZ,1,162.0,,331.5,,1.860291122018
nc73540721,NC,MLC,,EHZ,-1,147.0,,209.0,,3.56379739753
nc73540721,NC,MCO,,EHZ,1,146.0,,129.2,,3.723918091834
nc73540721,NC,MDH,,HNZ,1,140.0,,345.3,,4.544536650142
nc73540721,NC,MEM,,EHZ,1,138.0,,306.6,,4.838091256366
nc73540721,NC,MDC,2.0,EHZ,-1,101.0,,301.0,,15.033554076319998
nc73540740,NP,1576,10.0,HNZ,-1,159.0,,45.7,,3.412572297354
nc73540740,NC,MCV,,EHZ,-1,144.0,,317.4,,6.32699132354
nc73540740,NC,MLC,,EHZ,1,118.0,,300.9,,13.86600734702
nc73540740,NC,MMX1,,HN3,1,114.0,,295.9,,17.59103738812
nc73540740,NC,MDH,,HNZ,-1,113.0,,322.4,,18.48059680092
nc73540740,NC,MDH1,1.0,DP1,1,113.0,,322.4,,18.48059680092
nc73540740,NC,MMLB,,HHZ,-1,108.0,,305.2,,21.42726235582
nc73540740,NC,MMP,,EHZ,1,106.0,,287.4,,22.9617523429
nc73540740,NC,MINS,,HHZ,-1,103.0,,295.5,,27.39842991424
nc73540740,NC,MRC,,EHZ,-1,102.0,,59.8,,27.87656809862
nc73540740,NC,MDC,2.0,EHZ,-1,101.0,,308.0,,29.22202671048
nc73540740,BK,OVRO,0.0,BHZ,1,92.0,,128.6,,56.42030575684
nc73540740,BK,TOLH,0.0,HHZ,1,88.0,,221.5,,88.62235650020001
nc73540740,WR,FRI,,EHZ,1,87.0,,233.3,,102.855307105
nc73540740,NC,MPR,,EHZ,1,86.0,,285.1,,112.5292657192
nc73540740,BK,BUCR,0.0,HHZ,-1,85.0,,277.0,,121.6472497004
nc73540740,CI,MLAC,,HHZ,-1,128.0,,331.8,,10.342240123066
nc73540740,NC,MCB,,HHZ,-1,117.0,,316.3,,14.82228371578
nc73540740,NC,MCD,,EHZ,1,101.0,,89.9,,29.8002403288
nc73540740,NC,MCO,,EHZ,-1,127.0,,317.3,,10.716967025708
nc73540740,NC,MCS,,EHZ,-1,115.0,,317.1,,16.212220298280002
nc73540740,NC,MDPB,,HHZ,1,102.0,,289.6,,27.99888251788
nc73540740,NC,MDR,2.0,EHZ,-1,126.0,,334.0,,11.10281342101
nc73540740,NC,MEM,,EHZ,-1,112.0,,313.1,,19.214483316480003
nc73540740,NC,MHD,,EHZ,1,87.0,,244.4,,109.76051204686
nc73540740,NC,MLH,,EHZ,-1,117.0,,348.2,,14.7889252378
nc73540740,NC,MMI,,EHZ,1,89.0,,260.7,,86.3984579682
nc73540740,NC,MMT,,EHZ,1,96.0,,241.6,,40.15248799526
nc73540740,NC,MTU,2.0,EHZ,-1,101.0,,138.4,,28.955158886640003
nc73540825,NC,MLC,,EHZ,1,74.0,,105.6,,13.52130307456
nc73540825,NC,MCS,,EHZ,-1,74.0,,85.3,,13.91048531766
nc73540825,NC,MCB,,HHZ,-1,73.0,,90.1,,14.65549132588
nc73540825,CI,MLAC,,HHZ,1,72.0,,94.6,,20.08180374396
nc73540876,NC,MCV,,EHZ,-1,122.0,,333.7,,8.368530175916
nc73540876,NC,MCO,,EHZ,-1,106.0,,328.1,,12.64286315442
nc73540876,NC,MDR,2.0,EHZ,-1,106.0,,341.5,,13.52130307456
nc73540876,NC,MLC,,EHZ,-1,104.0,,311.4,,15.07803204696
nc73540876,NC,MCB,,HHZ,1,103.0,,324.5,,16.64588051202
nc73540876,NC,MLH,,EHZ,-1,102.0,,351.9,,17.502081446840002
nc73540876,NC,MCS,,EHZ,-1,101.0,,324.6,,18.05805607984
nc73540876,NC,MMX1,,HN3,-1,101.0,,304.7,,18.52507477156
nc73540876,NC,MTU,2.0,EHZ,-1,92.0,,133.6,,27.2983544803
nc73540876,NC,MDPB,,HHZ,1,91.0,,295.4,,28.55485715088
nc73540876,NC,MMT,,EHZ,1,91.0,,245.0,,38.362249677
nc73540876,NC,MINS,,HHZ,1,91.0,,301.2,,28.243511356400003
nc73540876,NC,MMI,,EHZ,1,86.0,,262.6,,85.41994261412
nc73540926,NC,MCV,,EHZ,1,122.0,,23.0,,11.21956809394
nc73540926,NC,MLC,,EHZ,-1,115.0,,345.9,,13.1765988021
nc73540926,NC,MCO,,EHZ,-1,115.0,,5.9,,13.61025901584
nc73540926,NC,MMX1,,HN3,-1,113.0,,331.9,,15.13362951026
nc73540926,CI,MLAC,,HHZ,-1,113.0,,14.3,,15.25594392952
nc73540926,NC,MDR,2.0,EHZ,1,112.0,,13.6,,16.101025371680002
nc73540926,NC,MCB,,HHZ,-1,112.0,,354.5,,16.434610151479998
nc73540926,NC,MCS,,EHZ,-1,110.0,,352.3,,17.679993329400002
nc73540926,NC,MQ1P,,EHZ,-1,110.0,,315.8,,17.99133912388
nc73540926,NC,MMP,,EHZ,-1,110.0,,313.5,,18.21372897708
nc73540926,NC,MLH,,EHZ,1,106.0,,15.6,,20.92688518612
nc73540926,NC,MDPB,,HHZ,-1,103.0,,310.5,,23.22862016674
nc73540926,NC,MINS,,HHZ,-1,103.0,,317.4,,23.69563885846
nc73540926,NC,MDC,2.0,EHZ,-1,100.0,,328.8,,27.65417824542
nc73540926,NC,MMT,,EHZ,1,98.0,,243.2,,29.81135982146
nc73540926,NC,MTU,2.0,EHZ,1,97.0,,119.8,,32.17981175804
nc73541491,NC,MCV,,EHZ,-1,106.0,,353.9,,13.6769759718
nc73541491,NC,MCO,,EHZ,-1,103.0,,345.3,,17.390886520240002
nc73541491,NC,MLC,,EHZ,1,102.0,,330.7,,18.43611883028
nc73541491,NC,MDR,2.0,EHZ,-1,101.0,,353.8,,19.03657143392
nc73541491,NC,MCS,,EHZ,-1,96.0,,338.5,,22.36129973926
nc73541491,NC,MLH,,EHZ,-1,95.0,,359.5,,23.42877103462
nc73541491,NC,MMP,,EHZ,-1,95.0,,309.8,,24.77422964648
nc73541491,NC,MTU,2.0,EHZ,1,94.0,,119.9,,25.47475768406
nc73541491,NC,MDPB,,HHZ,1,92.0,,308.0,,29.83359880678
nc73541491,NC,MMT,,EHZ,1,91.0,,252.7,,34.03676703226
nc73541581,NC,MCV,,EHZ,-1,110.0,,19.1,,9.79627303346
nc73541581,NC,MCO,,EHZ,-1,99.0,,1.0,,12.46495127186
nc73541581,NC,MLC,,EHZ,-1,99.0,,339.5,,12.49830974984
nc73541581,NC,MDR,2.0,EHZ,-1,98.0,,10.1,,14.811164223120002
nc73541706,NC,MLC,,EHZ,1,112.0,,327.5,,18.32492390368
nc73541706,NC,MCB,,HHZ,-1,108.0,,336.6,,20.72673431824
nc73541706,NC,MMX1,,HN3,1,108.0,,319.3,,21.127036054
nc73541706,NC,MCS,,EHZ,1,106.0,,336.0,,22.10555140808
nc73541706,NC,MQ1P,,EHZ,1,104.0,,309.0,,24.72975167584
nc73541706,NC,MCY,,EHZ,-1,102.0,,313.6,,27.44290788488
nc73541706,NC,MDPB,,HHZ,1,100.0,,306.1,,30.11158612328
nc73541706,NC,MINS,,HHZ,1,100.0,,311.6,,30.33397597648
nc73541706,NC,MDC,2.0,EHZ,1,98.0,,321.4,,33.65870428182
nc73541706,NC,MBS1,,EP1,-1,98.0,,338.8,,34.3036348561
nc73541706,NC,MMT,,EHZ,1,97.0,,252.1,,35.015282386340004
nc73541706,BK,TOLH,0.0,HHZ,1,88.0,,224.4,,81.16117692534
nc73541706,NC,MMI,,EHZ,1,89.0,,266.2,,83.44067292064
nc73541706,BK,HELL,0.0,HHZ,-1,88.0,,192.5,,90.15684648728
nc73541706,NC,MHD,,EHZ,-1,87.0,,248.0,,104.55658948198
nc73541706,NC,MPR,,EHZ,1,86.0,,289.4,,112.9740454256
nc73541706,BK,BUCR,0.0,HHZ,1,85.0,,281.0,,120.9800801408
nc73541706,BK,LEGD,0.0,HHZ,1,85.0,,256.8,,122.6480040398
nc73541706,CI,MLAC,,HHZ,-1,113.0,,350.6,,17.66887383674
nc73541706,NC,MCO,,EHZ,-1,113.0,,342.1,,17.02394326246
nc73541706,NC,MCV,,EHZ,-1,118.0,,350.1,,13.16547930944
nc73541706,NC,MDR,2.0,EHZ,-1,111.0,,351.1,,18.513955278900003
nc73541706,NC,MLH,,EHZ,-1,105.0,,357.4,,22.81719893832
nc73541706,NC,MMLB,,HHZ,-1,103.0,,323.2,,25.83058144918
nc73541716,NC,MCV,,EHZ,-1,117.0,,347.5,,13.69921495712
nc73541716,NC,MCO,,EHZ,-1,112.0,,340.3,,17.63551535876
nc73541716,NC,MLC,,EHZ,1,110.0,,326.4,,19.04769092658
nc73541716,NC,MDR,2.0,EHZ,-1,110.0,,349.3,,19.03657143392
nc73541716,NC,MCB,,HHZ,-1,107.0,,335.4,,21.38278438518
nc73541716,NC,MCS,,EHZ,1,105.0,,334.8,,22.76160147502
nc73541716,NC,MLH,,EHZ,-1,104.0,,355.8,,23.273098137380003
nc73541716,NC,MTU,2.0,EHZ,-1,104.0,,122.2,,24.28497196944
nc73541716,NC,MQ1P,,EHZ,1,103.0,,308.7,,25.5192356547
nc73541716,NC,MDPB,,HHZ,1,99.0,,306.0,,30.912189594800004
nc73541716,NC,MINS,,HHZ,1,99.0,,311.3,,31.12345995534
nc73541716,NC,MDC,2.0,EHZ,-1,97.0,,321.0,,34.414829782700004
nc73541716,NC,MMT,,EHZ,1,97.0,,253.1,,35.54901803402
nc73541721,NP,1576,10.0,HNZ,-1,68.0,,30.4,,12.96532844156
nc73541721,NC,MCV,,EHZ,-1,68.0,,359.3,,13.43234713328
nc73541721,NC,MCO,,EHZ,-1,67.0,,349.3,,16.94610681384
nc73541721,NC,MLC,,EHZ,1,67.0,,334.0,,17.679993329400002
nc73541721,NC,MDR,2.0,EHZ,-1,67.0,,357.7,,18.76970361008
nc73541721,NC,MLH,,EHZ,-1,66.0,,2.7,,23.28421763004
nc73541721,NC,MQ1P,,EHZ,1,65.0,,313.1,,23.42877103462
nc73541721,NC,MDPB,,HHZ,1,64.0,,309.3,,28.71053004812
nc73541721,NC,MINS,,HHZ,1,64.0,,315.0,,29.09971229122
nc73541721,NC,MDC,2.0,EHZ,1,62.0,,324.8,,32.75802537636
nc73541721,NC,MMT,,EHZ,1,62.0,,251.7,,32.84698131764
nc73541726,NC,MCB,,HHZ,-1,104.0,,337.2,,21.93875901818
nc73541726,NC,MMX1,,HN3,1,103.0,,320.8,,22.22786582734
nc73541726,NC,MCS,,EHZ,1,102.0,,336.5,,23.31757610802
nc73541726,NC,MTU,2.0,EHZ,1,102.0,,120.0,,24.22937450614
nc73541726,NC,MQ1P,,EHZ,1,101.0,,310.7,,25.70826702992
nc73541726,NC,MMP,,EHZ,1,100.0,,309.2,,25.99737383908
nc73541726,NC,MCY,,EHZ,1,99.0,,314.9,,28.48814019492
nc73541726,NC,MINS,,HHZ,1,97.0,,312.9,,31.34584980854
nc73541726,NC,MDC,2.0,EHZ,1,95.0,,322.3,,34.781773040480005
nc73541726,NC,MBS1,,EP1,1,95.0,,339.1,,35.5267790487
nc73541726,BK,TOLH,0.0,HHZ,1,88.0,,225.1,,80.5051268584
nc73541726,BK,HELL,0.0,HHZ,-1,88.0,,192.9,,89.04489722128
nc73541726,NC,MHD,,EHZ,1,86.0,,248.7,,104.37867759942
nc73541726,NC,MPR,,EHZ,1,86.0,,290.0,,113.6412149852
nc73541726,BK,BUCR,0.0,HHZ,-1,85.0,,281.6,,121.5360547738
nc73541726,CI,MLAC,,HHZ,-1,108.0,,350.4,,18.903137522
nc73541726,NC,MCO,,EHZ,-1,109.0,,342.4,,18.25820694772
nc73541726,NC,MCV,,EHZ,-1,113.0,,349.8,,14.3997429947
nc73541726,NC,MDPB,,HHZ,1,97.0,,307.6,,31.05674299938
nc73541726,NC,MDR,2.0,EHZ,-1,107.0,,350.9,,19.748218964160003
nc73541726,NC,MFB,,EHZ,1,96.0,,96.3,,33.05825167818
nc73541726,NC,MLC,,EHZ,1,107.0,,328.7,,19.49247063298
nc73541726,NC,MLH,,EHZ,-1,102.0,,356.9,,24.04034313092
nc73541726,NC,MMI,,EHZ,1,88.0,,267.0,,83.65194328118
nc73541731,NC,MCV,,EHZ,-1,120.0,,349.8,,12.8430140223
nc73541731,NC,MCO,,EHZ,1,115.0,,341.7,,16.71259746798
nc73541731,CI,MLAC,,HHZ,-1,114.0,,350.4,,17.3464085496
nc73541731,NC,MDR,2.0,EHZ,-1,113.0,,350.9,,18.19148999176
nc73541731,NC,MMX1,,HN3,-1,109.0,,318.7,,20.88240721548
nc73541731,NC,MQ1P,,EHZ,1,105.0,,308.4,,24.52960080796
nc73541731,NC,MMP,,EHZ,1,105.0,,306.8,,24.84094660244
nc73541731,NC,MDPB,,HHZ,1,101.0,,305.6,,29.93367424072
nc73541731,NC,MINS,,HHZ,-1,101.0,,311.1,,30.12270561594
nc73541731,NC,MDC,2.0,EHZ,1,99.0,,321.1,,33.4140754433
nc73541731,NC,MMT,,EHZ,1,98.0,,251.6,,35.126477312940004
nc73541731,NC,MLC,,EHZ,1,113.0,,326.9,,18.05805607984
nc73541731,NC,MLH,,EHZ,-1,107.0,,357.4,,22.48361415852
nc73541736,NC,MCV,,EHZ,-1,122.0,,346.2,,13.64361749382
nc73541736,NC,MDR,2.0,EHZ,-1,115.0,,348.3,,18.96985447796
nc73541736,NC,MLC,,EHZ,1,115.0,,325.4,,19.103288389880003
nc73541736,NC,MTU,2.0,EHZ,1,108.0,,122.8,,24.09594059422
nc73541736,NC,MQ1P,,EHZ,1,107.0,,308.1,,25.67490855194
nc73541736,NC,MMP,,EHZ,1,107.0,,306.6,,25.98625434642
nc73541736,NC,MDPB,,HHZ,1,102.0,,305.5,,31.078981984700004
nc73541736,NC,MINS,,HHZ,-1,102.0,,310.8,,31.256893867260004
nc73541736,NC,MDC,2.0,EHZ,1,101.0,,320.5,,34.50378572398
nc73541736,NC,MMT,,EHZ,1,100.0,,253.0,,35.87148332116
nc73541741,NC,MCV,,EHZ,-1,110.0,,354.2,,12.74293858836
nc73541741,NC,MCO,,EHZ,-1,106.0,,345.0,,16.4568491368
nc73541741,NC,MLC,,EHZ,1,105.0,,329.6,,17.55767891014
nc73541741,NC,MMP,,EHZ,1,98.0,,308.3,,24.06258211624
nc73541746,NC,MCO,,EHZ,1,105.0,,345.4,,15.96759145976
nc73541746,NC,MLC,,EHZ,1,104.0,,329.6,,17.04618224778
nc73541746,NC,MDR,2.0,EHZ,-1,103.0,,354.7,,17.624395866100002
nc73541761,NC,MCV,,EHZ,-1,93.0,,354.5,,13.64361749382
nc73541761,NC,MLC,,EHZ,-1,85.0,,331.0,,18.347162889
nc73541761,NC,MDR,2.0,EHZ,1,85.0,,354.3,,19.00321295594
nc73541761,NC,MMT,,EHZ,1,76.0,,252.6,,33.90333312034
nc73541766,NC,MCV,,EHZ,-1,114.0,,349.0,,13.52130307456
nc73541766,NC,MCO,,EHZ,-1,110.0,,341.4,,17.4020060129
nc73541766,NC,MLC,,EHZ,1,108.0,,327.2,,18.7363451321
nc73541766,NC,MMP,,EHZ,1,101.0,,307.6,,25.45251869874
nc73541766,NC,MMT,,EHZ,1,95.0,,252.7,,35.215433254219995
nc73541771,NC,MCV,,EHZ,-1,92.0,,359.5,,13.43234713328
nc73541771,NC,MLC,,EHZ,1,85.0,,334.1,,17.66887383674
nc73541771,NC,MMP,,EHZ,1,83.0,,311.5,,23.66228038048
nc73541771,NC,MMT,,EHZ,-1,76.0,,251.7,,32.82474233232
nc73541776,NC,MCV,,EHZ,-1,92.0,,359.0,,13.43234713328
nc73541776,NC,MLC,,EHZ,1,85.0,,333.8,,17.724471300039998
nc73541776,NC,MMT,,EHZ,1,76.0,,251.8,,32.93593725892
nc73541921,NC,MCV,,EHZ,-1,124.0,,346.5,,13.53242256722
nc73541921,NC,MCO,,EHZ,1,119.0,,339.5,,17.49096195418
nc73541921,NC,MMT,,EHZ,-1,101.0,,252.8,,35.8047663652
nc73544265,NC,MCV,,EHZ,1,116.0,,353.5,,12.69846061772
nc73544265,NC,MCO,,EHZ,1,112.0,,344.4,,16.445729644140002
nc73544265,NC,MLC,,EHZ,1,111.0,,329.1,,17.59103738812
nc73544265,NC,MDR,2.0,EHZ,-1,110.0,,353.5,,18.05805607984
nc73544265,NC,MDPB,,HHZ,1,99.0,,306.5,,29.244265695800003
nc73544265,NC,MINS,,HHZ,-1,98.0,,312.1,,29.47777504166
nc73544265,NC,MDC,2.0,EHZ,1,97.0,,322.2,,32.88033979562
nc73544265,NC,MMP,,EHZ,1,102.0,,308.0,,24.16265755018
nc73544265,NC,MMT,,EHZ,1,96.0,,251.1,,34.336993334080006
nc73544265,NC,MMI,,EHZ,1,88.0,,265.9,,82.64006944912
nc73544265,NC,MPR,,EHZ,-1,86.0,,289.4,,112.0844860128
nc73544270,NC,MCV,,EHZ,-1,109.0,,353.8,,13.2321962654
nc73544270,NC,MCO,,EHZ,-1,106.0,,344.9,,16.9572263065
nc73544270,NC,MLC,,EHZ,1,105.0,,330.0,,18.04693658718
nc73544270,NC,MDR,2.0,EHZ,-1,104.0,,353.7,,18.59179172752
nc73544270,NC,MMP,,EHZ,1,97.0,,309.0,,24.48512283732
nc73544270,NC,MDPB,,HHZ,1,94.0,,307.3,,29.55561149028
nc73544270,NC,MDC,2.0,EHZ,1,93.0,,322.8,,33.29176102404
nc73544270,NC,MMT,,EHZ,1,93.0,,252.0,,34.159081451519995
nc73544360,NC,MCO,,EHZ,-1,122.0,,357.2,,10.297762152426
nc73544360,CI,MLAC,,HHZ,1,117.0,,9.2,,11.675467293
nc73544360,NC,MDR,2.0,EHZ,1,113.0,,8.7,,12.53166822782
nc73544360,NC,MMX1,,HN3,-1,112.0,,318.2,,13.54354205988
nc73544360,NC,MCB,,HHZ,-1,112.0,,345.2,,13.5657810452
nc73544360,NC,MEM,,EHZ,-1,108.0,,335.0,,17.135138189059997
nc73544360,NC,MDH,,HNZ,1,108.0,,345.1,,17.624395866100002
nc73544360,NC,MMP,,EHZ,-1,108.0,,301.6,,17.74671028536
nc73544360,NC,MMLB,,HHZ,-1,107.0,,324.0,,18.24708745506
nc73544360,NC,MCY,,EHZ,-1,105.0,,310.6,,19.94836983204
nc73544360,NC,MDPB,,HHZ,-1,101.0,,301.1,,22.87279640162
nc73544360,NC,MINS,,HHZ,-1,101.0,,308.4,,22.88391589428
nc73544360,NC,MDC,2.0,EHZ,-1,99.0,,321.5,,26.0752102877
nc73544360,NC,MBS1,,EP1,-1,98.0,,343.6,,27.16492056838
nc73544360,NC,MTU,2.0,EHZ,-1,95.0,,126.5,,32.3577236406
nc73544360,NC,MMT,,EHZ,1,95.0,,239.7,,33.03601269286
nc73544360,NC,MRC,,EHZ,1,94.0,,61.9,,34.99304340102
nc73544360,NC,MMI,,EHZ,1,87.0,,261.6,,79.31534114378
nc73544360,BK,TOLH,0.0,HHZ,-1,87.0,,219.1,,82.37320162528
nc73544360,NC,MHD,,EHZ,-1,86.0,,243.9,,102.58843928116
nc73544360,NC,MCS,,EHZ,-1,111.0,,343.4,,14.9001201644
nc73544360,NC,MCV,,EHZ,1,132.0,,19.3,,7.496761951371999
nc73544360,NC,MDY,,HHZ,-1,105.0,,317.1,,20.015086788
nc73544360,NC,MLC,,EHZ,-1,120.0,,331.8,,10.810370764052
nc73544435,NC,MCV,,EHZ,-1,93.0,,357.7,,13.57690053786
nc73544435,NC,MCO,,EHZ,1,94.0,,348.2,,17.14625768172
nc73544435,NC,MLC,,EHZ,1,85.0,,333.1,,17.969100138559998
nc73544435,NC,MDR,2.0,EHZ,-1,85.0,,356.6,,18.91425701466
nc73544435,NC,MMT,,EHZ,1,76.0,,252.2,,33.16944660478
nc73544440,NC,MCO,,EHZ,1,173.0,,228.2,,0.9200268226884
nc73544440,NC,MLC,,EHZ,-1,143.0,,255.4,,5.483021830646
nc73544440,NC,MDC,2.0,EHZ,1,107.0,,300.0,,18.99209346328
nc73544440,NC,MDPB,,HHZ,1,106.0,,272.6,,19.81493592012
nc73544495,NC,MMX1,,HN3,-1,154.0,,345.2,,3.190182444154
nc73544495,NC,MLC,,EHZ,1,148.0,,50.8,,4.00857710393
nc73544495,NC,MQ1P,,EHZ,-1,131.0,,292.7,,6.773994928472001
nc73544495,NC,MMP,,EHZ,-1,129.0,,288.2,,7.267700402576001
nc73544495,NC,MCO,,EHZ,1,124.0,,66.8,,8.403000603162
nc73544495,NC,MDR,2.0,EHZ,-1,114.0,,61.8,,11.47531642512
nc73544495,NC,MINS,,HHZ,1,109.0,,306.4,,12.08688852142
nc73544495,NC,MMT,,EHZ,1,93.0,,220.5,,31.16793792598
nc73544535,NC,MFB,,EHZ,1,114.0,,68.4,,31.823987992920003
nc73544535,NC,MMX1,,HN3,-1,109.0,,332.0,,36.81664019726
nc73544535,NC,MMT,,EHZ,1,109.0,,279.0,,37.32813685962
nc73544535,NC,MCB,,HHZ,-1,109.0,,341.7,,37.40597330824
nc73544535,NC,MCS,,EHZ,-1,108.0,,341.2,,38.76255141276
nc73544535,NC,MQ1P,,EHZ,-1,108.0,,324.7,,39.28516756778
nc73544535,NC,MEM,,EHZ,-1,107.0,,337.8,,40.9753304521
nc73544535,NC,MMLB,,HHZ,-1,107.0,,333.0,,41.74257544564
nc73544535,NC,MDC,2.0,EHZ,-1,103.0,,330.2,,49.32606943976
nc73544535,NC,MBS1,,EP1,1,102.0,,341.8,,51.01623232408
nc73544535,BK,TOLH,0.0,HHZ,-1,96.0,,235.5,,73.24409815141999
nc73544535,NC,MMI,,EHZ,1,94.0,,277.2,,87.48816824888
nc73544535,WR,FRI,,EHZ,1,93.0,,246.4,,91.6802169817
nc73544535,NC,MHD,,EHZ,1,91.0,,257.4,,103.05545797288
nc73544535,NC,MPR,,EHZ,1,88.0,,296.2,,122.6480040398
nc73544535,NC,MCD,,EHZ,1,109.0,,48.6,,37.6394826541
nc73544535,NC,MCO,,EHZ,-1,112.0,,345.0,,33.836616164380004
nc73544535,NC,MCV,,EHZ,-1,115.0,,348.9,,30.022630182000004
nc73544535,NC,MDPB,,HHZ,-1,105.0,,320.9,,44.13326636754
nc73544535,NC,MDR,2.0,EHZ,-1,111.0,,349.6,,35.359986658800004
nc73544535,NC,MINS,,HHZ,-1,105.0,,324.4,,45.02282578034
nc73544535,NC,MLC,,EHZ,-1,111.0,,337.3,,34.62610014324
nc73544535,NC,MMP,,EHZ,-1,108.0,,323.6,,39.39636249438
nc73544535,NC,MTU,2.0,EHZ,1,131.0,,79.8,,18.0135781092
nc73544550,NC,MCV,,EHZ,-1,93.0,,353.3,,29.92255474806
nc73544550,NC,MCO,,EHZ,-1,85.0,,348.9,,33.56974834054
nc73544550,NC,MLC,,EHZ,-1,84.0,,341.0,,34.03676703226
nc73544550,NC,MMP,,EHZ,-1,83.0,,326.6,,38.28441322838
nc73544550,NC,MTU,2.0,EHZ,1,95.0,,80.2,,20.32643258248
nc73544550,NC,MFB,,EHZ,-1,84.0,,69.4,,34.05900601758
nc73544550,NC,MMX1,,HN3,-1,84.0,,335.4,,36.0271562184
nc73544550,NC,MCB,,HHZ,1,83.0,,345.2,,36.99455207982
nc73544550,NC,MQ1P,,EHZ,-1,83.0,,327.7,,38.21769627242
nc73544550,NC,MCS,,EHZ,1,83.0,,344.5,,38.317771706360006
nc73544550,NC,MCD,,EHZ,1,83.0,,50.5,,39.56315488428
nc73544550,NC,MDPB,,HHZ,-1,83.0,,323.5,,42.91012217494
nc73544550,NC,MINS,,HHZ,-1,83.0,,327.1,,43.933115499660005
nc73544550,BK,TOLH,0.0,HHZ,-1,83.0,,234.6,,71.20923099464
nc73544550,NC,MMI,,EHZ,1,83.0,,277.6,,85.24203073155999
nc73544555,NC,MLC,,EHZ,1,105.0,,313.1,,10.010879241798
nc73544555,NC,MCS,,EHZ,-1,95.0,,330.8,,13.26555474338
nc73544555,NC,MMX1,,HN3,-1,95.0,,303.4,,13.4545861186
nc73544555,NC,MEM,,EHZ,-1,95.0,,323.6,,15.93423298178
nc73544555,NC,MQ1P,,EHZ,1,94.0,,292.6,,18.05805607984
nc73544555,NC,MMP,,EHZ,1,85.0,,290.8,,18.54731375688
nc73544555,NC,MINS,,HHZ,1,84.0,,299.7,,23.20638118142
nc73544555,NC,MDPB,,HHZ,1,84.0,,292.7,,23.6289219025
nc73544555,NC,MBS1,,EP1,1,82.0,,337.1,,25.36356275746
nc73544555,NC,MDC,2.0,EHZ,1,82.0,,313.8,,25.56371362534
nc73544555,CI,MLAC,,HHZ,-1,108.0,,357.9,,8.833324969104
nc73544555,NC,MCB,,HHZ,-1,98.0,,331.4,,11.86449866822
nc73544555,NC,MCO,,EHZ,-1,111.0,,340.5,,8.051624635106
nc73544555,NC,MCV,,EHZ,-1,132.0,,3.7,,4.378856209508
nc73544555,NC,MDR,2.0,EHZ,-1,106.0,,358.2,,9.695085650254
nc73544630,NC,MCV,,EHZ,1,155.0,,17.6,,5.246176636988
nc73544630,NC,MCO,,EHZ,1,144.0,,350.4,,8.330723900872
nc73544630,CI,MLAC,,HHZ,1,140.0,,5.9,,9.5071662243
nc73544630,NC,MLC,,EHZ,1,139.0,,321.2,,9.576107078792
nc73544630,NC,MDR,2.0,EHZ,-1,137.0,,5.5,,10.366703006918
nc73544630,NC,MMT,,EHZ,1,104.0,,237.5,,34.88184847442
nc73544635,NC,MLC,,EHZ,-1,158.0,,313.9,,1.381040988372
nc73544635,NC,MCO,,EHZ,-1,126.0,,64.5,,4.011912951728
nc73544635,NC,MCV,,EHZ,-1,107.0,,102.8,,6.781778573334001
nc73544635,NC,MDR,2.0,EHZ,1,106.0,,57.4,,7.12759479506
nc73544670,NC,MTU,2.0,EHZ,1,157.0,,151.8,,5.023786783788
nc73544670,NC,MFB,,EHZ,1,126.0,,74.1,,14.83340320844
nc73544670,NC,MLH,,EHZ,-1,103.0,,328.1,,37.40597330824
nc73544670,NC,MDPB,,HHZ,1,97.0,,301.8,,50.76048399290001
nc73544670,NC,MDC,2.0,EHZ,1,97.0,,311.6,,53.19565288544
nc73544670,NC,MMT,,EHZ,1,97.0,,268.1,,52.23937651668
nc73544670,NP,1679,10.0,HNZ,1,112.0,,52.6,,24.75199066116
nc73544670,NC,MRC,,EHZ,1,106.0,,13.2,,32.01301936814
nc73544670,BK,HELL,0.0,HHZ,-1,91.0,,206.0,,87.98854541858
nc73544705,NC,MTU,2.0,EHZ,-1,97.0,,125.3,,16.94610681384
nc73544705,NC,MCV,,EHZ,-1,96.0,,329.7,,19.13664686786
nc73544705,CI,MLAC,,HHZ,-1,86.0,,334.0,,23.36205407866
nc73544705,NC,MCO,,EHZ,-1,85.0,,327.4,,23.45101001994
nc73544705,NC,MDR,2.0,EHZ,-1,85.0,,334.9,,24.1292990722
nc73544705,NC,MLC,,EHZ,-1,84.0,,317.8,,25.663789059280003
nc73544705,NC,MMP,,EHZ,1,80.0,,304.6,,33.11384914148
nc73544705,NC,MCB,,HHZ,1,82.0,,325.4,,27.45402737754
nc73544705,NC,MLH,,EHZ,-1,82.0,,342.3,,27.65417824542
nc73544705,NC,MQ1P,,EHZ,-1,80.0,,305.7,,32.76914486902
nc73544705,NC,MMLB,,HHZ,-1,80.0,,316.7,,33.32511950202
nc73544705,NC,MDPB,,HHZ,-1,78.0,,303.9,,38.21769627242
nc73544705,NC,MINS,,HHZ,-1,78.0,,308.2,,38.29553272104
nc73544705,NC,MDC,2.0,EHZ,-1,78.0,,316.5,,41.20883979796
nc73544765,NC,MCO,,EHZ,1,120.0,,15.6,,6.264722164644001
nc73544765,NC,MCB,,HHZ,1,108.0,,351.7,,8.944519895704
nc73544765,NC,MMX1,,HN3,1,108.0,,310.5,,8.992333714142
nc73544765,NC,MDR,2.0,EHZ,1,107.0,,26.6,,9.104640590008
nc73544765,NC,MCS,,EHZ,1,104.0,,348.3,,10.227709348668
nc73544765,NC,MEM,,EHZ,1,95.0,,335.8,,12.35375634526
nc73544765,NC,MQ1P,,EHZ,1,95.0,,293.6,,13.3989886553
nc73544765,NC,MMP,,EHZ,1,95.0,,291.2,,13.87712683968
nc73544765,NC,MINS,,HHZ,1,85.0,,302.2,,18.6251502055
nc73544765,NC,MDPB,,HHZ,1,85.0,,293.5,,18.9587349853
nc73544765,NC,MDC,2.0,EHZ,1,85.0,,319.0,,21.39390387784
nc73544765,NC,MMT,,EHZ,1,76.0,,231.5,,33.62534580384
nc73544765,NC,MCV,,EHZ,-1,124.0,,58.9,,5.467454540922
nc73544765,NC,MLC,,EHZ,1,121.0,,331.1,,6.024541123188
nc73544765,NC,MMLB,,HHZ,1,95.0,,320.9,,13.53242256722
nc73544935,NC,MLC,,EHZ,-1,142.0,,181.0,,3.0967787058100003
nc73544935,NC,MMX1,,HN3,1,127.0,,237.4,,4.722448532702
nc73544935,NC,MCO,,EHZ,-1,124.0,,117.1,,5.126086116260001
nc73544935,NC,MQ1P,,EHZ,1,103.0,,252.2,,9.888564822538
nc73544935,NC,MDC,2.0,EHZ,-1,93.0,,304.7,,13.63249800116
nc73544935,NC,MDPB,,HHZ,-1,93.0,,266.7,,14.566535384600002
nc73544995,NC,MCS,,EHZ,-1,158.0,,53.0,,2.748738585552
nc73544995,NC,MCB,,HHZ,-1,156.0,,80.7,,3.025613952786
nc73544995,NC,MLC,,EHZ,-1,153.0,,156.4,,3.38032576864
nc73544995,NC,MMX1,,HN3,-1,151.0,,225.2,,3.612723165234
nc73544995,NC,MDH1,1.0,DP1,-1,144.0,,23.5,,4.815852271046
nc73544995,NC,MCO,,EHZ,-1,135.0,,111.4,,6.417059214086
nc73544995,NC,MDR,2.0,EHZ,-1,126.0,,91.5,,8.370754074448
nc73544995,CI,MLAC,,HHZ,1,125.0,,97.4,,8.42301568995
nc73544995,NC,MMP,,EHZ,-1,122.0,,248.7,,9.285888320366
nc73544995,NC,MCV,,EHZ,-1,118.0,,121.8,,10.544614889478
nc73544995,NC,MINS,,HHZ,-1,115.0,,277.6,,11.59763084438
nc73544995,NC,MDC,2.0,EHZ,1,110.0,,308.4,,12.49830974984
nc73544995,NC,MDPB,,HHZ,1,109.0,,266.3,,13.15435981678
nc73544995,NC,MBS1,,EP1,-1,109.0,,354.8,,13.48794459658
nc73544995,NC,MMT,,EHZ,1,92.0,,216.9,,36.64984780736
nc73545365,NC,MLC,,EHZ,1,147.0,,318.2,,1.732416956428
nc73545365,NC,MCB,,HHZ,1,109.0,,5.5,,4.894800668932
nc73545365,NC,MMX1,,HN3,-1,105.0,,290.0,,5.40963317909
nc73545365,NC,MCS,,EHZ,-1,102.0,,357.0,,6.04344426071
nc73545365,NC,MDH,,HNZ,1,94.0,,356.2,,8.816645730114
nc73545365,NC,MDH1,1.0,DP1,-1,94.0,,356.2,,8.816645730114
nc73545365,NC,MQ1P,,EHZ,1,92.0,,277.5,,10.609107946906
nc73545365,NC,MMP,,EHZ,-1,88.0,,275.3,,11.21956809394
nc73545365,NC,MDY,,HHZ,-1,88.0,,303.5,,11.6198698297
nc73545365,NC,MINS,,HHZ,-1,86.0,,293.0,,15.211465958880002
nc73545365,NC,MDC,2.0,EHZ,-1,83.0,,314.7,,17.2908110863
nc73545365,NC,MMT,,EHZ,1,72.0,,224.5,,34.9708044157
nc73545365,NC,MCO,,EHZ,1,116.0,,59.2,,4.025256342920001
nc73545365,NC,MCV,,EHZ,-1,100.0,,100.2,,6.557164821602
nc73545365,NC,MDPB,,HHZ,-1,85.0,,282.8,,16.034308415719998
nc73545365,NC,MDR,2.0,EHZ,1,98.0,,54.5,,7.179856410562
nc73545365,NC,MEM,,EHZ,-1,96.0,,335.6,,7.997139121072
nc73545370,NC,MMP,,EHZ,-1,103.0,,344.4,,11.7310647563
nc73545370,NC,MMX1,,HN3,1,98.0,,13.5,,12.46495127186
nc73545370,NC,MLC,,EHZ,1,98.0,,30.5,,13.43234713328
nc73545370,NC,MCV,,EHZ,1,96.0,,57.7,,17.090660218420002
nc73545370,NC,MMT,,EHZ,1,86.0,,228.4,,22.08331242276
nc73545370,NC,MCO,,EHZ,1,96.0,,42.8,,16.83491188724
nc73545370,NC,MDPB,,HHZ,1,97.0,,331.1,,15.767440591880002
nc73545620,NC,MDR,2.0,EHZ,1,140.0,,248.3,,6.333663019136
nc73545620,CI,MLAC,,HHZ,1,138.0,,241.5,,6.713949668108
nc73545620,NC,MCV,,EHZ,1,128.0,,214.6,,9.30701535642
nc73545620,NC,MCO,,EHZ,1,127.0,,241.7,,9.394859348434
nc73545620,NC,MLC,,EHZ,1,114.0,,248.0,,13.91048531766
nc73545620,NC,MMT,,EHZ,1,92.0,,229.1,,47.99173032056
nc73545620,NC,MCS,,EHZ,1,116.0,,267.9,,12.0646495361
nc73545620,NC,MEM,,EHZ,1,113.0,,273.0,,15.07803204696
nc73545620,NC,MMX1,,HN3,1,110.0,,254.5,,17.4576034762
nc73545620,NC,MDPB,,HHZ,-1,100.0,,263.9,,27.54298331882
nc73545645,NC,MLH,,EHZ,1,145.0,,327.8,,2.938881910038
nc73545645,NC,MDR,2.0,EHZ,-1,135.0,,239.3,,3.96965887962
nc73545645,CI,MLAC,,HHZ,-1,131.0,,229.9,,4.482267491246
nc73545645,NC,MCO,,EHZ,1,115.0,,234.5,,7.124258947262001
nc73545645,NC,MCV,,EHZ,1,111.0,,200.9,,7.864817158418
nc73545645,NC,MCB,,HHZ,-1,108.0,,261.5,,8.893370229468
nc73545645,NC,MCS,,EHZ,1,106.0,,269.2,,9.58500267292
nc73545645,NC,MLC,,EHZ,-1,100.0,,244.8,,11.51979439576
nc73545645,NC,MBS1,,EP1,-1,94.0,,312.0,,17.446483983540002
nc73545650,NC,MMX1,,HN3,-1,177.0,,101.2,,0.4120883979796
nc73545650,NC,MLC,,EHZ,1,151.0,,98.4,,4.377744260242
nc73545650,NC,MQ1P,,EHZ,-1,147.0,,263.6,,5.061593058832
nc73545650,NC,MMP,,EHZ,1,143.0,,261.0,,5.755449400816
nc73545650,NC,MCO,,EHZ,1,129.0,,89.1,,8.952303540566
nc73545650,NC,MDR,2.0,EHZ,1,121.0,,78.8,,11.5642723664
nc73545650,NC,MCV,,EHZ,1,116.0,,104.5,,12.33151735994
nc73545650,NC,MMT,,EHZ,1,97.0,,215.3,,32.90257878094
nc73545680,NC,MCS,,EHZ,-1,118.0,,265.1,,12.5650267058
nc73545680,NC,MLC,,EHZ,1,116.0,,246.4,,14.57765487726
nc73545680,NC,MEM,,EHZ,1,115.0,,270.7,,15.52281175336
nc73545680,NC,MMX1,,HN3,-1,112.0,,253.1,,18.08029506516
nc73545680,NC,MBS1,,EP1,-1,110.0,,304.1,,19.20336382382
nc73545680,NC,MRC,,EHZ,-1,105.0,,87.3,,22.6837650264
nc73545680,NC,MCY,,EHZ,1,104.0,,264.2,,23.53996596122
nc73545680,NC,MMP,,EHZ,1,104.0,,255.4,,24.16265755018
nc73545680,NC,MDC,2.0,EHZ,-1,103.0,,281.7,,25.02997797766
nc73545680,NC,MMT,,EHZ,1,93.0,,228.9,,48.747855821440005
nc73545680,CI,MLAC,,HHZ,1,137.0,,239.1,,7.425597198348001
nc73545680,NC,MCB,,HHZ,1,122.0,,259.2,,11.9534546095
nc73545680,NC,MCO,,EHZ,1,127.0,,239.9,,10.103171030876
nc73545680,NC,MCV,,EHZ,1,127.0,,214.8,,10.077596197758
nc73545680,NC,MDPB,,HHZ,1,101.0,,262.7,,28.0767189665
nc73545680,NC,MDR,2.0,EHZ,1,139.0,,245.1,,7.007504274332001
nc73545680,NC,MHD,,EHZ,1,86.0,,239.0,,117.1994526364
nc73545700,NC,MCV,,EHZ,-1,96.0,,332.5,,16.31229573222
nc73545700,NC,MCO,,EHZ,-1,85.0,,329.3,,20.58218091366
nc73545700,CI,MLAC,,HHZ,-1,85.0,,336.7,,20.60441989898
nc73545700,NC,MDR,2.0,EHZ,-1,85.0,,337.7,,21.39390387784
nc73545700,NC,MDPB,,HHZ,-1,77.0,,303.0,,35.31550868816
nc73545700,NC,MDC,2.0,EHZ,-1,76.0,,316.7,,38.26217424306
nc73545700,NC,MMT,,EHZ,1,76.0,,256.5,,39.718827781520005
nc73545700,NC,MCB,,HHZ,1,83.0,,326.7,,24.562959285940003
nc73545700,NC,MLH,,EHZ,1,83.0,,345.5,,25.08557544096
nc73545755,NC,MCV,,EHZ,-1,138.0,,301.2,,4.8770094806760005
nc73545755,CI,MLAC,,HHZ,-1,119.0,,325.7,,8.46193391426
nc73545755,NC,MCO,,EHZ,-1,116.0,,308.8,,9.176917292298
nc73545755,NC,MDR,2.0,EHZ,1,116.0,,328.8,,9.178029241564
nc73545755,NC,MLH,,EHZ,-1,103.0,,346.7,,12.68734112506
nc73545755,NC,MLC,,EHZ,1,102.0,,293.0,,12.787416559
nc73545755,NC,MCS,,EHZ,-1,101.0,,311.8,,14.63325234056
nc73545870,NC,MMP,,EHZ,1,99.0,,354.5,,17.26857210098
nc73545870,NC,MQ1P,,EHZ,1,99.0,,356.8,,17.55767891014
nc73545870,NC,MMT,,EHZ,1,99.0,,239.7,,17.379767027579998
nc73545870,NC,MMX1,,HN3,-1,98.0,,13.8,,18.54731375688
nc73545870,NC,MDPB,,HHZ,1,95.0,,342.8,,20.6266588843
nc73545870,NC,MCV,,EHZ,1,91.0,,46.6,,21.92763952552
nc73545870,NC,MCO,,EHZ,1,90.0,,35.3,,22.383538724580003
nc73545870,NC,MDC,2.0,EHZ,1,90.0,,354.4,,28.43254273162
nc73545870,NC,MTU,2.0,EHZ,1,85.0,,105.9,,41.13100334934
nc73545870,NC,MLC,,EHZ,-1,97.0,,25.5,,19.35903672106
nc73545870,NC,MEM,,EHZ,-1,90.0,,14.7,,24.25161349146
nc73545870,BK,MMI,0.0,HHZ,1,84.0,,266.8,,65.06015155365999
nc73545870,NC,MMI,,EHZ,1,84.0,,266.8,,65.07127104632
nc73545870,NC,MHD,,EHZ,1,84.0,,244.6,,86.97667158652
nc73545870,NC,MPR,,EHZ,1,83.0,,294.0,,96.76182512732
nc73545870,BK,LEGD,0.0,HHZ,1,83.0,,255.5,,104.43427506272
nc73545925,NC,MCS,,EHZ,-1,57.0,,319.9,,7.443388386604
nc73545925,NC,MMX1,,HN3,-1,56.0,,278.9,,9.689525903924
nc73545925,NC,MEM,,EHZ,-1,56.0,,311.7,,10.43564386141
nc73545925,NC,MMLB,,HHZ,-1,56.0,,298.8,,12.8430140223
nc73545925,NC,MQ1P,,EHZ,1,56.0,,273.9,,15.04467356898
nc73545925,NC,MMP,,EHZ,1,55.0,,272.5,,15.678484650599998
nc73545925,NC,MINS,,HHZ,1,55.0,,286.9,,19.32567824308
nc73545925,NC,MDPB,,HHZ,1,55.0,,279.1,,20.38203004578
nc73545925,CI,MLAC,,HHZ,-1,107.0,,24.5,,3.239108211858
nc73545925,NC,MCB,,HHZ,-1,63.0,,318.5,,6.047892057774
nc73545925,NC,MCO,,EHZ,1,127.0,,329.0,,1.987053338342
nc73545925,NC,MCV,,EHZ,-1,116.0,,127.8,,2.4785349139140003
nc73545925,NC,MDR,2.0,EHZ,-1,79.0,,19.6,,4.0441594804420005
nc73545925,NC,MLC,,EHZ,1,65.0,,279.5,,5.724314821368
nc73545945,NC,MCV,,EHZ,1,123.0,,357.1,,12.93196996358
nc73545945,NC,MCO,,EHZ,1,119.0,,347.3,,16.53468558542
nc73545945,NC,MLC,,EHZ,1,118.0,,331.8,,17.4576034762
nc73545945,NC,MDR,2.0,EHZ,1,117.0,,356.1,,18.28044593304
nc73545945,NC,MMX1,,HN3,1,114.0,,322.7,,20.05956475864
nc73545945,NC,MQ1P,,EHZ,1,109.0,,311.4,,23.45101001994
nc73545945,NC,MMP,,EHZ,1,109.0,,309.7,,23.728997336440003
nc73545945,NC,MTU,2.0,EHZ,1,107.0,,120.3,,26.497751008780003
nc73545945,NC,MDPB,,HHZ,1,104.0,,307.9,,28.788366496740004
nc73545945,NC,MINS,,HHZ,1,104.0,,313.6,,29.09971229122
nc73545945,NC,MDC,2.0,EHZ,1,102.0,,323.6,,32.62459146444
nc73545945,NC,MMT,,EHZ,1,102.0,,251.2,,33.491911891920005
nc73545945,NC,MFB,,EHZ,1,101.0,,98.0,,35.10423832762
nc73545945,NC,MCB,,HHZ,-1,114.0,,340.8,,20.08180374396
nc73545945,NC,MCS,,EHZ,-1,112.0,,339.8,,21.43838184848
nc73545945,NC,MLH,,EHZ,1,110.0,,1.5,,22.75048198236
nc73545945,NC,MEM,,EHZ,1,109.0,,334.1,,23.76235581442
nc73546010,NC,MCV,,EHZ,1,98.0,,8.2,,13.14324032412
nc73546010,NC,MLC,,EHZ,-1,97.0,,339.7,,16.490207614779997
nc73546010,NC,MDR,2.0,EHZ,-1,96.0,,4.0,,18.36940187432
nc73546010,NC,MMP,,EHZ,-1,86.0,,314.1,,21.89428104754
nc73546010,NC,MMT,,EHZ,1,80.0,,249.8,,31.06786249204
nc73546010,NC,MMX1,,HN3,-1,95.0,,329.0,,18.71410614678
nc73546010,NC,MCS,,EHZ,1,85.0,,346.4,,20.7934512742
nc73546010,NC,MQ1P,,EHZ,-1,86.0,,316.0,,21.67189119434
nc73546010,NC,MDPB,,HHZ,-1,82.0,,311.4,,26.88693325188
nc73546010,NC,MINS,,HHZ,-1,82.0,,317.4,,27.37619092892
nc73546010,BK,MMI,0.0,HHZ,1,77.0,,266.0,,79.29310215846
nc73546010,NC,MMI,,EHZ,-1,77.0,,266.0,,79.29310215846
nc73546175,NC,MCV,,EHZ,-1,125.0,,304.9,,11.49755541044
nc73546175,NC,MDR,2.0,EHZ,-1,116.0,,319.9,,15.55617023134
nc73546175,NC,MCO,,EHZ,1,116.0,,308.3,,15.81191856252
nc73546175,NC,MLH,,EHZ,-1,113.0,,333.5,,18.31380441102
nc73546175,NC,MTU,2.0,EHZ,-1,105.0,,144.6,,24.2404939988
nc73546175,NC,MINS,,HHZ,-1,99.0,,294.7,,32.88033979562
nc73546175,NC,MDPB,,HHZ,1,99.0,,289.8,,33.491911891920005
nc73546175,NC,MMT,,EHZ,1,95.0,,247.0,,43.9775934703
nc73546180,NC,MLC,,EHZ,-1,143.0,,172.4,,3.907389720724
nc73546180,NC,MMX1,,HN3,-1,137.0,,225.7,,4.754695061416
nc73546180,NC,MDPB,,HHZ,1,100.0,,263.3,,14.05503872224
nc73546765,NC,MCV,,EHZ,1,140.0,,47.6,,5.362931309918
nc73546765,NC,MCO,,EHZ,1,132.0,,8.1,,6.895197398466
nc73546765,NC,MLC,,EHZ,-1,131.0,,329.1,,7.074221230291999
nc73546765,CI,MLAC,,HHZ,1,124.0,,22.5,,8.737697332228
nc73546765,NC,MDR,2.0,EHZ,1,121.0,,20.6,,9.544972499344
nc73546765,NC,MCB,,HHZ,1,120.0,,348.2,,9.854094395292
nc73546765,NC,MMX1,,HN3,-1,119.0,,311.3,,10.058693060236
nc73546765,NC,MCS,,EHZ,-1,116.0,,345.5,,11.16397063064
nc73546765,NC,MEM,,EHZ,-1,109.0,,334.4,,13.37674966998
nc73546765,NC,MDH,,HNZ,1,109.0,,347.3,,13.91048531766
nc73546765,NC,MLH,,EHZ,1,108.0,,21.1,,14.41086248736
nc73546765,NC,MINS,,HHZ,-1,103.0,,303.1,,19.65926302288
nc73546765,NC,MDPB,,HHZ,-1,102.0,,294.7,,19.94836983204
nc73546765,NC,MDC,2.0,EHZ,-1,98.0,,318.9,,22.47249466586
nc73546765,NC,MRC,,EHZ,-1,93.0,,68.1,,34.87072898176
nc73546765,NC,MTU,2.0,EHZ,-1,92.0,,129.5,,35.64909346796
nc73546765,BK,MMI,0.0,HHZ,1,87.0,,259.0,,78.43690122364
nc73546765,NC,MMI,,EHZ,1,87.0,,259.0,,78.43690122364
nc73546765,BK,TOLH,0.0,HHZ,-1,87.0,,216.8,,84.18567892886
nc73546765,NC,MHD,,EHZ,1,86.0,,241.8,,102.84418761234
nc73546870,NC,MCV,,EHZ,-1,149.0,,261.2,,3.1234654881940003
nc73546870,NC,MDR,2.0,EHZ,1,129.0,,322.9,,6.083474434286
nc73546870,NC,MCO,,EHZ,1,125.0,,294.4,,6.662800001872
nc73546870,NC,MLH,,EHZ,-1,113.0,,348.9,,9.527181311088
nc73546870,NC,MGPB,,EHZ,-1,111.0,,290.3,,10.226597399402
nc73546870,NC,MCB,,HHZ,-1,110.0,,301.6,,10.632458881492
nc73546870,NC,MLC,,EHZ,1,109.0,,280.5,,10.877087720012002
nc73546870,NC,MBS1,,EP1,1,90.0,,324.5,,22.77272096768
nc73546920,NC,MGPB,,EHZ,1,152.0,,115.2,,2.98558377921
nc73546920,NC,MEM,,EHZ,-1,150.0,,350.1,,3.215757277272
nc73546920,NC,MLC,,EHZ,-1,150.0,,150.4,,3.244667958188
nc73546920,NC,MCB,,HHZ,-1,149.0,,76.6,,3.325840254606
nc73546920,NC,MDH1,1.0,DP1,-1,135.0,,24.8,,5.1705640869
nc73546920,NC,MCO,,EHZ,-1,128.0,,108.3,,6.558276770868
nc73546920,NC,MQ1P,,EHZ,-1,120.0,,250.5,,8.223976771336
nc73546920,NC,MCV,,EHZ,-1,111.0,,119.8,,10.618003541034
nc73546920,NC,MDPB,,HHZ,1,103.0,,267.5,,12.88749199294
nc73546925,NC,MGPB,,EHZ,-1,152.0,,111.3,,2.884396396004
nc73546925,NC,MLC,,EHZ,-1,151.0,,148.6,,3.0467409888400003
nc73546925,NC,MCS,,EHZ,-1,149.0,,48.4,,3.248003805986
nc73546925,NC,MCB,,HHZ,-1,148.0,,72.9,,3.3692062759800003
nc73546925,NC,MEM,,EHZ,1,148.0,,350.5,,3.4370351812060003
nc73546925,NC,MCV,,EHZ,-1,111.0,,118.8,,10.49680107104
nc73546925,NC,MDPB,,HHZ,1,102.0,,268.4,,12.8986114856
nc73547130,NC,MCB,,HHZ,-1,124.0,,337.1,,19.9038918614
nc73547130,NC,MMX1,,HN3,-1,123.0,,319.1,,20.2930741045
nc73547130,NC,MCS,,EHZ,-1,121.0,,336.4,,21.28270895124
nc73547130,NC,MLH,,EHZ,-1,120.0,,358.6,,22.11667090074
nc73547130,NC,MQ1P,,EHZ,-1,118.0,,308.4,,23.918028711660003
nc73547130,NC,MMP,,EHZ,-1,117.0,,306.9,,24.22937450614
nc73547130,NC,MTU,2.0,EHZ,1,116.0,,122.8,,25.86393992716
nc73547130,NC,MDY,,HHZ,-1,115.0,,318.0,,26.76461883262
nc73547130,NC,MINS,,HHZ,-1,111.0,,311.2,,29.511133519640005
nc73547130,NC,MDC,2.0,EHZ,-1,109.0,,321.4,,32.82474233232
nc73547130,NC,MBS1,,EP1,1,109.0,,339.2,,33.48079239926
nc73547130,NC,MFB,,EHZ,1,108.0,,99.3,,34.070125510240004
nc73547130,NC,MRC,,EHZ,1,108.0,,50.8,,34.29251536344
nc73547130,NC,MMT,,EHZ,1,108.0,,250.8,,34.77065354782
nc73547130,BK,MMI,0.0,HHZ,1,93.0,,265.7,,83.00701270690001
nc73547130,NC,MMI,,EHZ,1,93.0,,265.7,,83.00701270690001
nc73547130,NC,MHD,,EHZ,1,90.0,,247.6,,104.36755810676
nc73547130,NC,MPR,,EHZ,1,89.0,,289.2,,112.306875866
nc73547130,BK,LEGD,0.0,HHZ,1,88.0,,256.4,,122.31441926
nc73547130,CI,MLAC,,HHZ,-1,128.0,,351.9,,16.91274833586
nc73547130,NC,MCO,,EHZ,-1,129.0,,342.9,,16.22333979094
nc73547130,NC,MCV,,EHZ,-1,135.0,,351.7,,12.42047330122
nc73547130,NC,MDPB,,HHZ,-1,112.0,,305.6,,29.32210214442
nc73547130,NC,MDR,2.0,EHZ,-1,127.0,,352.3,,17.76894927068
nc73547130,NC,MEM,,EHZ,-1,118.0,,331.0,,23.7401168291
nc73547130,NC,MLC,,EHZ,-1,127.0,,327.6,,17.47984246152
nc73547130,NC,MMLB,,HHZ,-1,116.0,,323.2,,24.98550000702
nc73547285,NC,MCV,,EHZ,-1,97.0,,10.0,,13.6769759718
nc73547285,NC,MCO,,EHZ,-1,96.0,,357.9,,16.70147797532
nc73547285,NC,MLC,,EHZ,-1,96.0,,341.9,,16.75707543862
nc73547285,NC,MDR,2.0,EHZ,1,95.0,,5.4,,18.88089853668
nc73547285,NC,MMP,,EHZ,-1,86.0,,315.9,,21.86092256956
nc73547285,NC,MMT,,EHZ,-1,79.0,,250.3,,30.43405141042
nc73547295,NP,1576,10.0,HNZ,1,98.0,,33.5,,14.69996929652
nc73547295,CI,MLAC,,HHZ,1,96.0,,2.4,,18.98097397062
nc73547295,NC,MMX1,,HN3,-1,95.0,,330.1,,20.2374766412
nc73547295,NC,MCB,,HHZ,-1,85.0,,347.5,,21.04919960538
nc73547295,NC,MCS,,EHZ,-1,86.0,,346.2,,22.36129973926
nc73547295,NC,MQ1P,,EHZ,-1,86.0,,317.7,,23.084066762160003
nc73547295,NC,MEM,,EHZ,-1,84.0,,340.1,,24.42952537402
nc73547295,NC,MDH,,HNZ,-1,84.0,,347.1,,25.10781442628
nc73547295,NC,MMLB,,HHZ,-1,84.0,,332.0,,25.14117290426
nc73547295,NC,MDPB,,HHZ,-1,82.0,,313.0,,28.243511356400003
nc73547295,NC,MDC,2.0,EHZ,-1,79.0,,328.1,,32.780264361680004
nc73547295,NC,MBS1,,EP1,1,79.0,,345.4,,34.62610014324
nc73547295,NC,MRC,,EHZ,1,78.0,,51.2,,38.18433779444
nc73547295,NC,MMI,,EHZ,1,78.0,,267.1,,79.67116490890001
nc73547295,BK,HELL,0.0,HHZ,1,77.0,,190.4,,87.92182846262
nc73547295,NC,MHD,,EHZ,-1,77.0,,248.0,,100.56469161704
nc73547295,NC,MPR,,EHZ,-1,77.0,,290.8,,110.082977334
nc73547295,BK,LEGD,0.0,HHZ,1,77.0,,257.1,,118.7561816088
nc73547295,BK,MMI,0.0,HHZ,1,78.0,,267.1,,79.67116490890001
nc73547295,BK,TOLH,0.0,HHZ,1,78.0,,223.2,,77.49174434753999
nc73547295,NC,MCD,,EHZ,1,78.0,,74.3,,36.8611181679
nc73547295,NC,MCO,,EHZ,-1,96.0,,354.9,,17.791188256
nc73547295,NC,MCV,,EHZ,1,98.0,,5.5,,14.57765487726
nc73547295,NC,MCY,,EHZ,1,83.0,,321.6,,26.0752102877
nc73547295,NC,MDR,2.0,EHZ,1,95.0,,2.3,,19.8482943981
nc73547295,NC,MDY,,HHZ,-1,83.0,,326.4,,26.54222897942
nc73547295,NC,MINS,,HHZ,-1,81.0,,318.7,,28.81060548206
nc73547295,NC,MLC,,EHZ,-1,96.0,,340.0,,18.05805607984
nc73547295,NC,MLH,,EHZ,1,84.0,,6.2,,24.47400334466
nc73547295,NC,MMP,,EHZ,-1,85.0,,316.0,,23.28421763004
nc73547500,NC,MCV,,EHZ,1,155.0,,211.0,,2.0704495332920003
nc73547500,NC,MDR,2.0,EHZ,-1,137.0,,334.9,,3.91962116265
nc73547500,NC,MLH,,EHZ,-1,112.0,,1.3,,8.054960482904
nc73547500,NC,MCB,,HHZ,-1,111.0,,301.3,,8.237320162527999
nc73547500,NC,MLC,,EHZ,1,110.0,,274.5,,8.705450803514
nc73547500,NC,MMP,,EHZ,1,95.0,,271.3,,18.70298665412
nc73547500,NC,MBS1,,EP1,1,85.0,,327.0,,20.55994192834
nc73547500,NC,MRC,,EHZ,1,80.0,,74.5,,28.37694526832
nc73547500,NC,MCO,,EHZ,1,134.0,,289.7,,4.306579507218
nc73547530,NC,MTU,2.0,EHZ,1,130.0,,78.5,,18.36940187432
nc73547530,NC,MCV,,EHZ,1,114.0,,349.6,,30.422931917760003
nc73547530,NC,MFB,,EHZ,1,113.0,,67.8,,32.246528714
nc73547530,NC,MCO,,EHZ,-1,111.0,,345.6,,34.21467891482
nc73547530,NC,MLC,,EHZ,-1,111.0,,338.0,,34.93744593772
nc73547530,NC,MDR,2.0,EHZ,-1,110.0,,350.2,,35.77140788722
nc73547530,NC,MMP,,EHZ,-1,108.0,,324.3,,39.607632854920006
nc73547530,NC,MMX1,,HN3,-1,109.0,,332.7,,37.09462751376
nc73547530,NP,1589,10.0,HNZ,-1,108.0,,83.3,,39.06277771458
nc73547530,NC,MDPB,,HHZ,-1,105.0,,321.6,,44.311178250100006
nc73547530,NC,MINS,,HHZ,-1,105.0,,325.1,,45.24521563354
nc73547530,NC,MDC,2.0,EHZ,-1,103.0,,330.8,,49.5929372636
nc73547530,BK,TOLH,0.0,HHZ,1,96.0,,235.6,,72.75484047438
nc73547530,BK,HELL,0.0,HHZ,1,96.0,,197.8,,74.64515422658
nc73547530,BK,MMI,0.0,HHZ,1,94.0,,277.6,,87.27689788834
nc73547530,NC,MMI,,EHZ,1,94.0,,277.6,,87.27689788834
nc73547630,NC,MCV,,EHZ,-1,151.0,,252.3,,3.223540922134
nc73547630,NC,MDR,2.0,EHZ,-1,133.0,,319.9,,5.684284647792
nc73547630,NC,MCS,,EHZ,1,109.0,,302.4,,11.64210881502
nc73547630,NC,MDH1,1.0,DP1,-1,103.0,,311.8,,13.52130307456
nc73547630,NC,MMX1,,HN3,1,102.0,,278.0,,14.74444726716
nc73547630,NC,MQ1P,,EHZ,1,96.0,,274.5,,20.10404272928
nc73547630,NC,MDY,,HHZ,-1,95.0,,289.0,,20.32643258248
nc73547630,NC,MBS1,,EP1,1,90.0,,323.8,,22.3501802466
nc73547630,NC,MINS,,HHZ,1,90.0,,284.7,,24.318330447420003
nc73547630,NC,MRC,,EHZ,1,90.0,,71.7,,26.686782384
nc73547630,NC,MTU,2.0,EHZ,1,91.0,,143.2,,34.0812450029
nc73547630,NC,MMT,,EHZ,1,87.0,,234.0,,42.10951870342
nc73547630,NC,MMI,,EHZ,1,85.0,,256.9,,86.2872630416
nc73547630,NC,MPR,,EHZ,-1,84.0,,282.4,,109.9717824074
nc73547630,NC,MHD,,EHZ,1,84.0,,241.5,,111.1949266
nc73547630,CI,MLAC,,HHZ,1,137.0,,313.5,,5.068264754428
nc73547630,NC,MCB,,HHZ,1,113.0,,299.3,,10.367814956184
nc73547630,NC,MCO,,EHZ,1,129.0,,290.4,,6.459313286194001
nc73547630,NC,MDPB,,HHZ,1,90.0,,278.5,,25.44139920608
nc73547630,NC,MLC,,EHZ,1,111.0,,277.9,,10.782572032402
nc73547630,NC,MLH,,EHZ,-1,117.0,,348.4,,9.03458778625
nc73547630,NC,MMP,,EHZ,1,94.0,,273.4,,20.7378538109
nc73547635,NC,MCV,,EHZ,-1,85.0,,333.7,,17.02394326246
nc73547635,NC,MTU,2.0,EHZ,-1,84.0,,124.8,,19.39239519904
nc73547635,NC,MCO,,EHZ,-1,83.0,,330.3,,21.27158945858
nc73547635,NC,MDR,2.0,EHZ,-1,82.0,,338.4,,22.13890988606
nc73547635,NC,MLC,,EHZ,-1,81.0,,319.5,,23.32869560068
nc73547635,NC,MMP,,EHZ,1,76.0,,304.8,,30.66756075628
nc73547685,NC,MMX1,,HN3,-1,123.0,,325.4,,8.639845796820001
nc73547685,NC,MCB,,HHZ,1,118.0,,3.6,,10.14653705225
nc73547685,NC,MQ1P,,EHZ,-1,108.0,,302.7,,12.29815888196
nc73547685,NP,1576,10.0,HNZ,1,108.0,,82.2,,13.48794459658
nc73547685,NC,MLI,,HHZ,1,107.0,,312.8,,13.68809546446
nc73547685,NC,MDH,,HNZ,-1,107.0,,358.3,,14.05503872224
nc73547685,NC,MDH1,1.0,DP1,1,107.0,,358.3,,14.05503872224
nc73547685,NC,MCY,,EHZ,-1,106.0,,312.2,,14.87788117908
nc73547685,NC,MDPB,,HHZ,-1,103.0,,299.7,,17.80230774866
nc73547685,NC,MBS1,,EP1,1,96.0,,351.2,,23.350934586
nc73547685,NC,MRC,,EHZ,1,91.0,,68.9,,37.51716823484
nc73547685,BK,TOLH,0.0,HHZ,1,87.0,,215.5,,82.22864822070001
nc73547685,WR,FRI,,EHZ,-1,86.0,,229.0,,94.6824799999
nc73547685,BK,HELL,0.0,HHZ,-1,85.0,,186.2,,97.47347265756
nc73547685,NC,MPR,,EHZ,1,85.0,,286.3,,101.83231378028
nc73547685,BK,BUCR,0.0,HHZ,-1,85.0,,277.3,,110.79462486424
nc73547685,CI,CWC,,HHZ,-1,83.0,,149.2,,143.6638451672
nc73547685,CI,SPG2,,HHZ,-1,83.0,,175.3,,150.669125543
nc73547685,BK,LEGD,0.0,HHZ,1,84.0,,251.5,,116.5322830768
nc73547685,BK,MMI,0.0,HHZ,1,87.0,,258.9,,75.74598399992
nc73547685,CI,MLAC,,HHZ,1,117.0,,34.9,,10.445651404804
nc73547685,NC,BMS,,EHZ,1,80.0,,240.0,,194.8135114032
nc73547685,NC,MCO,,EHZ,1,125.0,,26.3,,8.157259815376
nc73547685,NC,MCS,,EHZ,-1,114.0,,359.2,,11.286285049900002
nc73547685,NC,MCV,,EHZ,1,127.0,,58.1,,7.779197064936
nc73547685,NC,MDC,2.0,EHZ,-1,99.0,,325.1,,21.21599199528
nc73547685,NC,MDR,2.0,EHZ,1,115.0,,32.5,,11.1750901233
nc73547685,NC,MDY,,HHZ,-1,106.0,,320.8,,15.05579306164
nc73547685,NC,MEM,,EHZ,-1,108.0,,345.9,,12.92085047092
nc73547685,NC,MHD,,EHZ,1,85.0,,241.3,,100.28670430054
nc73547685,NC,MINS,,HHZ,-1,103.0,,309.0,,17.80230774866
nc73547685,NC,MLC,,EHZ,-1,132.0,,351.4,,6.618322031232
nc73547685,NC,MLH,,EHZ,1,105.0,,29.3,,15.98983044508
nc73547685,NC,MMI,,EHZ,1,87.0,,258.9,,75.74598399992
nc73547685,NC,MMLB,,HHZ,-1,107.0,,330.7,,13.49906408924
nc73547685,NC,MMP,,EHZ,-1,108.0,,299.8,,12.6762216324
nc73547685,NC,MMT,,EHZ,1,93.0,,231.1,,31.32361082322
nc73547685,NC,MTU,2.0,EHZ,-1,91.0,,126.4,,37.43933178622
nc73547735,NC,MTU,2.0,EHZ,-1,146.0,,148.6,,6.68281508866
nc73547735,NC,MFB,,EHZ,1,121.0,,79.8,,15.622887187300002
nc73547735,NC,MCV,,EHZ,-1,105.0,,316.0,,28.72164954078
nc73547735,NC,MLC,,EHZ,-1,101.0,,310.0,,35.99379774042
nc73547735,NC,MMT,,EHZ,1,95.0,,266.6,,51.19414420664
nc73547845,NC,MCV,,EHZ,1,94.0,,17.4,,17.57991789546
nc73547845,NC,MLC,,EHZ,1,85.0,,353.1,,19.35903672106
nc73547845,NC,MDR,2.0,EHZ,-1,84.0,,11.9,,22.58368959246
nc73547845,NC,MMP,,EHZ,1,84.0,,327.1,,22.61704807044
nc73547845,NC,MMT,,EHZ,1,81.0,,254.8,,26.664543398680003
nc73547870,NC,MCB,,HHZ,1,123.0,,342.4,,9.09574499588
nc73547870,NC,MMX1,,HN3,-1,119.0,,304.2,,10.054245263172
nc73547870,NC,MCS,,EHZ,-1,118.0,,340.2,,10.451211151134
nc73547870,NC,MDH,,HNZ,-1,109.0,,343.2,,13.15435981678
nc73547870,NC,MDH1,1.0,DP1,1,109.0,,343.2,,13.15435981678
nc73547870,NC,MLH,,EHZ,1,109.0,,19.6,,13.2321962654
nc73547870,NC,MQ1P,,EHZ,1,108.0,,290.7,,14.69996929652
nc73547870,NC,MMP,,EHZ,-1,107.0,,288.6,,15.20034646622
nc73547870,NC,MDY,,HHZ,-1,106.0,,308.3,,16.46796862946
nc73547870,NC,MINS,,HHZ,-1,102.0,,299.5,,19.803816427460003
nc73547870,NC,MDPB,,HHZ,-1,102.0,,291.3,,20.25971562652
nc73547870,NC,MDC,2.0,EHZ,-1,98.0,,315.8,,22.26122430532
nc73547870,NC,MBS1,,EP1,-1,98.0,,342.2,,22.70600401172
nc73547870,NC,MRC,,EHZ,1,93.0,,69.2,,33.81437717906
nc73547870,NC,MMT,,EHZ,1,92.0,,232.7,,34.904087459740005
nc73547870,NC,MTU,2.0,EHZ,-1,92.0,,131.5,,35.704690931260004
nc73547870,BK,MMI,0.0,HHZ,1,87.0,,258.4,,79.37093860708
nc73547870,NC,MMI,,EHZ,1,87.0,,258.4,,79.37093860708
nc73547870,BK,TOLH,0.0,HHZ,-1,87.0,,216.8,,85.41994261412
nc73547870,NC,MHD,,EHZ,1,85.0,,241.5,,103.967256371
nc73547870,NC,MPR,,EHZ,-1,85.0,,285.0,,104.71226237922
nc73547870,CI,MLAC,,HHZ,1,129.0,,20.1,,7.55013551614
nc73547870,NC,MCO,,EHZ,1,137.0,,2.2,,5.849965088426
nc73547870,NC,MCV,,EHZ,1,148.0,,50.6,,4.15313050851
nc73547870,NC,MDR,2.0,EHZ,1,125.0,,18.1,,8.369642125182
nc73547870,NC,MEM,,EHZ,-1,109.0,,329.5,,12.86525300762
nc73547870,NC,MLC,,EHZ,-1,133.0,,319.3,,6.719509414438
nc73547870,NC,MMLB,,HHZ,-1,108.0,,315.9,,14.37750400938
nc73547875,NC,MCV,,EHZ,1,140.0,,47.3,,5.088279841216
nc73547875,NC,MCO,,EHZ,1,130.0,,6.4,,6.701718226182
nc73547875,NC,MLC,,EHZ,-1,129.0,,326.9,,7.050870295706
nc73547875,CI,MLAC,,HHZ,1,122.0,,21.5,,8.499740189304
nc73547875,NC,MDR,2.0,EHZ,1,119.0,,19.7,,9.31257510275
nc73547875,NC,MMT,,EHZ,1,91.0,,233.3,,33.992289061620006
nc73547905,NC,MCV,,EHZ,1,141.0,,42.5,,5.03157042865
nc73547905,NC,MCO,,EHZ,-1,131.0,,3.4,,6.930779774978
nc73547905,NC,MLC,,EHZ,-1,128.0,,325.8,,7.454507879264001
nc73547905,CI,MLAC,,HHZ,1,123.0,,18.8,,8.625390456362
nc73547905,NC,MDR,2.0,EHZ,1,120.0,,17.2,,9.450456811734
nc73547905,NC,MCB,,HHZ,1,118.0,,345.3,,10.073148400694
nc73547905,NC,MLH,,EHZ,1,107.0,,18.9,,14.310787053420002
nc73547905,NC,MINS,,HHZ,-1,101.0,,302.4,,20.1818791779
nc73547905,NC,MDPB,,HHZ,-1,100.0,,294.3,,20.49322497238
nc73547905,NC,MDC,2.0,EHZ,1,97.0,,318.0,,22.91727437226
nc73547905,NC,MMT,,EHZ,1,92.0,,234.0,,34.11460348088
nc73547920,NC,MCV,,EHZ,1,96.0,,15.7,,17.379767027579998
nc73547920,NC,MLC,,EHZ,1,95.0,,351.5,,19.39239519904
nc73547920,NC,MCO,,EHZ,1,95.0,,5.0,,20.015086788
nc73547920,NC,MMX1,,HN3,-1,85.0,,341.0,,20.88240721548
nc73547920,NC,MDR,2.0,EHZ,-1,86.0,,10.6,,22.42801669522
nc73547920,NC,MQ1P,,EHZ,-1,86.0,,327.7,,22.82831843098
nc73547920,NC,MMP,,EHZ,-1,86.0,,325.8,,22.89503538694
nc73547920,NC,MMT,,EHZ,1,82.0,,255.1,,27.22051803168
nc73547920,NC,MDPB,,HHZ,-1,82.0,,321.1,,27.58746128946
nc73547920,NC,MINS,,HHZ,-1,81.0,,326.7,,28.54373765822
nc73547920,NC,MDC,2.0,EHZ,-1,79.0,,335.0,,33.14720761946
nc73547920,NC,MFB,,EHZ,1,78.0,,91.5,,40.17472698058
nc73547960,NC,MCV,,EHZ,1,119.0,,31.3,,8.129461083726
nc73547960,NC,MLC,,EHZ,-1,112.0,,340.3,,9.981968560882
nc73547960,NC,MCO,,EHZ,1,112.0,,6.9,,10.231045196466
nc73547960,NC,MDR,2.0,EHZ,1,102.0,,16.4,,12.787416559
nc73548035,NC,MLC,,EHZ,-1,133.0,,319.4,,6.653904407744
nc73548035,NC,MMX1,,HN3,-1,119.0,,304.3,,9.984192459414
nc73548035,NP,1576,10.0,HNZ,1,119.0,,88.1,,10.023110683724
nc73548035,NC,MDH,,HNZ,1,109.0,,343.4,,13.10988184614
nc73548035,NC,MQ1P,,EHZ,1,107.0,,290.6,,14.63325234056
nc73548035,NC,MMP,,EHZ,1,107.0,,288.5,,15.13362951026
nc73548035,NC,MDY,,HHZ,-1,106.0,,308.4,,16.4012516735
nc73548035,NC,MCY,,EHZ,-1,105.0,,300.6,,16.70147797532
nc73548035,NC,MDPB,,HHZ,-1,101.0,,291.3,,20.1818791779
nc73548035,NC,MRC,,EHZ,1,93.0,,69.3,,33.8588551497
nc73548035,NC,MTU,2.0,EHZ,-1,92.0,,131.5,,35.77140788722
nc73548035,BK,TOLH,0.0,HHZ,1,87.0,,216.8,,85.41994261412
nc73548035,BK,HELL,0.0,HHZ,1,85.0,,188.1,,99.37490590242
nc73548035,NC,MPR,,EHZ,1,85.0,,285.0,,104.64554542326
nc73548035,BK,BUCR,0.0,HHZ,1,85.0,,276.4,,113.974799765
nc73548035,BK,LEGD,0.0,HHZ,1,84.0,,251.3,,120.2017156546
nc73548035,BK,MMI,0.0,HHZ,1,87.0,,258.3,,79.31534114378
nc73548035,CI,BAK,,HHZ,1,49.0,,185.0,,247.5199066116
nc73548035,CI,MLAC,,HHZ,1,129.0,,20.6,,7.535680175682
nc73548035,NC,MCB,,HHZ,-1,123.0,,342.7,,9.043483380378
nc73548035,NC,MCO,,EHZ,1,137.0,,2.8,,5.81549466118
nc73548035,NC,MCS,,EHZ,-1,118.0,,340.4,,10.3967256371
nc73548035,NC,MCV,,EHZ,1,147.0,,51.5,,4.176481443096001
nc73548035,NC,MDC,2.0,EHZ,-1,98.0,,315.8,,22.19450734936
nc73548035,NC,MDR,2.0,EHZ,1,125.0,,18.6,,8.352962886192001
nc73548035,NC,MEM,,EHZ,-1,109.0,,329.6,,12.79853605166
nc73548035,NC,MHD,,EHZ,1,85.0,,241.5,,103.93389789302
nc73548035,NC,MINS,,HHZ,-1,102.0,,299.5,,19.72597997884
nc73548035,NC,MLH,,EHZ,1,109.0,,19.9,,13.22107677274
nc73548035,NC,MMI,,EHZ,1,87.0,,258.3,,79.31534114378
nc73548035,NC,MMLB,,HHZ,-1,108.0,,316.0,,14.310787053420002
nc73548035,NC,MMT,,EHZ,1,92.0,,232.6,,34.88184847442
nc73548050,NC,MLC,,EHZ,-1,134.0,,320.5,,6.264722164644001
nc73548050,NC,MCB,,HHZ,1,123.0,,344.3,,8.733249535164
nc73548050,NC,MMX1,,HN3,-1,119.0,,304.3,,9.57944292659
nc73548050,NC,MCS,,EHZ,1,118.0,,341.8,,10.076484248492
nc73548050,NC,MEM,,EHZ,-1,108.0,,330.4,,12.44271228654
nc73548050,NC,MQ1P,,EHZ,-1,107.0,,290.2,,14.2329506048
nc73548050,NC,MMP,,EHZ,-1,106.0,,288.1,,14.74444726716
nc73548050,NC,MINS,,HHZ,-1,102.0,,299.4,,19.32567824308
nc73548050,NC,MDPB,,HHZ,-1,101.0,,291.0,,19.7926969348
nc73548050,NC,MDC,2.0,EHZ,-1,98.0,,316.1,,21.794205613600003
nc73548050,NC,MMT,,EHZ,1,92.0,,232.0,,34.7484145625
nc73548050,CI,MLAC,,HHZ,1,128.0,,23.6,,7.458955676328
nc73548050,NC,MCO,,EHZ,1,137.0,,6.3,,5.62090353963
nc73548050,NC,MCV,,EHZ,1,146.0,,56.6,,4.321034847676
nc73548050,NC,MDR,2.0,EHZ,1,124.0,,21.3,,8.260671097113999
nc73548050,NC,MLH,,EHZ,1,108.0,,21.6,,13.13212083146
nc73548080,NC,MMX1,,HN3,-1,119.0,,303.8,,9.910803807858
nc73548080,NC,MCS,,EHZ,-1,118.0,,340.3,,10.287754609032
nc73548080,NC,MDH,,HNZ,-1,109.0,,343.3,,12.99868691954
nc73548080,NC,MDH1,1.0,DP1,1,109.0,,343.3,,12.99868691954
nc73548080,NC,MQ1P,,EHZ,-1,108.0,,290.2,,14.57765487726
nc73548080,NC,MMP,,EHZ,-1,107.0,,288.1,,15.07803204696
nc73548080,NC,MDY,,HHZ,-1,106.0,,308.1,,16.32341522488
nc73548080,NC,MCY,,EHZ,1,106.0,,300.3,,16.6236415267
nc73548080,NC,MINS,,HHZ,-1,102.0,,299.2,,19.65926302288
nc73548080,NC,MDC,2.0,EHZ,-1,99.0,,315.7,,22.10555140808
nc73548080,NC,MRC,,EHZ,1,93.0,,69.4,,33.836616164380004
nc73548080,NC,MMT,,EHZ,1,92.0,,232.5,,34.93744593772
nc73548080,NC,MTU,2.0,EHZ,-1,92.0,,131.6,,35.8603638285
nc73548080,NC,MMI,,EHZ,1,87.0,,258.3,,79.32646063644
nc73548080,BK,TOLH,0.0,HHZ,-1,87.0,,216.7,,85.49777906274001
nc73548080,BK,HELL,0.0,HHZ,-1,85.0,,188.0,,99.48610082902
nc73548080,NC,MPR,,EHZ,-1,85.0,,285.0,,104.60106745262
nc73548080,BK,LEGD,0.0,HHZ,1,84.0,,251.3,,120.2017156546
nc73548080,BK,MMI,0.0,HHZ,1,87.0,,258.3,,79.32646063644
nc73548080,CI,MLAC,,HHZ,1,129.0,,21.0,,7.437828640274001
nc73548080,NC,MCB,,HHZ,-1,123.0,,342.5,,8.932288453778
nc73548080,NC,MCO,,EHZ,1,138.0,,3.0,,5.705411683846
nc73548080,NC,MCV,,EHZ,1,148.0,,52.8,,4.11977203053
nc73548080,NC,MDPB,,HHZ,-1,102.0,,291.0,,20.13740120726
nc73548080,NC,MDR,2.0,EHZ,1,126.0,,18.9,,8.252887452251999
nc73548080,NC,MEM,,EHZ,-1,109.0,,329.4,,12.69846061772
nc73548080,NC,MHD,,EHZ,1,85.0,,241.5,,103.97837586366
nc73548080,NC,MLC,,EHZ,-1,133.0,,318.9,,6.559388720134001
nc73548080,NC,MLH,,EHZ,1,109.0,,20.1,,13.1210013388
nc73548080,NC,MMLB,,HHZ,-1,108.0,,315.7,,14.21071161948
nc73548085,NC,MCV,,EHZ,1,152.0,,47.6,,3.827329373572
nc73548085,NC,MCO,,EHZ,1,141.0,,358.4,,5.792143726594
nc73548085,NC,MLC,,EHZ,-1,135.0,,316.6,,6.936339521308
nc73548085,NC,MDR,2.0,EHZ,1,130.0,,15.7,,8.205073633814
nc73548085,NC,MCB,,HHZ,1,126.0,,340.0,,9.16802169817
nc73548085,NC,MLH,,EHZ,1,113.0,,18.1,,13.05428438284
nc73548085,NC,MMT,,EHZ,1,94.0,,233.0,,35.248791732200004
nc73548095,NC,MCV,,EHZ,-1,153.0,,48.1,,3.756164620548
nc73548095,NC,MCO,,EHZ,1,141.0,,358.1,,5.718755075038
nc73548095,NC,MLC,,EHZ,-1,135.0,,316.0,,6.902981043328
nc73548095,CI,MLAC,,HHZ,1,133.0,,17.4,,7.294387184960001
nc73548095,NC,MDR,2.0,EHZ,1,130.0,,15.7,,8.126125235928
nc73548095,NC,MMT,,EHZ,1,94.0,,233.0,,35.31550868816
nc73548100,NC,MCV,,EHZ,-1,152.0,,47.8,,3.815097931646
nc73548100,NC,MCO,,EHZ,1,140.0,,358.4,,5.773240589072
nc73548100,NC,MLC,,EHZ,-1,134.0,,316.5,,6.922996130116
nc73548100,CI,MLAC,,HHZ,1,132.0,,17.5,,7.356656343856
nc73548100,NC,MDR,2.0,EHZ,1,129.0,,15.8,,8.187282445558
nc73548120,NC,MCB,,HHZ,1,166.0,,302.5,,1.602318892306
nc73548120,NC,MCO,,EHZ,1,159.0,,140.3,,2.555259413268
nc73548120,NC,MCS,,EHZ,1,156.0,,313.5,,2.9444416563680003
nc73548120,NC,MLC,,EHZ,-1,148.0,,227.5,,4.040823632644
nc73548120,NC,MDH1,1.0,DP1,-1,140.0,,333.4,,5.356259614322
nc73548120,NC,MCV,,EHZ,-1,132.0,,138.3,,6.943011216904001
nc73548120,NC,MLH,,EHZ,1,129.0,,51.5,,7.490090255776001
nc73548180,NC,MLC,,EHZ,-1,133.0,,317.2,,6.061235448966
nc73548180,CI,MLAC,,HHZ,-1,128.0,,23.9,,7.04975834644
nc73548180,NC,MCB,,HHZ,-1,122.0,,342.7,,8.398552806098
nc73548180,NC,MMX1,,HN3,-1,118.0,,301.9,,9.47936749265
nc73548180,NC,MEM,,EHZ,-1,106.0,,329.0,,12.1758444627
nc73548180,NC,MLH,,EHZ,1,106.0,,21.7,,12.72069960304
nc73548180,NC,MQ1P,,EHZ,1,104.0,,288.6,,14.2329506048
nc73548180,NC,MMP,,EHZ,1,104.0,,286.5,,14.755566759820002
nc73548180,NC,MINS,,HHZ,-1,99.0,,298.2,,19.25896128712
nc73548180,NC,MDPB,,HHZ,-1,99.0,,289.9,,19.78157744214
nc73548180,NC,MCO,,EHZ,1,138.0,,5.4,,5.22060180387
nc73548180,NC,MCV,,EHZ,1,146.0,,60.2,,4.005241256132001
nc73548180,NC,MDR,2.0,EHZ,1,124.0,,21.4,,7.85036181796
nc73548465,NC,MLC,,EHZ,-1,135.0,,320.6,,6.1846618174920005
nc73548465,NC,MDR,2.0,EHZ,1,125.0,,21.8,,8.230648466932001
nc73548465,NC,MCB,,HHZ,1,123.0,,344.6,,8.664308680672
nc73548465,NC,MMX1,,HN3,-1,120.0,,304.2,,9.499382579438
nc73548465,NC,MCS,,EHZ,1,118.0,,342.0,,10.005319495468
nc73548465,NC,MLH,,EHZ,1,108.0,,21.9,,13.09876235348
nc73548465,NC,MQ1P,,EHZ,-1,107.0,,290.1,,14.15511415618
nc73548465,NC,MINS,,HHZ,-1,102.0,,299.4,,19.24784179446
nc73548465,NC,MDPB,,HHZ,-1,101.0,,291.0,,19.71486048618
nc73548465,NC,MDC,2.0,EHZ,-1,98.0,,316.1,,21.71636916498
nc73548465,NC,MMT,,EHZ,1,92.0,,231.9,,34.73729506984
nc73548465,NC,MCO,,EHZ,1,138.0,,7.0,,5.571977771926
nc73548465,NC,MCV,,EHZ,1,146.0,,57.6,,4.341049934464
nc73548535,NC,MCV,,EHZ,-1,155.0,,198.9,,2.247249466586
nc73548535,CI,MLAC,,HHZ,1,151.0,,330.2,,2.693141122252
nc73548535,NC,MDR,2.0,EHZ,1,144.0,,337.5,,3.461498065058
nc73548535,NC,MLC,,EHZ,1,114.0,,272.3,,8.346291190596
nc73548535,NC,MCS,,EHZ,-1,111.0,,304.2,,9.052378974506
nc73548535,NC,MDH1,1.0,DP1,1,105.0,,315.4,,11.031648667986
nc73548535,NC,MEM,,EHZ,-1,98.0,,301.2,,12.253680911320002
nc73548535,NC,MMX1,,HN3,-1,98.0,,274.2,,12.29815888196
nc73548535,NC,MMLB,,HHZ,-1,97.0,,291.8,,15.02243458366
nc73548535,NC,MQ1P,,EHZ,1,96.0,,271.4,,17.70223231472
nc73548535,NC,MMP,,EHZ,1,96.0,,270.3,,18.35828238166
nc73548535,NC,MINS,,HHZ,1,86.0,,283.3,,21.77196662828
nc73548535,NC,MDC,2.0,EHZ,-1,86.0,,299.9,,22.47249466586
nc73548535,NC,MMT,,EHZ,1,77.0,,230.8,,40.94197197412
nc73548535,NC,MCB,,HHZ,-1,116.0,,300.4,,7.765853673744
nc73548535,NC,MCO,,EHZ,-1,140.0,,286.4,,3.876255141276
nc73548535,NC,MDPB,,HHZ,1,86.0,,276.5,,22.97287183556
nc73548895,NP,1576,10.0,HNZ,-1,117.0,,325.0,,23.53996596122
nc73548895,NP,1589,10.0,HNZ,1,116.0,,99.3,,24.32944994008
nc73548895,NP,1679,10.0,HNZ,1,115.0,,54.4,,25.21900935288
nc73548895,NC,MCV,,EHZ,-1,110.0,,316.9,,29.5778504756
nc73548895,NC,MRC,,EHZ,-1,109.0,,14.8,,31.879585456220003
nc73548895,CI,MLAC,,HHZ,-1,108.0,,321.4,,33.33623899468
nc73548895,NC,MCO,,EHZ,-1,107.0,,316.9,,33.9700500763
nc73548895,NC,MDR,2.0,EHZ,-1,107.0,,322.3,,34.00340855428
nc73548895,NC,MLH,,EHZ,-1,105.0,,328.9,,36.67208679268
nc73548895,NC,MLC,,EHZ,-1,105.0,,310.9,,36.794401211940006
nc73548895,NP,1587,10.0,HNZ,1,105.0,,56.8,,38.23993525774
nc73548895,NC,MCS,,EHZ,-1,104.0,,316.9,,39.46307945034
nc73548895,NC,MMX1,,HN3,1,104.0,,307.8,,40.1969659659
nc73548895,NC,MMP,,EHZ,1,102.0,,302.2,,44.73371897118
nc73548895,NC,MINS,,HHZ,1,100.0,,305.3,,49.804207624140005
nc73548895,NC,MDPB,,HHZ,1,100.0,,302.0,,49.85980508744
nc73548895,NC,MMT,,EHZ,1,99.0,,267.7,,51.41653405984
nc73548895,BK,HELL,0.0,HHZ,-1,92.0,,205.4,,87.94406744794
nc73548895,BK,TOLH,0.0,HHZ,1,92.0,,236.6,,89.71206678088
nc73548895,NN,LHV,,HHZ,-1,91.0,,5.0,,95.2940520962
nc73548895,BK,MMI,0.0,HHZ,1,91.0,,271.8,,101.33193661058
nc73548895,NC,MMI,,EHZ,1,91.0,,271.8,,101.34305610324
nc73548895,WR,FRI,,EHZ,1,89.0,,245.7,,108.15930510382
nc73548895,NC,MHD,,EHZ,1,89.0,,255.2,,118.978571462
nc73548895,BK,KARE,0.0,HHZ,-1,89.0,,222.4,,119.7569359482
nc73548895,BK,LIND,0.0,HHZ,-1,88.0,,199.5,,122.7591989664
nc73548895,NC,MPR,,EHZ,1,87.0,,290.4,,132.877937287
nc73548895,CI,SPG2,,HHZ,-1,87.0,,186.4,,133.54510684660002
nc73548895,BK,LEGD,0.0,HHZ,1,87.0,,262.1,,138.8824633234
nc73548895,BK,MERC,0.0,HHZ,1,84.0,,270.3,,164.6796862946
nc73548895,CI,ISA,,HHZ,1,69.0,,176.6,,192.7008077978
nc73548930,NP,1576,10.0,HNZ,1,126.0,,89.4,,6.2925208962940005
nc73548930,NC,MMX1,,HN3,1,100.0,,294.1,,13.1210013388
nc73548930,NC,MDH,,HNZ,-1,99.0,,328.8,,14.3997429947
nc73548930,NC,MDH1,1.0,DP1,1,99.0,,328.8,,14.3997429947
nc73548930,NC,MCY,,EHZ,-1,95.0,,294.5,,19.89277236874
nc73548930,NC,MINS,,HHZ,-1,92.0,,294.4,,22.93951335758
nc73548930,NC,MBS1,,EP1,1,93.0,,333.6,,23.81795327772
nc73548930,NN,LHV,,HHZ,1,79.0,,20.2,,80.77199468224
nc73548930,BK,MMI,0.0,BHZ,1,79.0,,258.7,,83.01813219956
nc73548930,WR,FRI,,EHZ,1,79.0,,230.9,,101.23186117664
nc73548930,GS,MCA04,0.0,HHZ,1,79.0,,59.7,,113.1964352788
nc73548930,BK,BUCR,0.0,HHZ,1,79.0,,276.1,,117.6442323428
nc73548930,CI,CWC,,HHZ,1,78.0,,152.0,,141.77353141499998
nc73548930,BK,CMB,0.0,HHZ,-1,78.0,,291.1,,146.9996929652
nc73548930,CI,SPG2,,HHZ,-1,77.0,,178.0,,152.0034646622
nc73548930,CI,POR,,HHZ,-1,77.0,,185.7,,163.456542102
nc73548930,BK,WELL,0.0,HHZ,-1,76.0,,300.7,,192.8120027244
nc73548930,CI,WAS2,,HHZ,1,76.0,,173.3,,204.598664944
nc73548930,CI,WNM,,EHZ,-1,71.0,,156.6,,208.490487375
nc73548930,CI,ISA,,HHZ,-1,60.0,,171.5,,213.8278438518
nc73548930,NC,CDG,1.0,EHZ,1,47.0,,265.4,,218.498030769
nc73548930,BK,HELL,0.0,HHZ,-1,79.0,,190.2,,100.23110683724
nc73548930,BK,LEGD,0.0,HHZ,1,79.0,,251.8,,123.7599533058
nc73548930,BK,LIND,0.0,HHZ,-1,78.0,,188.8,,136.5473698648
nc73548930,BK,MERC,0.0,HHZ,1,78.0,,262.6,,145.9989386258
nc73548930,BK,TOLH,0.0,HHZ,1,79.0,,218.6,,87.91070896996
nc73548930,CI,MLAC,,HHZ,-1,123.0,,351.1,,6.875182311678
nc73548930,NC,BMS,,EHZ,1,76.0,,240.6,,201.818791779
nc73548930,NC,MCB,,HHZ,-1,109.0,,322.6,,10.554622432872002
nc73548930,NC,MCO,,EHZ,-1,125.0,,328.3,,6.529366089952
nc73548930,NC,MCS,,EHZ,-1,105.0,,323.0,,11.9534546095
nc73548930,NC,MCV,,EHZ,-1,155.0,,349.1,,2.377347530708
nc73548930,NC,MDC,2.0,EHZ,-1,94.0,,309.3,,24.77422964648
nc73548930,NC,MDPB,,HHZ,1,93.0,,287.4,,23.61780240984
nc73548930,NC,MDR,2.0,EHZ,-1,119.0,,352.2,,7.725823500168
nc73548930,NC,MDY,,HHZ,-1,96.0,,300.9,,19.33679773574
nc73548930,NC,MEM,,EHZ,-1,99.0,,316.7,,14.85564219376
nc73548930,NC,MGS,1.0,EHZ,-1,79.0,,231.2,,125.3166822782
nc73548930,NC,MHD,,EHZ,1,79.0,,242.4,,107.34758213964
nc73548930,NC,MLC,,EHZ,-1,113.0,,300.8,,9.375956210912
nc73548930,NC,MLH,,EHZ,-1,100.0,,3.7,,12.18696395536
nc73548930,NC,MMI,,EHZ,1,79.0,,258.7,,83.01813219956
nc73548930,NC,MMLB,,HHZ,-1,98.0,,306.3,,16.9572263065
nc73548930,NC,MMP,,EHZ,1,96.0,,284.2,,18.63626969816
nc73548930,NC,MMT,,EHZ,1,80.0,,235.7,,38.06202337518
nc73548930,NC,MPR,,EHZ,1,79.0,,284.4,,108.18154408914
nc73548930,NC,MQ1P,,EHZ,1,97.0,,285.7,,18.09141455782
nc73548930,NC,MRC,,EHZ,1,82.0,,67.3,,30.300617498500003
nc73548930,NC,MTU,2.0,EHZ,-1,81.0,,136.1,,33.25840254606
nc73549115,NC,MCV,,EHZ,1,103.0,,6.8,,11.44195794714
nc73549115,NC,MLC,,EHZ,-1,97.0,,335.7,,15.16698798824
nc73549115,NC,MMT,,EHZ,1,79.0,,247.3,,32.14645328006
nc73549415,NC,MTU,2.0,EHZ,1,172.0,,219.7,,1.8803062088060003
nc73549415,NC,MFB,,EHZ,1,134.0,,56.6,,12.787416559
nc73549415,NC,MCV,,EHZ,-1,108.0,,315.4,,35.04864086432
nc73549415,NC,MCO,,EHZ,-1,105.0,,315.6,,39.44084046502
nc73549415,NC,MCD,,EHZ,1,120.0,,24.9,,22.27234379798
nc73549425,NC,MTU,2.0,EHZ,-1,138.0,,131.0,,5.595328706511999
nc73549425,NC,MCV,,EHZ,-1,93.0,,319.7,,29.733523372840004
nc73549425,NC,MCO,,EHZ,-1,92.0,,319.4,,34.12572297354
nc73549425,NC,MLC,,EHZ,1,92.0,,313.2,,36.78328171928
nc73549425,NC,MCB,,HHZ,1,91.0,,318.8,,38.21769627242
nc73549425,NC,MMT,,EHZ,1,88.0,,268.9,,50.382421242460005
nc73549475,CI,MLAC,,HHZ,-1,156.0,,344.1,,2.100472163474
nc73549475,NC,MCV,,EHZ,1,153.0,,179.2,,2.439616689604
nc73549475,NC,MDR,2.0,EHZ,-1,148.0,,349.0,,2.9355460622400003
nc73549475,NC,MCO,,EHZ,-1,147.0,,284.8,,3.054524633702
nc73549475,NC,MCB,,HHZ,-1,120.0,,301.3,,6.947459013968
nc73549475,NC,MLH,,EHZ,-1,117.0,,9.8,,7.497873900638001
nc73549475,NC,MLC,,EHZ,-1,117.0,,270.1,,7.574598399992
nc73549475,NC,MCS,,EHZ,-1,114.0,,305.4,,8.243991858124
nc73549475,NC,MMP,,EHZ,-1,96.0,,269.2,,17.59103738812
nc73549520,CI,MLAC,,HHZ,-1,155.0,,322.2,,2.161629373104
nc73549520,NC,MCV,,EHZ,1,148.0,,194.5,,2.8454781716940003
nc73549520,NC,MDR,2.0,EHZ,-1,148.0,,333.0,,2.883284446738
nc73549520,NC,MCO,,EHZ,-1,140.0,,277.1,,3.732813685962
nc73549520,NC,MLH,,EHZ,-1,118.0,,4.3,,7.093124367814
nc73549520,NC,MCB,,HHZ,-1,117.0,,296.2,,7.45561982853
nc73549520,NC,MLC,,EHZ,1,112.0,,267.9,,8.330723900872
nc73549520,NC,MMP,,EHZ,1,95.0,,268.3,,18.347162889
nc73549970,NP,1576,10.0,HNZ,-1,122.0,,56.9,,8.448590523068
nc73549970,NC,MCO,,EHZ,-1,115.0,,345.4,,10.423412419484
nc73549970,NC,MLC,,EHZ,-1,111.0,,322.2,,11.82002069758
nc73549970,NC,MDR,2.0,EHZ,-1,107.0,,358.8,,12.18696395536
nc73549970,NC,MMX1,,HN3,-1,104.0,,311.6,,14.93347864238
nc73549970,NC,MLH,,EHZ,1,103.0,,5.4,,16.76819493128
nc73549970,NC,MEM,,EHZ,-1,101.0,,328.5,,17.980219631220002
nc73549970,NC,MQ1P,,EHZ,-1,100.0,,299.6,,19.103288389880003
nc73549970,NC,MINS,,HHZ,-1,94.0,,304.9,,24.48512283732
nc73549970,NC,MDPB,,HHZ,-1,94.0,,298.1,,24.64079573456
nc73549970,NC,MDC,2.0,EHZ,1,92.0,,317.7,,27.309473972960003
nc73549970,NC,MBS1,,EP1,-1,92.0,,339.3,,27.65417824542
nc73549970,NC,MTU,2.0,EHZ,-1,90.0,,129.2,,30.77875568288
nc73549970,NC,MRC,,EHZ,1,91.0,,60.5,,33.01377370754
nc73549970,NC,MMT,,EHZ,1,91.0,,241.2,,35.015282386340004
nc73549970,NC,MCB,,HHZ,1,105.0,,336.5,,14.07727770756
nc73549970,NC,MCV,,EHZ,-1,129.0,,2.9,,6.875182311678
nc73549970,NC,MGPB,,EHZ,-1,106.0,,330.5,,12.49830974984
nc73550365,NC,MMX1,,HN3,-1,110.0,,321.1,,15.68960414326
nc73550365,NC,MQ1P,,EHZ,-1,105.0,,307.6,,19.27008077978
nc73550365,NC,MLH,,EHZ,-1,106.0,,8.7,,19.22560280914
nc73550365,NC,MEM,,EHZ,-1,105.0,,335.4,,19.39239519904
nc73550365,NC,MDH,,HNZ,-1,105.0,,344.4,,19.88165287608
nc73550365,NC,MDPB,,HHZ,1,99.0,,304.3,,24.69639319786
nc73550365,NC,MINS,,HHZ,-1,99.0,,311.0,,24.86318558776
nc73550365,NC,MDC,2.0,EHZ,1,97.0,,322.9,,28.243511356400003
nc73550365,NC,MTU,2.0,EHZ,-1,96.0,,124.2,,30.4674098884
nc73550365,NC,MMT,,EHZ,1,95.0,,243.6,,32.76914486902
nc73550365,NC,MHD,,EHZ,-1,86.0,,245.2,,102.43276638392
nc73550365,NC,MPR,,EHZ,1,86.0,,288.2,,108.05922966988
nc73550365,BK,BUCR,0.0,HHZ,-1,85.0,,279.5,,116.4210881502
nc73550365,CI,MLAC,,HHZ,-1,111.0,,4.4,,13.6769759718
nc73550365,NC,MCB,,HHZ,-1,109.0,,344.2,,15.81191856252
nc73550365,NC,MCO,,EHZ,-1,113.0,,353.9,,12.46495127186
nc73550365,NC,MCS,,EHZ,1,108.0,,342.8,,17.15737717438
nc73550365,NC,MCV,,EHZ,-1,125.0,,10.3,,9.32925434174
nc73550365,NC,MDR,2.0,EHZ,-1,111.0,,4.2,,14.54429639928
nc73550365,NC,MLC,,EHZ,-1,112.0,,333.0,,13.0654038755
nc73550370,NC,MTU,2.0,EHZ,-1,137.0,,141.1,,14.54429639928
nc73550370,NC,MLC,,EHZ,-1,118.0,,308.6,,28.05447998118
nc73550370,NC,MMP,,EHZ,1,111.0,,298.4,,36.31626302756
nc73550370,NC,MCV,,EHZ,-1,127.0,,316.4,,20.76009279622
nc73550370,NC,MCD,,EHZ,1,124.0,,62.2,,22.28346329064
nc73550370,NC,MCB,,HHZ,1,116.0,,316.1,,29.25538518846
nc73550370,NC,MMX1,,HN3,1,114.0,,305.0,,31.54600067642
nc73550370,NC,MINS,,HHZ,-1,108.0,,302.6,,41.242198275940005
nc73550370,NC,MDPB,,HHZ,-1,108.0,,298.6,,41.44234914382
nc73550370,BK,TOLH,0.0,HHZ,-1,94.0,,230.9,,88.76690990478001
nc73550415,NC,MCV,,EHZ,-1,152.0,,9.6,,2.405146262358
nc73550415,NC,MCO,,EHZ,-1,122.0,,335.3,,6.155751136576
nc73550415,CI,MLAC,,HHZ,-1,118.0,,358.2,,6.83292823957
nc73550415,NC,MDR,2.0,EHZ,-1,114.0,,358.6,,7.693576971454
nc73550415,NC,MLC,,EHZ,1,110.0,,303.9,,8.6732042748
nc73550415,NC,MCB,,HHZ,-1,106.0,,326.6,,10.088715690418
nc73550415,NC,MCS,,EHZ,-1,101.0,,326.5,,11.49755541044
nc73550415,NC,MLH,,EHZ,-1,96.0,,7.7,,12.309278374620002
nc73550415,NC,MMX1,,HN3,1,96.0,,295.9,,12.36487583792
nc73550415,NC,MMP,,EHZ,1,95.0,,284.9,,17.82454673398
nc73550415,NC,MDPB,,HHZ,1,85.0,,288.2,,22.81719893832
nc73550415,NC,MDC,2.0,EHZ,1,84.0,,310.6,,24.14041856486
nc73550415,NC,MMT,,EHZ,1,76.0,,235.1,,37.33925635228
nc73550600,NC,MDPB,,HHZ,1,102.0,,289.7,,45.52320295004
nc73550600,NC,MDC,2.0,EHZ,1,101.0,,301.2,,46.168133524320005
nc73550600,NC,MMT,,EHZ,1,99.0,,255.7,,53.55147665056
nc73550600,NC,MTU,2.0,EHZ,-1,129.0,,170.4,,16.05654740104
nc73550600,NC,MFB,,EHZ,1,129.0,,116.9,,16.32341522488
nc73550600,NC,MCV,,EHZ,1,118.0,,296.8,,23.30645661536
nc73550600,CI,MLAC,,HHZ,-1,115.0,,305.0,,26.10856876568
nc73550600,NC,MCO,,EHZ,1,113.0,,300.0,,27.45402737754
nc73550600,NC,MLH,,EHZ,-1,113.0,,316.2,,28.17679440044
nc73550600,NC,MLC,,EHZ,1,110.0,,294.6,,31.22353538928
nc73550600,NC,MCB,,HHZ,-1,110.0,,301.8,,31.4681642278
nc73550600,NC,MCS,,EHZ,-1,109.0,,302.8,,32.7469058837
nc73550600,NC,MMP,,EHZ,-1,104.0,,288.4,,40.48607277506
nc73550600,NC,MINS,,HHZ,1,102.0,,293.2,,44.867152883100005
nc73550600,NC,MRC,,EHZ,-1,121.0,,21.0,,21.17151402464
nc73550600,NC,MMLB,,HHZ,1,105.0,,298.2,,38.5846395302
nc73550695,NC,MTU,2.0,EHZ,1,131.0,,116.3,,11.27516555724
nc73550695,NC,MCV,,EHZ,-1,108.0,,328.0,,25.1856508749
nc73550695,NC,MFB,,EHZ,1,111.0,,80.9,,22.28346329064
nc73550695,CI,MLAC,,HHZ,1,104.0,,331.6,,29.34434112974
nc73550695,NC,MCO,,EHZ,-1,104.0,,326.4,,29.511133519640005
nc73550695,NC,MDR,2.0,EHZ,-1,104.0,,332.4,,30.08934713796
nc73550695,NC,MLC,,EHZ,-1,103.0,,318.7,,31.73503205164
nc73550695,NC,MMT,,EHZ,1,97.0,,267.0,,44.533568103300006
nc73550695,NC,MCD,,EHZ,1,107.0,,51.0,,26.5755874574
nc73550695,NC,MCB,,HHZ,1,102.0,,324.8,,33.5252703699
nc73550695,NC,MDPB,,HHZ,-1,97.0,,306.4,,44.0331909336
nc73550695,BK,TOLH,0.0,HHZ,-1,90.0,,233.9,,84.15232045088
nc73550845,NP,1576,10.0,HNZ,-1,90.0,,351.7,,12.2870393893
nc73550845,NC,MLC,,EHZ,-1,82.0,,316.5,,23.36205407866
nc73550845,NC,MCB,,HHZ,1,81.0,,324.8,,25.08557544096
nc73550845,NC,MLH,,EHZ,-1,81.0,,343.4,,25.33020427948
nc73550845,NC,MCS,,EHZ,-1,80.0,,324.9,,26.497751008780003
nc73550845,NC,MMX1,,HN3,-1,80.0,,311.2,,26.58670695006
nc73550845,NC,MFB,,EHZ,1,79.0,,97.2,,27.09820361242
nc73550845,NC,MCD,,EHZ,1,79.0,,68.9,,27.38731042158
nc73550845,NC,MEM,,EHZ,-1,78.0,,321.5,,29.28874366644
nc73550845,NC,MMP,,EHZ,1,77.0,,302.6,,31.00114553608
nc73550845,NC,MDY,,HHZ,-1,75.0,,311.9,,33.05825167818
nc73550845,NC,MBS1,,EP1,-1,73.0,,330.9,,38.29553272104
nc73550845,NC,MDC,2.0,EHZ,-1,73.0,,315.6,,38.90710481734
nc73550845,NC,MMT,,EHZ,1,72.0,,256.8,,40.65286516496
nc73550845,CI,MLAC,,HHZ,-1,84.0,,334.3,,20.98248264942
nc73550845,NC,MCO,,EHZ,-1,84.0,,327.0,,21.0714385907
nc73550845,NC,MCV,,EHZ,-1,86.0,,329.6,,16.76819493128
nc73550845,NC,MDPB,,HHZ,-1,73.0,,302.2,,36.11611215968
nc73550845,NC,MDR,2.0,EHZ,-1,83.0,,335.3,,21.76084713562
nc73550845,NC,MMLB,,HHZ,-1,77.0,,315.6,,31.023384521400004
nc73550845,NC,MTU,2.0,EHZ,-1,84.0,,128.4,,19.1255273752
nc73550900,NC,MMLB,,HHZ,-1,106.0,,54.9,,5.920017892184
nc73550900,NC,MMX1,,HN3,1,102.0,,100.9,,6.676143393064001
nc73550900,NC,MDC,2.0,EHZ,1,96.0,,355.6,,9.039035583314
nc73550900,NC,MEM,,EHZ,1,95.0,,63.3,,9.302567559356
nc73550900,NC,MCO,,EHZ,1,87.0,,94.0,,15.13362951026
nc73550900,NC,MINS,,HHZ,-1,122.0,,319.9,,3.677216222662
nc73550900,NC,MDY,,HHZ,1,120.0,,30.3,,3.803978438986
nc73550900,NC,MDPB,,HHZ,1,119.0,,276.0,,4.025256342920001
nc73550900,NC,MCB,,HHZ,1,90.0,,81.6,,12.231441926
nc73550900,NC,MDH1,1.0,DP1,-1,89.0,,62.6,,12.43159279388
nc73550900,NC,MDR,2.0,EHZ,-1,84.0,,86.5,,17.52432043216
nc73550900,NC,MCY,,EHZ,-1,150.0,,14.9,,1.657916355606
nc73550900,CI,MLAC,,HHZ,1,84.0,,89.3,,17.47984246152
nc73550960,NC,MCV,,EHZ,1,114.0,,11.4,,7.609068827238
nc73550960,NC,MCO,,EHZ,-1,104.0,,352.1,,10.775900336806
nc73550960,NC,MLC,,EHZ,-1,101.0,,328.5,,11.64210881502
nc73550960,NC,MDR,2.0,EHZ,1,96.0,,4.0,,12.80965554432
nc73551060,NC,MCV,,EHZ,-1,151.0,,40.8,,4.213175768874
nc73551060,NC,MCO,,EHZ,1,139.0,,357.9,,6.40482777216
nc73551060,NC,MLC,,EHZ,1,134.0,,319.4,,7.437828640274001
nc73551060,NC,MDR,2.0,EHZ,1,128.0,,14.2,,8.775503607272
nc73551060,NC,MCB,,HHZ,-1,125.0,,340.8,,9.767362352544
nc73551060,NC,MMX1,,EP1,-1,122.0,,305.3,,10.745877706624
nc73551060,NC,MMLB,,HHZ,1,112.0,,316.1,,15.08915153962
nc73551060,NC,MMP,,EHZ,1,111.0,,290.0,,15.81191856252
nc73551060,NC,MINS,,HHZ,1,105.0,,300.2,,20.47098598706
nc73551060,NC,MMT,,EHZ,1,95.0,,233.9,,34.93744593772
nc73551060,NC,MDY,,HHZ,-1,109.0,,308.8,,17.1796161597
nc73551060,NC,MRC,,EHZ,1,95.0,,68.0,,33.59198732586
nc73551125,NC,MCV,,EHZ,1,93.0,,15.3,,13.16547930944
nc73551125,NC,MLC,,EHZ,-1,94.0,,344.8,,15.70072363592
nc73551125,NC,MCO,,EHZ,-1,94.0,,1.8,,15.91199399646
nc73551170,NC,MLC,,EHZ,1,109.0,,30.6,,13.32115220668
nc73551170,NC,MDPB,,HHZ,1,107.0,,330.8,,15.68960414326
nc73551170,NC,MCV,,EHZ,1,106.0,,57.9,,17.00170427714
nc73551170,NC,MINS,,HHZ,1,106.0,,339.4,,17.1796161597
nc73551180,NC,MCV,,EHZ,1,84.0,,53.3,,19.03657143392
nc73551180,NC,MMP,,EHZ,1,90.0,,350.2,,13.71033444978
nc73551180,NC,MDPB,,HHZ,-1,85.0,,337.0,,17.4020060129
nc73551180,NC,MINS,,HHZ,-1,84.0,,344.3,,19.11440788254
nc73551180,NC,MDC,2.0,EHZ,-1,81.0,,351.9,,24.8520660951
nc73551410,NC,MCV,,EHZ,-1,162.0,,359.7,,1.6123264357
nc73551410,NC,MCO,,EHZ,-1,128.0,,328.3,,5.6831726985260005
nc73551410,CI,MLAC,,HHZ,1,126.0,,354.2,,6.102377571808
nc73551410,NC,MDR,2.0,EHZ,-1,121.0,,355.0,,6.959690455894001
nc73551410,NC,MLC,,EHZ,-1,114.0,,298.2,,8.636509949022
nc73551410,NC,MCB,,HHZ,-1,110.0,,322.1,,9.713988787776
nc73551410,NC,MCS,,EHZ,-1,106.0,,322.6,,11.116156812202
nc73551410,NC,MLH,,EHZ,-1,105.0,,6.2,,11.5086749031
nc73551410,NC,MMX1,,HN3,-1,99.0,,291.9,,12.44271228654
nc73551410,NC,MQ1P,,EHZ,1,96.0,,283.8,,17.47984246152
nc73551410,NC,MMP,,EHZ,1,96.0,,282.3,,18.04693658718
nc73551410,NC,MINS,,HHZ,1,86.0,,293.1,,22.25010481266
nc73551410,NC,MDPB,,HHZ,1,86.0,,286.0,,22.99511082088
nc73551410,NC,MDC,2.0,EHZ,1,85.0,,308.6,,23.973626174960003
nc73551435,NC,MCV,,EHZ,1,159.0,,209.5,,1.805805607984
nc73551435,NC,MLH,,EHZ,-1,113.0,,2.5,,8.264006944912
nc73551435,NC,MLC,,EHZ,1,112.0,,276.0,,8.548665957008001
nc73551435,NC,MCS,,EHZ,-1,109.0,,306.5,,9.504942325768
nc73551435,NC,MEM,,EHZ,-1,97.0,,302.9,,12.68734112506
nc73551435,NC,MQ1P,,EHZ,1,95.0,,273.1,,17.89126368994
nc73551435,NC,MBS1,,EP1,-1,85.0,,327.7,,20.63777837696
nc73551435,NC,MINS,,HHZ,-1,86.0,,284.6,,22.06107343744
nc73551435,NC,MDC,2.0,EHZ,1,85.0,,301.0,,22.89503538694
nc73551435,NC,MDPB,,HHZ,1,85.0,,277.8,,23.19526168876
nc73551435,NC,MRC,,EHZ,-1,81.0,,74.2,,28.59933512152
nc73551435,NC,MMT,,EHZ,1,76.0,,231.5,,40.73070161358
nc73551435,CI,MLAC,,HHZ,-1,145.0,,332.6,,3.256899400114
nc73551435,NC,MCB,,HHZ,-1,113.0,,303.1,,8.195066090420001
nc73551435,NC,MCO,,EHZ,-1,136.0,,293.1,,4.215399667406
nc73551435,NC,MDR,2.0,EHZ,-1,138.0,,338.4,,4.03637583558
nc73551450,NC,MCV,,EHZ,1,103.0,,333.6,,9.784041591534
nc73551450,NC,MCO,,EHZ,-1,93.0,,328.5,,14.05503872224
nc73551450,CI,MLAC,,HHZ,-1,93.0,,339.4,,14.1217556782
nc73551450,NC,MDR,2.0,EHZ,-1,93.0,,340.7,,14.922359149720002
nc73551450,NC,MLC,,EHZ,-1,93.0,,313.2,,16.4012516735
nc73551450,NC,MCB,,HHZ,-1,85.0,,325.2,,18.04693658718
nc73551450,NC,MCS,,EHZ,-1,85.0,,325.2,,19.459112155
nc73551450,NC,MMT,,EHZ,1,74.0,,247.1,,38.44008612562
nc73551695,NC,MCV,,EHZ,1,,,150.0,,3.800642591188
nc73551695,NC,MLC,,EHZ,-1,,,261.6,,5.766568893476
nc73551695,NC,MCS,,EHZ,1,,,308.9,,6.239147331526
nc73551695,NC,MLH,,EHZ,1,,,25.6,,7.256580909916
nc73551695,NC,MDH1,1.0,DP1,1,,,322.6,,8.416343994354
nc73551695,NC,MEM,,EHZ,-1,,,303.3,,9.400419094764
nc73551695,NC,MMX1,,HN3,-1,,,268.3,,9.636152339156
nc73551695,NC,MQ1P,,EHZ,-1,,,267.1,,15.08915153962
nc73551695,NC,MBS1,,EP1,1,,,332.3,,17.74671028536
nc73551695,NC,MDC,2.0,EHZ,1,,,300.8,,19.60366555958
nc73551695,NC,MDPB,,HHZ,-1,,,274.0,,20.2374766412
nc73551695,CI,MLAC,,HHZ,1,,,47.7,,1.7402006012900002
nc73551695,NC,MCB,,HHZ,-1,,,304.1,,4.913703806454
nc73551695,NC,MCO,,EHZ,1,,,266.0,,1.0873751872214
nc73551695,NC,MDR,2.0,EHZ,1,,,32.6,,2.414041856486
nc73551790,NC,MCO,,EHZ,1,154.0,,248.6,,1.275405808102
nc73551790,NC,MDR,2.0,EHZ,1,140.0,,36.1,,2.03486715678
nc73551790,NC,MCV,,EHZ,-1,114.0,,154.0,,4.095309146678
nc73551790,NC,MCB,,HHZ,1,108.0,,299.5,,4.796949133524
nc73551905,NP,1576,10.0,HNZ,1,160.0,,43.2,,3.268018892774
nc73551905,NC,MCV,,EHZ,-1,143.0,,316.0,,6.469320829588001
nc73551905,CI,MLAC,,HHZ,1,128.0,,330.8,,10.442315557006
nc73551905,NC,MCO,,EHZ,-1,127.0,,316.5,,10.85818458249
nc73551905,NC,MDR,2.0,EHZ,-1,126.0,,333.0,,11.19732910862
nc73551905,NC,MLC,,EHZ,-1,118.0,,300.5,,14.04391922958
nc73551905,NC,MLH,,EHZ,-1,117.0,,347.4,,14.83340320844
nc73551905,NC,MCB,,HHZ,-1,117.0,,315.7,,14.96683712036
nc73551905,NC,MCS,,EHZ,-1,116.0,,316.6,,16.3456542102
nc73551905,NC,MMX1,,HN3,-1,114.0,,295.7,,17.76894927068
nc73551905,NC,MDH,,HNZ,-1,113.0,,321.9,,18.61403071284
nc73551905,NC,MDH1,1.0,DP1,1,113.0,,321.9,,18.61403071284
nc73551905,NC,MEM,,EHZ,-1,112.0,,312.7,,19.35903672106
nc73551905,NC,MMLB,,HHZ,-1,108.0,,304.9,,21.59405474572
nc73551905,NC,MQ1P,,EHZ,1,106.0,,288.6,,22.65040654842
nc73551905,NC,MLI,,HHZ,1,106.0,,295.1,,23.350934586
nc73551905,NC,MDY,,HHZ,-1,106.0,,300.7,,23.99586516028
nc73551905,NC,MCY,,EHZ,1,105.0,,295.6,,24.54072030062
nc73551905,NC,MINS,,HHZ,-1,103.0,,295.3,,27.58746128946
nc73551905,NC,MRC,,EHZ,1,103.0,,59.6,,27.69865621606
nc73551905,NC,MBS1,,EP1,1,103.0,,328.3,,27.82097063532
nc73551905,NC,MDPB,,HHZ,1,102.0,,289.5,,28.19903338576
nc73551905,NC,MDC,2.0,EHZ,-1,101.0,,307.8,,29.38881910038
nc73551905,NP,1679,10.0,HNZ,1,97.0,,93.4,,36.37186049086
nc73551905,NC,MMT,,EHZ,1,96.0,,241.7,,40.33039987782001
nc73551905,NP,1589,10.0,HNZ,1,95.0,,117.6,,44.90051136108
nc73551905,NP,1587,10.0,HNZ,1,94.0,,85.1,,47.9806108279
nc73551905,BK,OVRO,0.0,HHZ,-1,92.0,,128.8,,56.2646328596
nc73551905,NP,2021,10.0,HNZ,-1,91.0,,40.1,,62.44707077856
nc73551905,CI,TIN,,HHZ,-1,90.0,,138.4,,73.26633713674
nc73551905,NN,LHV,,HHZ,1,89.0,,17.0,,81.6726735877
nc73551905,BK,MMI,0.0,HHZ,1,89.0,,260.8,,86.59860883608
nc73551905,NC,MMI,,EHZ,1,89.0,,260.8,,86.59860883608
nc73551905,BK,TOLH,0.0,HHZ,1,88.0,,221.6,,88.75579041212
nc73551905,WR,FRI,,EHZ,1,87.0,,233.4,,103.0220994949
nc73551905,NC,MHD,,EHZ,1,87.0,,244.4,,109.93842392942
nc73551905,GS,MCA04,0.0,HHZ,1,87.0,,57.6,,110.98365623946
nc73551905,NC,MPR,,EHZ,1,86.0,,285.1,,112.6404606458
nc73551905,BK,BUCR,0.0,HHZ,1,86.0,,277.0,,121.8696395536
nc73551905,BK,LEGD,0.0,HHZ,1,85.0,,253.4,,126.9846061772
nc73551905,BK,LIND,0.0,HHZ,-1,85.0,,190.6,,134.9906408924
nc73551905,CI,CWC,,HHZ,1,85.0,,153.1,,137.77051405740002
nc73551905,CI,CGO,,HHZ,1,84.0,,141.7,,140.661582149
nc73551905,BK,MERC,0.0,HHZ,1,84.0,,263.7,,149.7795661302
nc73551905,CI,SPG2,,HHZ,-1,84.0,,179.6,,149.557176277
nc73551905,BK,CMB,0.0,HHZ,1,84.0,,291.4,,151.6698798824
nc73551905,CI,WMF,,HHZ,-1,82.0,,152.4,,178.9126368994
nc73551905,BK,WSRE,0.0,HHZ,1,82.0,,221.8,,179.8021963122
nc73551905,CI,WAS2,,HHZ,1,70.0,,174.3,,201.9299867056
nc73551905,CI,WNM,,EHZ,-1,65.0,,157.5,,204.7098598706
nc73551905,NC,PCE,1.0,EHZ,1,49.0,,218.8,,217.2748865764
nc73551905,NC,CSTC,,EHZ,1,49.0,,273.2,,240.5146262358
nc73551910,NC,MCV,,EHZ,1,130.0,,325.4,,6.711725769576
nc73551910,CI,MLAC,,HHZ,-1,113.0,,336.1,,10.916005944322
nc73551910,NC,MCO,,EHZ,-1,113.0,,322.2,,11.07501468936
nc73551910,NC,MLC,,EHZ,1,105.0,,305.0,,13.93272430298
nc73551910,NC,MCS,,EHZ,-1,102.0,,320.4,,16.545805078079997
nc73551910,NC,MMX1,,HN3,1,101.0,,299.2,,17.5687984028
nc73551910,NC,MEM,,EHZ,-1,99.0,,315.9,,19.48135114032
nc73551910,NC,MINS,,HHZ,1,91.0,,297.6,,27.365071436260003
nc73551910,NC,MDPB,,HHZ,1,91.0,,291.7,,27.86544860596
nc73551910,NC,MBS1,,EP1,1,91.0,,330.4,,28.221272371080005
nc73551910,NC,MRC,,EHZ,1,90.0,,58.8,,28.732769033440004
nc73551910,NC,MDC,2.0,EHZ,-1,90.0,,309.9,,29.39993859304
nc73551910,NC,MMT,,EHZ,1,91.0,,242.4,,39.32964553842
nc73551910,BK,MMI,0.0,HHZ,1,86.0,,261.3,,85.7868858719
nc73551910,NC,MMI,,EHZ,1,86.0,,261.3,,85.79800536456
nc73551910,BK,TOLH,0.0,HHZ,1,86.0,,221.7,,87.65496063878
nc73551910,NC,MHD,,EHZ,1,85.0,,244.7,,108.95990857534
nc73551910,NC,MCB,,HHZ,-1,104.0,,319.8,,15.15586849558
nc73551910,NC,MDR,2.0,EHZ,-1,111.0,,337.9,,11.70882577098
nc73551910,NC,MLH,,EHZ,-1,103.0,,350.5,,15.55617023134
nc73551915,NC,MLC,,EHZ,-1,93.0,,29.3,,14.955717627700002
nc73551915,NC,MCV,,EHZ,1,85.0,,54.5,,18.32492390368
nc73551915,NC,MDPB,,HHZ,1,94.0,,335.0,,16.86827036522
nc73551915,NC,MMLB,,HHZ,-1,85.0,,5.3,,18.33604339634
nc73551915,NC,MINS,,HHZ,1,85.0,,342.7,,18.50283578624
nc73551915,NC,MDC,2.0,EHZ,1,82.0,,350.9,,24.17377704284
nc73551915,BK,MMI,0.0,HHZ,1,73.0,,263.0,,66.48344661414
nc73551915,NC,MMI,,EHZ,1,73.0,,263.0,,66.48344661414
nc73551920,NC,MCV,,EHZ,1,136.0,,322.7,,6.434850402342
nc73551920,CI,MLAC,,HHZ,-1,120.0,,334.8,,10.583533113788
nc73551920,NC,MLC,,EHZ,1,110.0,,303.4,,13.7881708984
nc73551920,NC,MDH1,1.0,DP1,-1,105.0,,324.2,,18.6251502055
nc73551920,NC,MEM,,EHZ,-1,105.0,,314.9,,19.25896128712
nc73551920,NC,MMLB,,HHZ,-1,102.0,,306.9,,21.39390387784
nc73551920,NC,MQ1P,,EHZ,-1,100.0,,290.2,,22.23898532
nc73551920,NC,MINS,,HHZ,-1,97.0,,296.7,,27.253876509660003
nc73551920,NC,MDPB,,HHZ,1,97.0,,290.8,,27.79873165
nc73551920,NC,MBS1,,EP1,-1,97.0,,329.8,,27.9099265766
nc73551920,NC,MRC,,EHZ,1,96.0,,59.4,,28.443662224280004
nc73551920,NC,MDC,2.0,EHZ,-1,96.0,,309.2,,29.21090721782
nc73551920,NC,MMT,,EHZ,1,92.0,,241.9,,39.596513362260005
nc73551920,BK,MMI,0.0,HHZ,1,87.0,,261.0,,85.94255876914
nc73551920,NC,MMI,,EHZ,1,87.0,,261.0,,85.94255876914
nc73551920,BK,TOLH,0.0,HHZ,-1,87.0,,221.5,,88.02190389656
nc73551920,NC,MHD,,EHZ,1,86.0,,244.5,,109.21565690652
nc73551920,NC,MPR,,EHZ,1,85.0,,285.4,,112.1956809394
nc73551920,NC,MCB,,HHZ,-1,109.0,,318.6,,14.9001201644
nc73551920,NC,MCO,,EHZ,-1,119.0,,320.5,,10.812594662584
nc73551920,NC,MDR,2.0,EHZ,-1,117.0,,336.7,,11.36412149852
nc73551920,NC,MLH,,EHZ,-1,109.0,,349.9,,15.16698798824
nc73551930,NC,MCV,,EHZ,1,142.0,,319.6,,6.72173331297
nc73551930,NC,MLC,,EHZ,1,118.0,,302.4,,14.166233648840002
nc73551930,NC,MCS,,EHZ,-1,115.0,,318.0,,16.60140254138
nc73551930,NC,MMX1,,HN3,1,113.0,,297.2,,17.85790521196
nc73551930,NC,MEM,,EHZ,-1,111.0,,313.9,,19.58142657426
nc73551930,NC,MMLB,,HHZ,-1,107.0,,306.1,,21.76084713562
nc73551930,NC,MQ1P,,EHZ,1,106.0,,289.8,,22.67264553374
nc73551930,NC,MINS,,HHZ,1,102.0,,296.3,,27.66529773808
nc73551930,NC,MRC,,EHZ,1,102.0,,58.9,,28.05447998118
nc73551930,NC,MBS1,,EP1,1,102.0,,329.0,,28.14343592246
nc73551930,NC,MDPB,,HHZ,1,102.0,,290.5,,28.23239186374
nc73551930,NC,MDC,2.0,EHZ,-1,101.0,,308.7,,29.566730982940005
nc73551930,NC,MMT,,EHZ,1,96.0,,242.2,,39.99681509802
nc73551930,BK,MMI,0.0,HHZ,1,89.0,,261.1,,86.38733847554
nc73551930,NC,MMI,,EHZ,1,89.0,,261.1,,86.3984579682
nc73551930,BK,TOLH,0.0,HHZ,-1,88.0,,221.8,,88.32213019838001
nc73551930,NC,MHD,,EHZ,1,87.0,,244.6,,109.62707813494
nc73551930,NC,MPR,,EHZ,1,86.0,,285.3,,112.6404606458
nc73551930,BK,BUCR,0.0,HHZ,-1,85.0,,277.2,,121.8696395536
nc73551930,NC,MCB,,HHZ,-1,116.0,,317.3,,15.211465958880002
nc73551930,NC,MCO,,EHZ,-1,126.0,,318.7,,11.109485116606
nc73551930,NC,MDR,2.0,EHZ,-1,124.0,,334.7,,11.55315287374
nc73551930,NC,MLH,,EHZ,-1,116.0,,348.3,,15.25594392952
nc73551985,NC,MCV,,EHZ,-1,158.0,,334.4,,4.233190855662
nc73551985,CI,MLAC,,HHZ,1,140.0,,343.6,,8.626502405627999
nc73551985,NC,MDR,2.0,EHZ,-1,137.0,,345.2,,9.452680710266
nc73551985,NC,MLC,,EHZ,1,131.0,,303.7,,11.33076302054
nc73551985,NC,MLH,,EHZ,-1,124.0,,357.6,,13.65473698648
nc73551990,NC,MCV,,EHZ,1,169.0,,314.6,,2.302846929886
nc73551990,NC,MCO,,EHZ,-1,150.0,,316.3,,6.690598733522
nc73551990,NC,MDR,2.0,EHZ,-1,148.0,,342.2,,7.286603540098
nc73551990,NC,MCB,,HHZ,-1,137.0,,315.2,,10.798139322126
nc73551990,NC,MLH,,EHZ,-1,135.0,,358.0,,11.44195794714
nc73552035,NC,MCV,,EHZ,-1,90.0,,352.3,,13.36563017732
nc73552035,NC,MLC,,EHZ,1,85.0,,329.2,,18.30268491836
nc73552035,NC,MMT,,EHZ,-1,74.0,,252.3,,34.45930775334
nc73552045,NC,MCV,,EHZ,-1,149.0,,236.4,,4.087525501816001
nc73552045,NC,MLC,,EHZ,-1,117.0,,271.1,,11.020529175326
nc73552045,NC,MCS,,EHZ,-1,116.0,,296.0,,11.30852403522
nc73552045,NC,MDH,,HNZ,1,110.0,,306.6,,12.97644793422
nc73552045,NC,MEM,,EHZ,-1,109.0,,295.3,,14.55541589194
nc73552045,NC,MMX1,,HN3,-1,108.0,,272.9,,14.96683712036
nc73552045,NC,MQ1P,,EHZ,1,102.0,,270.8,,20.38203004578
nc73552045,NC,MDC,2.0,EHZ,-1,98.0,,296.6,,24.77422964648
nc73552045,NC,MDPB,,HHZ,1,97.0,,275.6,,25.61931108864
nc73552045,NC,MRC,,EHZ,1,97.0,,74.1,,25.98625434642
nc73552045,NC,MMT,,EHZ,1,91.0,,232.9,,43.132512028140006
nc73552045,CI,MLAC,,HHZ,-1,146.0,,298.8,,4.585678772984
nc73552045,NC,MCB,,HHZ,-1,120.0,,292.1,,10.120962219132
nc73552045,NC,MCO,,EHZ,-1,135.0,,278.6,,6.469320829588001
nc73552045,NC,MDR,2.0,EHZ,-1,143.0,,307.6,,5.044913819842
nc73552045,NC,MLH,,EHZ,-1,128.0,,344.2,,7.873712752546
nc73552045,NC,MMLB,,HHZ,-1,106.0,,288.1,,17.502081446840002
nc73552120,NC,MCV,,EHZ,-1,90.0,,6.6,,13.13212083146
nc73552120,NC,MCO,,EHZ,-1,93.0,,354.8,,16.32341522488
nc73552120,NC,MLC,,EHZ,-1,86.0,,338.6,,16.65700000468
nc73552120,NC,MDR,2.0,EHZ,-1,85.0,,2.8,,18.39164085964
nc73552120,NC,MMT,,EHZ,1,76.0,,250.1,,31.40144727184
nc73552625,NC,MLC,,EHZ,-1,96.0,,312.0,,17.02394326246
nc73552625,NC,MLH,,EHZ,-1,95.0,,348.5,,19.11440788254
nc73552625,NC,MCS,,EHZ,-1,84.0,,323.8,,19.99284780268
nc73552625,NC,MMX1,,HN3,-1,85.0,,305.8,,20.448747001740003
nc73552625,NC,MQ1P,,EHZ,1,84.0,,297.6,,24.84094660244
nc73552625,NC,MRC,,EHZ,1,80.0,,51.9,,29.622328446240004
nc73552625,NC,MDPB,,HHZ,1,80.0,,296.8,,30.38957343978
nc73552625,NC,MDC,2.0,EHZ,-1,79.0,,313.1,,32.5801134938
nc73552625,NC,MMT,,EHZ,1,77.0,,247.7,,39.04053872926001
nc73552625,CI,MLAC,,HHZ,-1,97.0,,337.0,,14.52205741396
nc73552625,NC,MCB,,HHZ,-1,95.0,,323.6,,18.58067223486
nc73552625,NC,MCO,,EHZ,-1,97.0,,326.5,,14.55541589194
nc73552625,NC,MCV,,EHZ,-1,107.0,,330.4,,10.247724435456
nc73552625,NC,MDR,2.0,EHZ,-1,97.0,,338.4,,15.31154139282
nc73552625,NC,MMLB,,HHZ,-1,84.0,,312.3,,24.69639319786
nc73552810,NC,MCV,,EHZ,-1,145.0,,3.6,,3.3947811090980005
nc73552810,NC,MCO,,EHZ,-1,120.0,,337.3,,7.164289120838
nc73552810,NC,MDR,2.0,EHZ,-1,114.0,,357.5,,8.71768224544
nc73552810,NC,MLC,,EHZ,-1,111.0,,308.4,,9.427105877148
nc73552810,NC,MMT,,EHZ,1,78.0,,236.5,,36.92783512386
nc73552920,NP,1576,10.0,HNZ,1,158.0,,41.7,,3.60827536817
nc73552920,NC,MCV,,EHZ,-1,144.0,,319.0,,6.590523299582
nc73552920,CI,MLAC,,HHZ,-1,129.0,,332.4,,10.64135447562
nc73552920,NC,MCO,,EHZ,-1,128.0,,318.3,,10.979387052484
nc73552920,NC,MDR,2.0,EHZ,-1,126.0,,334.5,,11.40859946916
nc73552920,NC,MLC,,EHZ,1,119.0,,302.0,,14.0661582149
nc73552920,NC,MCB,,HHZ,-1,118.0,,317.0,,15.07803204696
nc73552920,NC,MLH,,EHZ,-1,118.0,,348.3,,15.11139052494
nc73552920,NC,MCS,,EHZ,-1,116.0,,317.7,,16.46796862946
nc73552920,NC,MMX1,,HN3,1,115.0,,296.8,,17.76894927068
nc73552920,NC,MDH,,HNZ,-1,113.0,,322.8,,18.75858411742
nc73552920,NC,MDH1,1.0,DP1,1,113.0,,322.8,,18.75858411742
nc73552920,NC,MEM,,EHZ,-1,112.0,,313.7,,19.459112155
nc73552920,NC,MMLB,,HHZ,-1,109.0,,305.9,,21.64965220902
nc73552920,NC,MQ1P,,EHZ,-1,107.0,,289.5,,22.59480908512
nc73552920,NC,MMP,,EHZ,1,107.0,,288.2,,23.10630574748
nc73552920,NC,MLI,,HHZ,1,107.0,,295.9,,23.33981509334
nc73552920,NC,MDY,,HHZ,-1,106.0,,301.6,,24.0181041456
nc73552920,NC,MCY,,EHZ,1,106.0,,296.4,,24.52960080796
nc73552920,NC,MINS,,HHZ,1,103.0,,296.1,,27.5763417968
nc73552920,NC,MRC,,EHZ,1,103.0,,59.2,,27.99888251788
nc73552920,NC,MBS1,,EP1,1,103.0,,328.9,,27.99888251788
nc73552920,NC,MDPB,,HHZ,1,103.0,,290.2,,28.14343592246
nc73552920,NC,MTU,2.0,EHZ,-1,102.0,,138.1,,28.6882910628
nc73552920,NC,MDC,2.0,EHZ,-1,102.0,,308.5,,29.455536056340005
nc73552920,NC,MFB,,EHZ,1,100.0,,112.5,,33.614226311180005
nc73552920,NP,1679,10.0,HNZ,1,98.0,,92.9,,36.51641389544
nc73552920,NC,MMT,,EHZ,1,97.0,,242.0,,40.04129306866
nc73552920,NP,1589,10.0,HNZ,1,95.0,,117.1,,44.90051136108
nc73552920,NP,1587,10.0,HNZ,1,94.0,,84.8,,48.16964220312
nc73552920,BK,OVRO,0.0,HHZ,-1,93.0,,128.4,,56.18679641098
nc73552920,NP,2021,10.0,HNZ,-1,92.0,,40.0,,62.79177505102
nc73552920,CI,TIN,,HHZ,-1,90.0,,138.1,,73.13290322482
nc73552920,NN,LHV,,HHZ,-1,89.0,,17.0,,82.01737786016001
nc73552920,BK,MMI,0.0,HHZ,1,89.0,,261.0,,86.38733847554
nc73552920,NC,MMI,,EHZ,1,89.0,,261.0,,86.38733847554
nc73552920,BK,TOLH,0.0,HHZ,1,89.0,,221.7,,88.42220563232
nc73552920,BK,HELL,0.0,HHZ,-1,88.0,,192.7,,98.42974902632
nc73552920,NN,SJC,,EHZ,-1,87.0,,327.3,,106.43578374152
nc73552920,NC,MHD,,EHZ,1,87.0,,244.6,,109.66043661292
nc73552920,GS,MCA04,0.0,HHZ,1,87.0,,57.6,,111.3061215266
nc73552920,NC,MPR,,EHZ,1,87.0,,285.2,,112.6404606458
nc73552920,NC,MBUB,1.0,HNZ,1,86.0,,271.2,,114.530774398
nc73552920,NN,WAK,,HHZ,-1,86.0,,331.8,,121.0912750674
nc73552920,BK,BUCR,0.0,HHZ,1,86.0,,277.1,,121.758444627
nc73552920,BK,KARE,0.0,HHZ,1,86.0,,211.6,,123.3151735994
nc73552920,BK,LEGD,0.0,HHZ,-1,85.0,,253.5,,126.762216324
nc73552920,NC,MGS,1.0,EHZ,1,85.0,,233.2,,126.762216324
nc73552920,BK,LIND,0.0,HHZ,-1,85.0,,190.6,,134.545861186
nc73552920,CI,CWC,,HHZ,-1,85.0,,153.0,,137.5481242042
nc73552920,BK,WINE,0.0,HHZ,1,85.0,,226.1,,139.549632883
nc73552920,CI,CGO,,HHZ,1,85.0,,141.6,,140.5503872224
nc73552920,LB,TPH,1.0,HHZ,1,84.0,,66.2,,149.2235914972
nc73552920,BK,MERC,0.0,HHZ,1,84.0,,263.8,,149.557176277
nc73552920,CI,SPG2,,HHZ,-1,84.0,,179.5,,149.2235914972
nc73552920,BK,CMB,0.0,HHZ,1,84.0,,291.6,,151.5586849558
nc73552920,CI,WMF,,HHZ,-1,82.0,,152.3,,178.6902470462
nc73552920,BK,WELL,0.0,HHZ,1,81.0,,300.8,,197.4821896416
nc73552920,NC,HLB,1.0,EHZ,1,71.0,,252.7,,200.4844526598
nc73552920,CI,WAS2,,HHZ,-1,69.0,,174.3,,201.5964019258
nc73552920,CI,WNM,,EHZ,-1,64.0,,157.4,,204.4874700174
nc73552920,CI,ISA,,HHZ,-1,50.0,,172.5,,210.714385907
nc73552920,CI,WOR,,HHZ,-1,50.0,,166.7,,210.8255808336
nc73552920,NC,HSL,2.0,EHZ,1,48.0,,254.7,,212.7158945858
nc73552920,NC,PJC,1.0,EHZ,1,49.0,,221.8,,214.606208338
nc73552920,NC,PCE,1.0,EHZ,1,49.0,,218.9,,216.9413017966
nc73552920,NC,CDG,1.0,EHZ,1,49.0,,266.2,,222.1674633468
nc73552920,CI,SRT,,HHZ,1,49.0,,155.7,,225.2809212916
nc73552920,NC,BHW,1.0,EHZ,1,49.0,,241.6,,264.8663151612
nc73552920,NC,BPRB,1.0,EHZ,-1,49.0,,245.1,,291.5530975452
nc73553150,NP,1576,10.0,HNZ,-1,114.0,,37.9,,12.76517757368
nc73553150,NC,MCO,,EHZ,1,111.0,,353.1,,15.656245665280002
nc73553150,NC,MLC,,EHZ,-1,111.0,,336.3,,16.14550334232
nc73553150,NC,MGPB,,EHZ,1,110.0,,341.8,,17.20185514502
nc73553150,NC,MDR,2.0,EHZ,1,109.0,,1.7,,17.64663485142
nc73553150,NC,MMX1,,HN3,1,108.0,,325.9,,18.54731375688
nc73553150,NC,MCB,,HHZ,-1,108.0,,345.2,,18.99209346328
nc73553150,NC,MQ1P,,EHZ,-1,104.0,,313.3,,21.738608150300003
nc73553150,NC,MMP,,EHZ,-1,103.0,,311.4,,21.99435648148
nc73553150,NC,MLH,,EHZ,1,103.0,,6.0,,22.27234379798
nc73553150,NC,MEM,,EHZ,-1,102.0,,337.5,,22.49473365118
nc73553150,NC,MDPB,,HHZ,-1,99.0,,309.2,,27.03148665646
nc73553150,NC,MINS,,HHZ,-1,99.0,,315.2,,27.420668899560003
nc73553150,NC,MTU,2.0,EHZ,-1,98.0,,119.6,,28.332467297680004
nc73553150,NC,MMT,,EHZ,1,96.0,,249.1,,32.0241388608
nc73553150,NC,MBS1,,EP1,-1,96.0,,343.9,,32.59123298646001
nc73553150,NC,MCV,,EHZ,1,115.0,,5.1,,12.37599533058
nc73553335,NC,MDR,2.0,EHZ,-1,144.0,,338.4,,7.523448733756
nc73553335,NC,MLC,,EHZ,1,134.0,,292.9,,10.63023498296
nc73553335,NC,MLH,,EHZ,-1,131.0,,355.4,,11.53091388842
nc73553335,NC,MMX1,,HN3,1,124.0,,288.9,,14.49981842864
nc73553335,NC,MINS,,HHZ,1,110.0,,291.3,,24.28497196944
nc73553335,NC,MDPB,,HHZ,1,109.0,,284.8,,25.10781442628
nc73553340,NC,MFB,,EHZ,-1,163.0,,78.2,,2.8098957951820003
nc73553340,NC,MTU,2.0,EHZ,1,122.0,,229.2,,12.07576902876
nc73553340,NC,MCV,,EHZ,1,98.0,,299.6,,37.4726902642
nc73553340,NC,MDR,2.0,EHZ,1,97.0,,305.8,,40.83077704752
nc73553340,NC,MCO,,EHZ,1,97.0,,301.5,,41.67585848968
nc73553340,NC,MLH,,EHZ,-1,96.0,,312.2,,42.20959413736
nc73553340,NC,MLC,,EHZ,1,96.0,,297.6,,45.33417157482
nc73553340,NC,MCB,,HHZ,1,95.0,,302.6,,45.7011148326
nc73553340,NC,MCS,,EHZ,-1,95.0,,303.3,,46.99097598116
nc73553340,NC,MMP,,EHZ,1,93.0,,292.5,,54.34096062942
nc73553340,NC,MDY,,HHZ,1,93.0,,298.3,,55.27499801286
nc73553340,NC,MINS,,HHZ,1,92.0,,295.9,,58.91107211268001
nc73553340,NC,MDPB,,HHZ,1,92.0,,293.1,,59.42256877504
nc73553340,NC,MDC,2.0,EHZ,1,92.0,,301.9,,60.38996463646001
nc73553340,NP,1589,10.0,HNZ,1,121.0,,121.3,,13.61025901584
nc73553340,NP,1679,10.0,HNZ,-1,120.0,,35.3,,14.132875170859998
nc73553340,NP,1587,10.0,HNZ,1,105.0,,47.9,,26.497751008780003
nc73553340,NC,MRC,,EHZ,-1,104.0,,351.5,,28.010002010540003
nc73553340,NC,MEM,,EHZ,1,94.0,,302.6,,50.19338986724
nc73553340,NC,MMLB,,HHZ,1,94.0,,299.9,,52.77311216436
nc73553360,NC,MCV,,EHZ,1,153.0,,356.8,,4.338826035932
nc73553360,NC,MCO,,EHZ,-1,135.0,,336.9,,8.21174532941
nc73553360,NC,MLC,,EHZ,-1,127.0,,310.9,,10.381158347376
nc73553360,NC,MCB,,HHZ,-1,119.0,,329.1,,12.09800801408
nc73553360,NC,MLH,,EHZ,1,117.0,,4.0,,14.18847263416
nc73553360,NC,MTU,2.0,EHZ,-1,99.0,,133.4,,32.00189987548
nc73553375,NC,MMX1,,HN3,1,121.0,,103.0,,5.382946396706
nc73553375,NC,MQ1P,,EHZ,-1,157.0,,186.4,,1.700170427714
nc73553375,NC,MMP,,EHZ,-1,150.0,,202.4,,2.198323698882
nc73553375,NC,MDY,,HHZ,1,138.0,,10.5,,3.3914452613
nc73553375,NC,MINS,,HHZ,1,127.0,,307.9,,4.665739120136
nc73553375,NC,MMLB,,HHZ,1,124.0,,45.6,,4.943726436636
nc73553375,NC,MDPB,,HHZ,1,121.0,,275.1,,5.334020629002
nc73553375,NC,MEM,,EHZ,1,108.0,,58.8,,8.181722699228
nc73553375,NC,MDC,2.0,EHZ,1,104.0,,347.6,,9.285888320366
nc73553375,NC,MLC,,EHZ,1,104.0,,100.9,,9.3403738344
nc73553375,NC,MCB,,HHZ,1,99.0,,80.4,,10.951588320834
nc73553375,NC,MCV,,EHZ,1,85.0,,104.1,,17.30193057896
nc73553415,NC,MTU,2.0,EHZ,1,132.0,,135.9,,14.333026038739998
nc73553415,NC,MCV,,EHZ,-1,122.0,,320.0,,20.97136315676
nc73553415,NC,MFB,,EHZ,1,120.0,,94.7,,21.9609980035
nc73553415,CI,MLAC,,HHZ,-1,116.0,,325.6,,24.88542457308
nc73553415,NC,MCO,,EHZ,-1,116.0,,319.5,,25.3524432648
nc73553415,NC,MDR,2.0,EHZ,-1,116.0,,326.7,,25.58595261066
nc73553415,NC,MLC,,EHZ,1,113.0,,311.3,,28.0767189665
nc73553415,NC,MLH,,EHZ,-1,112.0,,334.8,,28.61045461418
nc73553415,NC,MRC,,EHZ,-1,112.0,,30.4,,29.39993859304
nc73553415,NC,MCB,,HHZ,1,111.0,,318.7,,29.44441656368
nc73553415,NC,MMX1,,HN3,-1,110.0,,307.4,,31.479283720460003
nc73553415,NC,MMP,,EHZ,1,107.0,,300.5,,36.09387317436
nc73553415,NC,MINS,,HHZ,1,104.0,,304.4,,41.10876436402
nc73553415,NC,MDPB,,HHZ,1,104.0,,300.4,,41.21995929062
nc73553415,NC,MDC,2.0,EHZ,1,103.0,,312.4,,43.62176970518
nc73553415,NC,MMT,,EHZ,1,102.0,,260.3,,45.24521563354
nc73553415,BK,TOLH,0.0,HHZ,-1,92.0,,231.1,,87.46592926356
nc73553415,BK,HELL,0.0,HHZ,-1,92.0,,200.0,,90.39035583314
nc73553415,BK,MMI,0.0,HHZ,1,91.0,,268.6,,94.53792659532
nc73553415,NC,MMI,,EHZ,1,91.0,,268.6,,94.54904608798
nc73553415,NC,MHD,,EHZ,1,89.0,,251.7,,114.0859946916
nc73553415,NC,MPR,,EHZ,1,88.0,,289.1,,124.6495127186
nc73553415,NP,1589,10.0,HNZ,1,110.0,,107.0,,32.1909312507
nc73553520,NP,1576,10.0,HNZ,-1,126.0,,90.6,,6.263610215378
nc73553520,NC,MCB,,HHZ,-1,109.0,,322.0,,10.471226237922
nc73553520,NC,MLH,,EHZ,1,100.0,,3.6,,12.05353004344
nc73553520,NC,MMX1,,HN3,1,100.0,,293.6,,13.09876235348
nc73553520,NC,MDH,,HNZ,1,99.0,,328.4,,14.29966756076
nc73553520,NC,MEM,,EHZ,-1,99.0,,316.2,,14.777805745139998
nc73553520,NC,MMLB,,HHZ,-1,98.0,,305.9,,16.9016288432
nc73553520,NC,MDY,,HHZ,-1,96.0,,300.5,,19.2923197651
nc73553520,NC,MCY,,EHZ,1,95.0,,294.1,,19.859413890760003
nc73553520,NC,MDC,2.0,EHZ,-1,94.0,,309.0,,24.71863218318
nc73553520,NC,MTU,2.0,EHZ,-1,81.0,,136.3,,33.33623899468
nc73553520,NC,MCD,,EHZ,1,81.0,,94.1,,33.6920627598
nc73553520,NC,MFB,,EHZ,-1,80.0,,114.1,,38.2510547504
nc73553520,NN,LHV,,HHZ,1,79.0,,20.2,,80.63856077032
nc73553520,BK,MMI,0.0,HHZ,1,79.0,,258.6,,83.07372966286
nc73553520,NC,MMI,,EHZ,1,79.0,,258.6,,83.07372966286
nc73553520,BK,TOLH,0.0,HHZ,1,79.0,,218.6,,88.03302338921999
nc73553520,NC,MPR,,EHZ,1,79.0,,284.3,,108.18154408914
nc73553520,BK,BUCR,0.0,HHZ,1,79.0,,276.0,,117.6442323428
nc73553520,NC,BMS,,EHZ,1,76.0,,240.6,,201.9299867056
nc73553520,BK,HELL,0.0,HHZ,1,79.0,,190.2,,100.36454074916
nc73553520,BK,LEGD,0.0,HHZ,1,79.0,,251.7,,123.87114823240002
nc73553520,CI,MLAC,,HHZ,1,123.0,,350.7,,6.751755943152
nc73553520,NC,MCO,,EHZ,1,125.0,,327.5,,6.434850402342
nc73553520,NC,MCS,,EHZ,-1,105.0,,322.5,,11.87561816088
nc73553520,NC,MCV,,EHZ,-1,156.0,,347.7,,2.256145060714
nc73553520,NC,MDPB,,HHZ,1,93.0,,287.1,,23.60668291718
nc73553520,NC,MDR,2.0,EHZ,1,120.0,,351.9,,7.602397131642
nc73553520,NC,MHD,,EHZ,1,79.0,,242.3,,107.43653808092
nc73553520,NC,MINS,,HHZ,1,92.0,,294.1,,22.91727437226
nc73553520,NC,MLC,,EHZ,1,113.0,,300.0,,9.335926037336002
nc73553520,NC,MLM,,EHZ,-1,94.0,,328.3,,20.6266588843
nc73553520,NC,MMP,,EHZ,1,96.0,,283.7,,18.63626969816
nc73553520,NC,MMT,,EHZ,1,80.0,,235.6,,38.16209880912
nc73553520,NC,MQ1P,,EHZ,1,97.0,,285.3,,18.09141455782
nc73553520,NC,MRC,,EHZ,1,82.0,,67.5,,30.22278104988
nc73553540,NC,MCV,,EHZ,-1,131.0,,347.1,,5.622015488896
nc73553540,NC,MDR,2.0,EHZ,-1,108.0,,350.3,,10.95826001643
nc73553540,NC,MLC,,EHZ,-1,105.0,,311.9,,11.8978571462
nc73553540,NC,MCB,,HHZ,1,100.0,,328.0,,13.599139523180002
nc73553540,NC,MCS,,EHZ,1,99.0,,327.8,,15.011315091000002
nc73553540,NC,MLH,,EHZ,-1,99.0,,360.0,,15.30042190016
nc73553540,NC,MMX1,,HN3,1,99.0,,303.7,,15.35601936346
nc73553540,NC,MMP,,EHZ,1,95.0,,292.2,,20.393149538440003
nc73553640,NC,MCV,,EHZ,1,124.0,,358.9,,8.514195529762
nc73553640,NC,MCO,,EHZ,-1,109.0,,345.0,,12.14248598472
nc73553640,NC,MLC,,EHZ,-1,108.0,,324.8,,13.44346662594
nc73553810,NP,1679,10.0,HNZ,1,132.0,,54.6,,19.67038251554
nc73553810,NP,1589,10.0,HNZ,-1,130.0,,110.3,,20.83792924484
nc73553810,NC,MCV,,EHZ,-1,118.0,,306.6,,30.7453972049
nc73553810,CI,MLAC,,HHZ,1,115.0,,312.0,,34.0256475396
nc73553810,NC,MDR,2.0,EHZ,-1,115.0,,313.1,,34.59274166526
nc73553810,NC,MCO,,EHZ,-1,114.0,,307.9,,35.05976035698
nc73553810,NC,MLH,,EHZ,-1,113.0,,320.3,,36.5831308514
nc73553810,NC,MLC,,EHZ,1,112.0,,302.8,,38.40672764764
nc73553810,NC,MMX1,,HN3,1,109.0,,300.6,,42.05392124012
nc73553810,NC,MDPB,,HHZ,1,105.0,,296.3,,52.17265956072
nc73553810,NC,MMT,,EHZ,1,103.0,,264.5,,56.0978404697
nc73553810,BK,HELL,0.0,HHZ,-1,94.0,,207.0,,92.87000269632
nc73553810,BK,TOLH,0.0,HHZ,-1,94.0,,236.5,,95.26069361822
nc73553810,NC,MMI,,EHZ,1,92.0,,270.0,,105.75749468926
nc73553810,CI,CWC,,HHZ,-1,91.0,,159.0,,117.0882577098
nc73553810,NC,MHD,,EHZ,1,90.0,,254.3,,124.2047330122
nc73553810,NC,MPR,,EHZ,1,89.0,,288.5,,135.9913952318
nc73553810,CI,SPG2,,HHZ,1,89.0,,188.1,,137.32573435100002
nc73553810,BK,LEGD,0.0,HHZ,1,88.0,,261.0,,143.7750400938
nc73553810,BK,BUCR,0.0,HHZ,-1,88.0,,281.5,,144.1086248736
nc73553810,CI,POR,,HHZ,-1,87.0,,195.5,,152.22585451540002
nc73553810,BK,MMI,0.0,HHZ,1,92.0,,270.0,,105.75749468926
nc73553855,NC,MCV,,EHZ,-1,38.0,,311.8,,29.71128438752
nc73553855,NC,MCO,,EHZ,-1,38.0,,312.5,,34.0812450029
nc73553855,NC,MLC,,EHZ,1,37.0,,306.9,,37.17246396238
nc73553855,NC,MMX1,,HN3,1,37.0,,304.2,,40.70846262826
nc73553855,NC,MDPB,,HHZ,1,36.0,,299.1,,50.61593058832
nc73553855,NC,MDC,2.0,EHZ,1,36.0,,309.1,,52.63967825244
nc73553855,NC,MMT,,EHZ,1,36.0,,265.9,,53.4291622313
nc73553855,BK,HELL,0.0,HHZ,1,36.0,,206.0,,90.37923634048
nc73553855,BK,TOLH,0.0,HHZ,1,36.0,,236.4,,92.291789078
nc73553855,BK,MMI,0.0,HHZ,1,36.0,,270.8,,103.21113087012
nc73553855,NC,MMI,,EHZ,1,36.0,,270.8,,103.22225036278
nc73553855,NC,MHD,,EHZ,1,36.0,,254.7,,121.3136649206
nc73553855,NP,1679,10.0,HNZ,1,39.0,,55.2,,22.6281675631
nc73553855,NP,1589,10.0,HNZ,-1,39.0,,104.5,,22.81719893832
nc73553855,NC,MRC,,EHZ,1,38.0,,12.1,,29.70016489486
nc73553855,BK,OVRO,0.0,HHZ,1,38.0,,127.6,,33.01377370754
nc73553855,NC,MDR,2.0,EHZ,1,38.0,,317.9,,33.88109413502001
nc73553855,NP,1587,10.0,HNZ,1,37.0,,57.5,,35.66021296062
nc73553855,NC,MLH,,EHZ,-1,37.0,,324.9,,36.23842657894
nc73553855,NC,MCB,,HHZ,1,37.0,,312.7,,38.195457287100005
nc73553975,NC,MLC,,EHZ,1,105.0,,306.9,,10.46900233939
nc73553975,NC,MMX1,,HN3,1,96.0,,299.1,,14.07727770756
nc73553975,NC,MCV,,EHZ,1,138.0,,348.6,,3.891822431000001
nc73554455,NP,1576,10.0,HNZ,-1,101.0,,349.3,,12.2870393893
nc73554455,NC,MTU,2.0,EHZ,-1,96.0,,129.6,,18.78082310274
nc73554455,CI,MLAC,,HHZ,-1,94.0,,333.0,,21.127036054
nc73554455,NC,MLC,,EHZ,-1,93.0,,315.4,,23.65116088782
nc73554455,NC,MCB,,HHZ,1,94.0,,323.8,,25.319084786820003
nc73554455,NC,MLH,,EHZ,-1,94.0,,342.2,,25.38580174278
nc73554455,NC,MCS,,EHZ,-1,84.0,,323.9,,26.720140861980003
nc73554455,NC,MCD,,EHZ,1,84.0,,68.7,,26.87581375922
nc73554455,NC,MMX1,,HN3,-1,84.0,,310.3,,26.92029172986
nc73554455,NC,MEM,,EHZ,-1,83.0,,320.6,,29.54449199762
nc73554455,NC,MRC,,EHZ,1,82.0,,39.2,,30.589724307660003
nc73554455,NC,MQ1P,,EHZ,-1,82.0,,303.1,,31.01226502874
nc73554455,NC,MMP,,EHZ,-1,82.0,,302.0,,31.39032777918
nc73554455,NC,MBS1,,EP1,-1,80.0,,330.2,,38.4734446036
nc73554455,NC,MMT,,EHZ,1,80.0,,256.9,,41.17548131998
nc73554455,BK,TOLH,0.0,HHZ,1,79.0,,228.3,,85.1197163123
nc73554455,NC,MMI,,EHZ,1,79.0,,267.4,,90.1234880093
nc73554455,BK,HELL,0.0,HHZ,-1,79.0,,196.9,,90.55714822304
nc73554455,NC,MHD,,EHZ,-1,79.0,,250.1,,110.39432312848
nc73554455,NC,MPR,,EHZ,1,79.0,,289.0,,119.86813087480002
nc73554455,NC,MCO,,EHZ,-1,94.0,,325.7,,21.28270895124
nc73554455,NC,MCV,,EHZ,-1,98.0,,327.9,,16.9572263065
nc73554455,NC,MDPB,,HHZ,-1,80.0,,301.6,,36.50529440278
nc73554455,NC,MDR,2.0,EHZ,-1,93.0,,334.0,,21.89428104754
nc73554605,NC,MCV,,EHZ,-1,96.0,,19.7,,18.35828238166
nc73554605,NC,MLC,,EHZ,-1,95.0,,355.9,,19.78157744214
nc73554605,NC,MCO,,EHZ,-1,94.0,,8.9,,20.74897330356
nc73554605,NC,MMX1,,HN3,1,94.0,,345.3,,20.98248264942
nc73554605,NC,MQ1P,,EHZ,-1,87.0,,331.6,,22.55033111448
nc73554605,NC,MDR,2.0,EHZ,-1,86.0,,13.9,,23.28421763004
nc73554605,NC,MCB,,HHZ,1,86.0,,0.5,,23.31757610802
nc73554605,NC,MMT,,EHZ,1,84.0,,255.4,,25.65266956662
nc73554605,NC,MCY,,EHZ,-1,84.0,,333.8,,25.84170094184
nc73554605,NC,MEM,,EHZ,-1,84.0,,352.1,,25.964015361100003
nc73554605,NC,MDPB,,HHZ,-1,83.0,,324.3,,27.1315620904
nc73554605,NC,MLH,,EHZ,-1,82.0,,15.3,,28.11007744448
nc73554605,NC,MDC,2.0,EHZ,-1,80.0,,337.7,,33.05825167818
nc73554605,BK,MMI,0.0,HHZ,1,78.0,,269.0,,74.76746864584
nc73554605,NC,MMI,,EHZ,1,78.0,,269.0,,74.76746864584
nc73554605,NC,MHD,,EHZ,1,78.0,,248.5,,95.071662243
nc73554605,NC,MMP,,EHZ,-1,87.0,,329.7,,22.572570099800004
nc73554640,NC,MCV,,EHZ,-1,84.0,,20.8,,18.89201802934
nc73554640,NC,MLC,,EHZ,-1,83.0,,357.5,,20.1262817146
nc73554640,NC,MCO,,EHZ,-1,83.0,,10.1,,21.20487250262
nc73554640,NC,MMT,,EHZ,1,80.0,,255.9,,25.04109747032
nc73554640,NC,MMX1,,HN3,1,83.0,,347.0,,21.21599199528
nc73554640,NC,MCS,,EHZ,1,80.0,,359.9,,24.8520660951
nc73554640,NC,MEM,,EHZ,-1,79.0,,353.4,,26.26424166292
nc73554640,NC,MDPB,,HHZ,-1,78.0,,325.6,,27.12044259774
nc73554640,BK,MMI,0.0,HHZ,1,70.0,,269.3,,74.23373299816
nc73554640,NC,MMI,,EHZ,1,70.0,,269.3,,74.23373299816
nc73554640,NC,MHD,,EHZ,-1,70.0,,248.6,,94.43785116138
nc73554875,NC,MCV,,EHZ,1,158.0,,6.7,,2.0526583450360003
nc73554875,NC,MCO,,EHZ,1,128.0,,332.5,,5.928913486312
nc73554875,NC,MCS,,EHZ,-1,106.0,,324.9,,11.30852403522
nc73554875,NC,MMX1,,HN3,1,100.0,,294.2,,12.37599533058
nc73554875,NC,MQ1P,,EHZ,1,97.0,,285.4,,17.3464085496
nc73554875,NC,MDPB,,HHZ,1,92.0,,287.2,,22.87279640162
nc73554875,NC,MCB,,HHZ,-1,110.0,,324.7,,9.905244061528
nc73554875,NC,MDR,2.0,EHZ,-1,120.0,,357.2,,7.367775836516
nc73554875,NC,MLC,,EHZ,1,115.0,,301.5,,8.630950202692
nc73555580,NP,1576,10.0,HNZ,1,93.0,,32.5,,13.0654038755
nc73555580,NC,MCV,,EHZ,-1,93.0,,1.3,,13.26555474338
nc73555580,NC,MCO,,EHZ,-1,94.0,,350.8,,16.70147797532
nc73555580,NC,MLC,,EHZ,-1,94.0,,335.2,,17.335289056940002
nc73555580,NC,MMX1,,HN3,-1,85.0,,325.5,,19.78157744214
nc73555580,NC,MCB,,HHZ,-1,84.0,,343.7,,20.1262817146
nc73555580,NC,MCS,,EHZ,-1,84.0,,342.5,,21.4606208338
nc73555580,NC,MQ1P,,EHZ,-1,83.0,,313.6,,22.97287183556
nc73555580,NC,MLH,,EHZ,-1,83.0,,3.8,,23.15078371812
nc73555580,NC,MMP,,EHZ,-1,83.0,,311.9,,23.22862016674
nc73555580,NC,MEM,,EHZ,-1,83.0,,336.5,,23.6845193658
nc73555580,NC,MDH,,HNZ,-1,82.0,,343.9,,24.1848965355
nc73555580,NC,MDH1,1.0,DP1,1,82.0,,343.9,,24.1848965355
nc73555580,NC,MCY,,EHZ,-1,81.0,,317.9,,25.852820434500003
nc73555580,NC,MDY,,HHZ,-1,81.0,,322.8,,26.17528572164
nc73555580,NC,MINS,,HHZ,-1,79.0,,315.4,,28.65493258482
nc73555580,NC,MDC,2.0,EHZ,-1,77.0,,325.3,,32.3577236406
nc73555580,NC,MMT,,EHZ,1,76.0,,251.2,,32.4689185672
nc73555580,NC,MBS1,,EP1,1,76.0,,343.0,,33.73654073044
nc73555580,NC,MFB,,EHZ,1,74.0,,97.2,,36.00491723308
nc73555580,BK,MMI,0.0,HHZ,1,73.0,,266.3,,80.84983113086
nc73555580,NC,MMI,,EHZ,1,73.0,,266.3,,80.84983113086
nc73555580,NC,MHD,,EHZ,1,73.0,,247.6,,102.05470363348
nc73555580,NC,MPR,,EHZ,-1,73.0,,290.0,,110.6945494303
nc73555580,CI,MLAC,,HHZ,-1,85.0,,359.0,,17.724471300039998
nc73555580,NC,MDPB,,HHZ,-1,79.0,,309.7,,28.25463084906
nc73555580,NC,MDR,2.0,EHZ,-1,85.0,,359.1,,18.59179172752
nc73555580,NC,MMLB,,HHZ,-1,82.0,,328.4,,24.618556749240003
nc73555805,NC,MCV,,EHZ,-1,153.0,,84.3,,2.475199066116
nc73555805,NC,MLC,,EHZ,-1,126.0,,297.8,,5.80993491485
nc73555805,NC,MGPB,,EHZ,1,126.0,,316.5,,5.868868225948
nc73555805,NC,MDR,2.0,EHZ,1,126.0,,18.5,,5.868868225948
nc73555805,NC,MMX1,,HN3,-1,109.0,,289.8,,9.639488186954
nc73555805,NC,MLH,,EHZ,1,106.0,,20.1,,10.731422366166
nc73555805,NC,MEM,,EHZ,1,104.0,,320.1,,11.35300200586
nc73555820,NC,MCV,,EHZ,-1,150.0,,80.2,,2.634207811154
nc73555820,NC,MGPB,,EHZ,-1,124.0,,318.8,,5.928913486312
nc73555820,NC,MDR,2.0,EHZ,1,123.0,,19.0,,6.103489521074001
nc73555820,NC,MCB,,HHZ,1,116.0,,332.5,,7.312178373216
nc73555820,NC,MMX1,,HN3,-1,108.0,,291.2,,9.586114622186
nc73555820,NC,MLH,,EHZ,1,104.0,,20.4,,10.968267559824
nc73555820,NC,MLC,,EHZ,-1,125.0,,300.1,,5.792143726594
nc73556045,NC,MCO,,EHZ,-1,174.0,,345.6,,0.6296968693357999
nc73556045,NC,MCS,,EHZ,1,135.0,,319.5,,6.04900400704
nc73556045,NC,MMX1,,HN3,1,123.0,,272.7,,8.714346397642
nc73556045,NC,MEM,,EHZ,1,122.0,,310.2,,9.064610416432
nc73556045,NC,MQ1P,,EHZ,1,107.0,,269.7,,14.14399466352
nc73556045,NC,MCY,,EHZ,1,106.0,,282.5,,15.18922697356
nc73556045,NC,MDC,2.0,EHZ,1,102.0,,304.0,,19.19224433116
nc73556045,NC,MRC,,EHZ,1,93.0,,77.8,,31.95742190484
nc73556045,NC,MMT,,EHZ,1,91.0,,226.9,,38.57352003754
nc73556045,BK,MMI,0.0,HHZ,-1,87.0,,254.8,,80.9499065648
nc73556045,NC,MMI,,EHZ,1,87.0,,254.8,,80.9499065648
nc73556045,NC,MHD,,EHZ,1,85.0,,239.2,,106.88056344792
nc73556045,CI,MLAC,,HHZ,-1,156.0,,50.0,,2.889956142334
nc73556045,NC,MCB,,HHZ,1,144.0,,317.6,,4.655731576742
nc73556045,NC,MCV,,EHZ,-1,149.0,,132.7,,3.84734446036
nc73556045,NC,MDPB,,HHZ,1,102.0,,276.3,,19.38127570638
nc73556045,NC,MDR,2.0,EHZ,-1,151.0,,39.3,,3.514871629826
nc73556045,NC,MINS,,HHZ,1,103.0,,284.3,,18.19148999176
nc73556045,NC,MLC,,EHZ,1,143.0,,268.2,,4.781381843799999
nc73556045,NC,MMLB,,HHZ,1,113.0,,296.1,,11.57539185906
nc73556175,NP,1576,10.0,HNZ,1,94.0,,55.7,,10.895990857534
nc73556175,NC,MCO,,EHZ,1,92.0,,356.5,,11.6198698297
nc73556175,NC,MMX1,,HN3,-1,89.0,,321.0,,14.68884980386
nc73556175,NC,MCB,,HHZ,1,88.0,,345.6,,14.88900067174
nc73556175,NC,MQ1P,,EHZ,1,84.0,,306.7,,18.31380441102
nc73556175,NC,MEM,,EHZ,1,84.0,,336.1,,18.41387984496
nc73556175,NC,MDH,,HNZ,1,83.0,,345.5,,18.94761549264
nc73556175,NC,MDH1,1.0,DP1,-1,83.0,,345.5,,18.94761549264
nc73556175,NC,MMLB,,HHZ,1,83.0,,325.8,,19.44799266234
nc73556175,NC,MLI,,HHZ,-1,83.0,,313.5,,19.7926969348
nc73556175,NC,MDY,,HHZ,1,82.0,,319.1,,21.13815554666
nc73556175,NC,MDC,2.0,EHZ,1,77.0,,322.9,,27.242757017
nc73556175,NC,MTU,2.0,EHZ,-1,75.0,,124.8,,31.4125667645
nc73556175,NC,MRC,,EHZ,1,72.0,,59.9,,35.43782310742
nc73556175,BK,OVRO,0.0,HHZ,-1,69.0,,121.8,,59.6560781209
nc73556175,NN,LHV,,HHZ,1,69.0,,20.4,,87.39921230760001
nc73556175,BK,BUCR,0.0,HHZ,-1,69.0,,279.2,,115.7539185906
nc73556175,GS,MCA04,0.0,HHZ,1,69.0,,57.8,,118.7561816088
nc73556175,CI,CWC,,HHZ,1,68.0,,149.8,,137.77051405740002
nc73556175,CI,SPG2,,HHZ,1,68.0,,176.9,,145.9989386258
nc73556175,BK,WELL,0.0,HHZ,-1,67.0,,302.7,,193.7015621372
nc73556175,NC,PJC,1.0,EHZ,-1,67.0,,221.0,,207.6009279622
nc73556175,NC,PCE,1.0,EHZ,1,67.0,,218.0,,210.158411274
nc73556175,BK,HELL,0.0,HHZ,1,69.0,,189.2,,93.80404007976
nc73556175,BK,LEGD,0.0,HHZ,1,69.0,,254.1,,119.4233511684
nc73556175,BK,LIND,0.0,HHZ,1,69.0,,188.0,,130.09806412199998
nc73556175,BK,MMI,0.0,HHZ,1,69.0,,262.6,,79.34869962176
nc73556175,BK,TOLH,0.0,HHZ,1,69.0,,219.8,,81.5058811978
nc73556175,CI,MLAC,,HHZ,1,90.0,,7.3,,12.94308945624
nc73556175,NC,HBC,1.0,EHZ,-1,67.0,,255.3,,204.2650801642
nc73556175,NC,HSL,2.0,EHZ,-1,67.0,,255.1,,205.3770294302
nc73556175,NC,MCS,,EHZ,1,86.0,,344.0,,16.22333979094
nc73556175,NC,MCV,,EHZ,1,98.0,,15.1,,8.686547665992
nc73556175,NC,MDPB,,HHZ,1,80.0,,303.6,,23.75123632176
nc73556175,NC,MDR,2.0,EHZ,1,89.0,,6.9,,13.81040988372
nc73556175,NC,MGPB,,EHZ,1,90.0,,341.2,,13.08764286082
nc73556175,NC,MHD,,EHZ,1,69.0,,244.7,,102.22149602338
nc73556175,NC,MINS,,HHZ,1,80.0,,310.5,,23.88467023368
nc73556175,NC,MLC,,EHZ,-1,90.0,,333.9,,12.07576902876
nc73556175,NC,MLH,,EHZ,1,84.0,,10.9,,18.54731375688
nc73556175,NC,MMI,,EHZ,1,69.0,,262.6,,79.34869962176
nc73556175,NC,MMP,,EHZ,1,84.0,,304.7,,18.64738919082
nc73556175,NC,MMT,,EHZ,1,74.0,,241.9,,32.59123298646001
nc73556175,NC,MPR,,EHZ,1,69.0,,287.9,,107.23638721304
nc73556410,NC,MCO,,EHZ,-1,138.0,,333.9,,6.698382378384
nc73556410,NC,MDR,2.0,EHZ,-1,131.0,,356.1,,8.136132779322
nc73556410,NC,MLC,,EHZ,1,127.0,,304.8,,9.216947465874
nc73556410,NC,MCB,,HHZ,-1,123.0,,326.2,,10.64691422195
nc73556410,NC,MCS,,EHZ,1,115.0,,326.2,,12.05353004344
nc73556410,NC,MLH,,EHZ,-1,115.0,,5.8,,12.68734112506
nc73556410,NC,MMX1,,HN3,1,114.0,,296.9,,12.88749199294
nc73556410,NC,MQ1P,,EHZ,1,109.0,,287.6,,17.75782977802
nc73556410,NC,MINS,,HHZ,1,102.0,,295.9,,22.69488451906
nc73556410,NC,MDPB,,HHZ,1,102.0,,288.9,,23.30645661536
nc73556410,NC,MDC,2.0,EHZ,-1,101.0,,310.8,,24.69639319786
nc73556410,NC,MMT,,EHZ,1,94.0,,235.9,,37.39485381558
nc73556415,NC,MLH,,EHZ,-1,147.0,,105.3,,2.92998631591
nc73556415,NC,MDR,2.0,EHZ,1,126.0,,169.5,,5.367379106982
nc73556415,NC,MLC,,EHZ,1,105.0,,216.4,,10.133193661058
nc73556415,NC,MCV,,EHZ,1,104.0,,171.6,,10.714743127176
nc73556490,NC,MCV,,EHZ,-1,123.0,,316.3,,20.61553939164
nc73556490,NC,MCO,,EHZ,-1,117.0,,316.5,,25.00773899234
nc73556490,NC,MDR,2.0,EHZ,-1,117.0,,323.8,,25.0744559483
nc73556490,NC,MLC,,EHZ,-1,114.0,,308.5,,27.92104606926
nc73556490,NC,MLH,,EHZ,1,114.0,,332.3,,27.9099265766
nc73556490,NC,MCB,,HHZ,1,113.0,,316.1,,29.11083178388
nc73556490,NC,MTU,2.0,EHZ,-1,132.0,,141.2,,14.68884980386
nc73556490,NC,MRC,,EHZ,1,114.0,,30.3,,27.99888251788
nc73556490,NC,MMX1,,HN3,1,111.0,,304.9,,31.4125667645
nc73556490,NC,MINS,,HHZ,-1,105.0,,302.5,,41.10876436402
nc73556490,NC,MDPB,,HHZ,-1,104.0,,298.5,,41.32003472456
nc73556490,NC,MDC,2.0,EHZ,1,103.0,,310.6,,43.4216188373
nc73556575,NP,1576,10.0,HNZ,1,119.0,,63.5,,7.304394728354
nc73556575,CI,MLAC,,HHZ,1,108.0,,355.4,,10.007543394
nc73556575,NC,MMX1,,HN3,-1,97.0,,306.1,,14.5109379213
nc73556575,NC,MDH,,HNZ,1,96.0,,335.0,,17.090660218420002
nc73556575,NC,MDH1,1.0,DP1,-1,96.0,,335.0,,17.090660218420002
nc73556575,NC,MEM,,EHZ,-1,96.0,,324.6,,17.15737717438
nc73556575,NC,MQ1P,,EHZ,-1,95.0,,295.2,,18.96985447796
nc73556575,NC,MDPB,,HHZ,-1,84.0,,294.8,,24.52960080796
nc73556575,NC,MDC,2.0,EHZ,-1,82.0,,314.9,,26.720140861980003
nc73556575,NC,MRC,,EHZ,1,79.0,,62.1,,31.879585456220003
nc73556575,BK,MMI,0.0,HHZ,-1,77.0,,260.9,,82.20640923538
nc73556575,NC,MMI,,EHZ,1,77.0,,260.9,,82.21752872804
nc73556575,BK,TOLH,0.0,HHZ,1,77.0,,219.8,,85.28650870220001
nc73556575,NC,MHD,,EHZ,1,77.0,,243.8,,105.6907777333
nc73556575,NC,MPR,,EHZ,-1,77.0,,286.1,,108.77087720012
nc73556575,NC,MCB,,HHZ,-1,98.0,,332.0,,13.09876235348
nc73556575,NC,MCO,,EHZ,-1,111.0,,340.0,,9.29589586376
nc73556575,NC,MCS,,EHZ,-1,97.0,,331.4,,14.49981842864
nc73556575,NC,MCV,,EHZ,-1,128.0,,357.9,,5.519716156424
nc73556575,NC,MDR,2.0,EHZ,-1,106.0,,355.8,,10.865968227352
nc73556575,NC,MGPB,,EHZ,-1,103.0,,324.9,,11.65322830768
nc73556575,NC,MLC,,EHZ,-1,105.0,,315.7,,11.16397063064
nc73556575,NC,MLH,,EHZ,-1,97.0,,3.9,,15.37825834878
nc73556575,NC,MMLB,,HHZ,-1,95.0,,314.6,,18.82530107338
nc73556790,NC,MGPB,,EHZ,-1,172.0,,127.1,,0.8779951404336
nc73556790,NC,MLC,,EHZ,-1,163.0,,190.7,,2.114927503932
nc73556790,NC,MCS,,EHZ,-1,159.0,,9.5,,2.705372564178
nc73556790,NC,MMX1,,HN3,-1,146.0,,250.5,,4.580119026654
nc73556790,NC,MEM,,EHZ,-1,146.0,,327.0,,4.669074967934
nc73556790,NC,MDR,2.0,EHZ,-1,134.0,,83.1,,6.663911951138
nc73556790,NC,MMLB,,HHZ,1,134.0,,297.6,,6.790674167462
nc73556790,NC,MCV,,EHZ,-1,126.0,,122.2,,8.520867225358
nc73556790,NC,MQ1P,,EHZ,1,121.0,,258.4,,9.95750567703
nc73556790,NC,MLH,,EHZ,1,121.0,,57.8,,9.981968560882
nc73556790,NC,MMP,,EHZ,1,119.0,,257.3,,10.668041258004
nc73556790,NC,MDPB,,HHZ,1,109.0,,270.7,,14.87788117908
nc73556790,NC,MMT,,EHZ,1,92.0,,220.0,,36.93895461652
nc73556790,NC,MCB,,HHZ,-1,164.0,,39.3,,1.947023164766
nc73556790,NC,MCO,,EHZ,-1,147.0,,107.3,,4.426670027946
nc73556915,NC,MCY,,EHZ,-1,136.0,,31.0,,2.109367757602
nc73556915,NC,MMP,,EHZ,-1,133.0,,149.1,,2.19609980035
nc73556915,NC,MLI,,HHZ,1,131.0,,61.6,,2.365116088782
nc73556915,NC,MDPB,,HHZ,1,118.0,,280.6,,3.399228906162
nc73556915,NC,MINS,,HHZ,1,116.0,,330.4,,3.4626100143240004
nc73556915,NC,MMX1,,HN3,1,92.0,,98.4,,7.294387184960001
nc73556915,NC,MDC,2.0,EHZ,1,89.0,,359.8,,9.215835516608
nc73556915,NC,MEM,,EHZ,1,89.0,,63.9,,9.986416357946
nc73556915,NC,MLC,,EHZ,1,86.0,,98.2,,11.26404606458
nc73556915,NC,MGPB,,EHZ,-1,89.0,,90.3,,12.24256141866
nc73556915,NC,MCB,,HHZ,1,88.0,,81.2,,12.92085047092
nc73556915,NC,MDH,,HNZ,1,87.0,,63.1,,13.10988184614
nc73556915,NC,MDH1,1.0,DP1,-1,87.0,,63.1,,13.10988184614
nc73556915,NC,MCO,,EHZ,1,84.0,,93.1,,15.7896795772
nc73556915,NC,MDR,2.0,EHZ,1,82.0,,86.0,,18.19148999176
nc73556915,NC,MCV,,EHZ,1,81.0,,102.2,,19.19224433116
nc73556915,NC,MMI,,EHZ,1,67.0,,249.8,,66.20545929764
nc73557080,NC,MCB,,HHZ,1,171.0,,217.5,,0.4584566823718
nc73557080,NC,MCS,,EHZ,1,159.0,,307.0,,1.3343391192
nc73557080,NC,MGPB,,EHZ,-1,142.0,,198.7,,2.530796529416
nc73557080,NC,MCO,,EHZ,-1,124.0,,139.7,,4.18092924016
nc73557080,NC,MLC,,EHZ,-1,123.0,,205.7,,4.3844159558380005
nc73557125,NP,1576,10.0,HNZ,1,135.0,,17.3,,6.173542324832
nc73557125,CI,MLAC,,HHZ,-1,108.0,,336.5,,13.76593191308
nc73557125,NC,MCB,,HHZ,-1,104.0,,322.7,,17.89126368994
nc73557125,NC,MMX1,,HN3,-1,102.0,,304.4,,19.88165287608
nc73557125,NC,MDH,,HNZ,-1,99.0,,326.8,,21.69413017966
nc73557125,NC,MQ1P,,EHZ,-1,97.0,,296.2,,24.3516889254
nc73557125,NC,MMP,,EHZ,-1,96.0,,294.8,,24.7964686318
nc73557125,NC,MDY,,HHZ,-1,96.0,,306.9,,26.27536115558
nc73557125,NC,MCY,,EHZ,1,96.0,,302.1,,26.5755874574
nc73557125,NC,MINS,,HHZ,-1,93.0,,301.2,,29.60008946092
nc73557125,NC,MDC,2.0,EHZ,-1,93.0,,312.4,,31.94630241218
nc73557125,NC,MMI,,EHZ,1,87.0,,263.1,,86.49853340214001
nc73557125,BK,TOLH,0.0,HHZ,1,87.0,,223.4,,86.44293593884
nc73557125,NC,MHD,,EHZ,1,85.0,,246.2,,108.83759415608
nc73557125,NC,MPR,,EHZ,1,85.0,,286.7,,113.974799765
nc73557125,BK,BUCR,0.0,HHZ,1,84.0,,278.6,,122.7591989664
nc73557125,BK,LEGD,0.0,HHZ,1,84.0,,255.0,,126.4286315442
nc73557125,CI,SPG2,,HHZ,-1,83.0,,179.7,,145.9989386258
nc73557125,BK,MERC,0.0,HHZ,1,83.0,,265.1,,149.89076105680002
nc73557125,BK,KARE,0.0,HHZ,-1,84.0,,212.6,,120.9800801408
nc73557125,BK,MMI,0.0,HHZ,1,87.0,,263.1,,86.49853340214001
nc73557125,NC,BMS,,EHZ,1,80.0,,242.7,,203.04193597160003
nc73557125,NC,MCO,,EHZ,-1,108.0,,325.4,,13.8437683617
nc73557125,NC,MCS,,EHZ,-1,102.0,,322.9,,19.2923197651
nc73557125,NC,MCV,,EHZ,-1,121.0,,329.1,,9.519397666226
nc73557125,NC,MDPB,,HHZ,-1,93.0,,295.6,,29.911435255400004
nc73557125,NC,MDR,2.0,EHZ,-1,107.0,,337.9,,14.55541589194
nc73557125,NC,MEM,,EHZ,-1,98.0,,318.7,,22.15002937872
nc73557125,NC,MLC,,EHZ,-1,106.0,,310.5,,16.41237116616
nc73557125,NC,MLH,,EHZ,-1,104.0,,348.6,,18.35828238166
nc73557125,NC,MMLB,,HHZ,-1,97.0,,311.3,,24.0737016089
nc73557125,NC,MMT,,EHZ,1,91.0,,246.6,,39.16285314852
nc73557125,NC,MRC,,EHZ,1,94.0,,53.3,,29.31098265176
nc73557130,NC,MCV,,EHZ,-1,119.0,,329.3,,9.59056241925
nc73557130,CI,MLAC,,HHZ,-1,107.0,,336.6,,13.8437683617
nc73557130,NC,MCO,,EHZ,-1,107.0,,325.5,,13.91048531766
nc73557130,NC,MDR,2.0,EHZ,-1,106.0,,338.0,,14.63325234056
nc73557130,NC,MLC,,EHZ,-1,105.0,,310.6,,16.46796862946
nc73557130,NC,MCB,,HHZ,-1,103.0,,322.8,,17.9579806459
nc73557130,NC,MLH,,EHZ,-1,103.0,,348.6,,18.42499933762
nc73557130,NC,MMX1,,HN3,-1,101.0,,304.5,,19.92613084672
nc73557130,NC,MRC,,EHZ,1,93.0,,53.1,,29.34434112974
nc73557130,NC,MDPB,,HHZ,1,92.0,,295.7,,29.95591322604
nc73557130,NC,MDC,2.0,EHZ,-1,92.0,,312.4,,32.01301936814
nc73557130,NC,MMT,,EHZ,1,91.0,,246.7,,39.151733655860006
nc73557175,NC,MMP,,EHZ,-1,106.0,,348.8,,12.66510213974
nc73557175,NC,MLC,,EHZ,-1,105.0,,30.7,,14.76668625248
nc73557175,NC,MCY,,EHZ,1,103.0,,351.2,,16.30117623956
nc73557175,NC,MDPB,,HHZ,1,103.0,,335.2,,16.4568491368
nc73557175,NC,MCO,,EHZ,1,101.0,,42.0,,18.14701202112
nc73557175,NC,MCV,,EHZ,1,101.0,,55.8,,18.30268491836
nc73557175,NC,MINS,,HHZ,1,101.0,,343.0,,18.10253405048
nc73557175,NC,MDC,2.0,EHZ,1,94.0,,351.3,,23.7957142924
nc73557175,NC,MMT,,EHZ,1,98.0,,229.4,,20.81569025952
nc73557175,BK,MMI,0.0,HHZ,1,87.0,,262.7,,66.30553473158001
nc73557175,NC,MMI,,EHZ,1,87.0,,262.7,,66.31665422424001
nc73557185,NC,MMP,,EHZ,1,99.0,,346.9,,12.75405808102
nc73557185,NC,MDPB,,HHZ,1,97.0,,333.8,,16.64588051202
nc73557185,NC,MCO,,EHZ,1,96.0,,41.0,,17.85790521196
nc73557185,NC,MCV,,EHZ,1,96.0,,55.1,,17.93574166058
nc73557185,NC,MINS,,HHZ,1,96.0,,341.7,,18.2359679624
nc73557185,NC,MMT,,EHZ,1,85.0,,230.2,,21.149275039320003
nc73557185,NC,MDY,,HHZ,-1,96.0,,355.4,,17.8467857193
nc73557185,NC,MMLB,,HHZ,-1,96.0,,4.7,,17.9579806459
nc73557185,BK,MMI,0.0,HHZ,1,78.0,,262.7,,66.75031443798
nc73557185,NC,MMI,,EHZ,1,78.0,,262.7,,66.75031443798
nc73557185,BK,TOLH,0.0,HHZ,1,78.0,,213.1,,72.57692859181999
nc73557455,NC,MDPB,,HHZ,-1,116.0,,33.9,,7.782532912734
nc73557455,NC,MQ1P,,EHZ,-1,107.0,,65.6,,10.406733180494
nc73557455,NC,MCY,,EHZ,-1,103.0,,48.9,,11.64210881502
nc73557455,NC,MMX1,,HN3,-1,97.0,,72.2,,15.66736515794
nc73557455,NC,MLC,,EHZ,1,95.0,,77.3,,19.31455875042
nc73557455,NC,MEM,,EHZ,-1,95.0,,58.4,,19.54806809628
nc73557455,NC,MGPB,,EHZ,-1,85.0,,73.7,,20.76009279622
nc73557455,NC,MMT,,EHZ,1,86.0,,191.6,,22.45025568054
nc73557455,NC,MCO,,EHZ,1,84.0,,77.9,,23.98474566762
nc73557455,NC,MCV,,EHZ,1,82.0,,86.1,,26.5199899941
nc73557455,NC,MMI,,EHZ,1,77.0,,252.6,,57.0429973458
nc73557455,BK,TOLH,0.0,HHZ,1,77.0,,201.8,,74.6673932119
nc73557455,NC,MPR,,EHZ,1,77.0,,288.5,,82.1730507574
nc73557455,BK,BUCR,0.0,HHZ,-1,76.0,,277.3,,90.80177706156
nc73557455,BK,HELL,0.0,HHZ,1,76.0,,174.6,,99.67513220424
nc73557455,NC,MCB,,HHZ,-1,86.0,,69.0,,21.9054005402
nc73557455,NC,MDC,2.0,EHZ,-1,96.0,,26.9,,16.87938985788
nc73557455,NC,MDY,,HHZ,-1,97.0,,47.7,,13.87712683968
nc73557455,NC,MINS,,HHZ,-1,106.0,,34.0,,10.670265156536
nc73557455,NC,MLI,,HHZ,-1,98.0,,54.5,,11.99793258014
nc73557455,NC,MMLB,,HHZ,-1,96.0,,54.3,,16.22333979094
nc73557455,NC,MMP,,EHZ,-1,109.0,,65.8,,9.670622766402
nc73557580,NP,1576,10.0,HNZ,1,120.0,,69.5,,7.043086650844
nc73557580,NC,MMX1,,HN3,-1,98.0,,303.6,,14.0105607516
nc73557580,NC,MQ1P,,EHZ,-1,96.0,,293.1,,18.59179172752
nc73557580,NC,MMP,,EHZ,1,95.0,,291.4,,19.0699299119
nc73557580,NC,MDY,,HHZ,-1,95.0,,307.1,,20.4042690311
nc73557580,NC,MCY,,EHZ,-1,85.0,,300.9,,20.72673431824
nc73557580,NC,MINS,,HHZ,-1,85.0,,300.0,,23.75123632176
nc73557580,NC,MDPB,,HHZ,-1,85.0,,293.1,,24.15153805752
nc73557580,NC,MDC,2.0,EHZ,-1,83.0,,313.8,,26.11968825834
nc73557580,NC,MRC,,EHZ,1,80.0,,63.5,,31.5793591544
nc73557580,BK,MMI,0.0,HHZ,1,78.0,,260.3,,82.284245684
nc73557580,BK,TOLH,0.0,HHZ,-1,78.0,,219.5,,85.86472232052
nc73557580,NC,MHD,,EHZ,1,77.0,,243.4,,105.99100403512
nc73557580,NC,MPR,,EHZ,-1,77.0,,285.7,,108.50400937628
nc73557580,CI,MLAC,,HHZ,-1,112.0,,355.3,,9.210275770278
nc73557580,NC,MCB,,HHZ,-1,99.0,,330.5,,12.37599533058
nc73557580,NC,MCO,,EHZ,-1,114.0,,338.6,,8.530874768752
nc73557580,NC,MCS,,EHZ,-1,98.0,,330.0,,13.77705140574
nc73557580,NC,MCV,,EHZ,-1,135.0,,358.3,,4.722448532702
nc73557580,NC,MEM,,EHZ,-1,97.0,,323.2,,16.47908812212
nc73557580,NC,MLC,,EHZ,-1,107.0,,312.9,,10.562406077734002
nc73557580,NC,MLH,,EHZ,-1,98.0,,4.3,,14.58877436992
nc73557580,NC,MMLB,,HHZ,-1,96.0,,312.9,,18.2359679624
nc73557640,NC,MCV,,EHZ,1,106.0,,346.0,,14.68884980386
nc73557640,NC,MCO,,EHZ,-1,102.0,,339.5,,18.64738919082
nc73557640,NC,MDR,2.0,EHZ,1,100.0,,348.1,,20.00396729534
nc73557640,NC,MLC,,EHZ,-1,100.0,,326.4,,20.09292323662
nc73557640,NC,MMX1,,HN3,-1,95.0,,319.0,,22.93951335758
nc73557640,NC,MTU,2.0,EHZ,-1,95.0,,121.1,,23.32869560068
nc73557640,NC,MLH,,EHZ,1,95.0,,354.6,,24.1848965355
nc73557640,NC,MQ1P,,EHZ,1,94.0,,309.4,,26.53110948676
nc73557640,NC,MDPB,,HHZ,1,92.0,,306.6,,31.90182444154
nc73557640,NC,MFB,,EHZ,1,92.0,,96.4,,32.05749733878
nc73557640,NC,MMT,,EHZ,1,91.0,,254.7,,35.88260281382
nc73557755,NC,MCO,,EHZ,-1,134.0,,341.9,,5.258408078914
nc73557755,NC,MDR,2.0,EHZ,1,124.0,,6.0,,7.138714287719999
nc73557755,NC,MLC,,EHZ,-1,122.0,,304.2,,7.561255008800001
nc73557755,NC,MGPB,,EHZ,1,121.0,,318.3,,7.755846130350001
nc73557755,NC,MCS,,EHZ,-1,111.0,,329.0,,10.489017426178
nc73557755,NC,MMX1,,HN3,1,109.0,,295.3,,11.26404606458
nc73557755,NC,MLH,,EHZ,-1,107.0,,12.5,,11.88673765354
nc73557755,NC,MQ1P,,EHZ,1,100.0,,285.5,,16.212220298280002
nc73557755,NC,MINS,,HHZ,1,94.0,,295.0,,21.0714385907
nc73557755,NC,MCB,,HHZ,-1,116.0,,329.4,,9.085737452486
nc73557755,NC,MCV,,EHZ,1,158.0,,37.0,,2.230570227596
nc73557875,NC,MDPB,,HHZ,-1,145.0,,48.2,,4.884793125538
nc73557875,NC,MINS,,HHZ,-1,131.0,,43.0,,7.718039855306
nc73557875,NC,MMP,,EHZ,-1,129.0,,84.7,,8.155035916844
nc73557875,NC,MLI,,HHZ,1,123.0,,67.4,,9.816288120248
nc73557875,NC,MDY,,HHZ,1,118.0,,57.3,,11.36412149852
nc73557875,NC,MDC,2.0,EHZ,-1,112.0,,30.3,,13.7325734351
nc73557945,NC,MCV,,EHZ,-1,94.0,,6.7,,7.56681475513
nc73557945,NC,MCO,,EHZ,-1,88.0,,349.0,,10.932685183312
nc73557945,CI,MLAC,,HHZ,-1,87.0,,1.3,,11.97569359482
nc73557945,NC,MLC,,EHZ,-1,89.0,,326.1,,12.02017156546
nc73557945,NC,MDR,2.0,EHZ,-1,89.0,,1.3,,12.8430140223
nc73557945,NC,MCB,,HHZ,1,86.0,,339.5,,14.477579443320002
nc73557945,NC,MQ1P,,EHZ,-1,82.0,,302.1,,18.96985447796
nc73557945,NC,MDPB,,HHZ,1,78.0,,300.1,,24.47400334466
nc73557945,NC,MDC,2.0,EHZ,-1,76.0,,319.5,,27.44290788488
nc73557970,NC,MMT,,EHZ,1,96.0,,264.7,,55.85321163118
nc73557970,BK,TOLH,0.0,HHZ,-1,90.0,,236.5,,94.9604673164
nc73557970,BK,MMI,0.0,HHZ,1,88.0,,270.1,,105.5239853434
nc73557970,NC,MHD,,EHZ,1,87.0,,254.4,,123.87114823240002
nc73557970,NC,MPR,,EHZ,1,86.0,,288.6,,135.8802003052
nc73557970,NP,1679,10.0,HNZ,1,119.0,,54.6,,19.97060881736
nc73557970,NP,1589,10.0,HNZ,1,118.0,,109.6,,20.99360214208
nc73557970,NC,MRC,,EHZ,1,110.0,,8.1,,27.98776302522
nc73557970,NC,MCV,,EHZ,1,107.0,,307.1,,30.65644126362
nc73557970,NC,MCO,,EHZ,1,104.0,,308.4,,34.99304340102
nc73557970,NC,MLH,,EHZ,1,103.0,,320.7,,36.5831308514
nc73557970,NC,MLC,,EHZ,1,103.0,,303.2,,38.3066522137
nc73557970,NC,MCB,,HHZ,-1,102.0,,308.9,,39.0850166999
nc73557970,NC,MMX1,,HN3,1,101.0,,300.9,,41.94272631352
nc73557970,NC,MEM,,EHZ,1,100.0,,308.3,,43.54393325656
nc73557970,NC,MMLB,,HHZ,1,99.0,,304.9,,45.89014620782
nc73557970,NC,MDY,,HHZ,1,99.0,,302.8,,48.2585981444
nc73557970,NC,MDPB,,HHZ,1,97.0,,296.6,,52.039225648800006
nc73557970,NC,MDC,2.0,EHZ,-1,97.0,,306.5,,53.66267157716
nc73558030,NC,MCO,,EHZ,1,134.0,,346.9,,5.090503739748001
nc73558030,NC,MLC,,EHZ,-1,122.0,,306.1,,7.142050135518
nc73558030,NC,MDR,2.0,EHZ,1,122.0,,9.9,,7.169848867168
nc73558030,NC,MCS,,EHZ,-1,110.0,,331.2,,10.21325400821
nc73558030,NC,MMX1,,HN3,-1,108.0,,296.2,,10.80814686552
nc73558030,NC,MLH,,EHZ,1,105.0,,14.8,,11.97569359482
nc73558030,NC,MEM,,EHZ,-1,100.0,,322.2,,12.90973097826
nc73558030,NC,MMLB,,HHZ,-1,99.0,,309.7,,14.7889252378
nc73558030,NC,MQ1P,,EHZ,1,99.0,,285.9,,15.7340821139
nc73558030,NC,MMP,,EHZ,-1,98.0,,284.1,,16.27893725424
nc73558030,NC,MDY,,HHZ,1,98.0,,303.1,,17.079540725759998
nc73558030,NC,MINS,,HHZ,-1,94.0,,295.5,,20.61553939164
nc73558030,NC,MDPB,,HHZ,-1,94.0,,287.7,,21.26046996592
nc73558030,NC,MDC,2.0,EHZ,-1,91.0,,311.7,,22.65040654842
nc73558030,NC,MMT,,EHZ,1,80.0,,233.0,,36.54977237342
nc73558030,CI,MLAC,,HHZ,1,126.0,,11.1,,6.318095729412001
nc73558030,NC,MCB,,HHZ,-1,115.0,,332.0,,8.815533780848
nc73558030,NC,MCV,,EHZ,1,154.0,,46.3,,2.527460681618
nc73558100,NC,MMX1,,HN3,-1,108.0,,311.1,,9.526069361822
nc73558100,NC,MEM,,EHZ,1,96.0,,335.2,,12.87637250028
nc73558100,NC,MDH,,HNZ,1,96.0,,348.5,,13.47682510392
nc73558100,NC,MDH1,1.0,DP1,-1,96.0,,348.5,,13.47682510392
nc73558100,NC,MQ1P,,EHZ,1,96.0,,294.7,,13.88824633234
nc73558100,NC,MDPB,,HHZ,1,84.0,,294.2,,19.44799266234
nc73558100,NC,MMT,,EHZ,1,77.0,,232.4,,33.6364652965
nc73558100,BK,MMI,0.0,HHZ,1,76.0,,258.6,,78.13667492182
nc73558100,NC,MMI,,EHZ,1,76.0,,258.6,,78.13667492182
nc73558100,BK,TOLH,0.0,HHZ,1,75.0,,216.4,,84.25239588482
nc73558100,CI,MLAC,,HHZ,1,111.0,,25.8,,8.55644960187
nc73558100,NC,MCB,,HHZ,1,108.0,,350.1,,9.41821028302
nc73558100,NC,MCO,,EHZ,1,120.0,,11.8,,6.5971949951780005
nc73558100,NC,MCS,,EHZ,1,105.0,,347.0,,10.715855076442
nc73558100,NC,MCV,,EHZ,1,127.0,,53.2,,5.4229765702820005
nc73558100,NC,MDR,2.0,EHZ,1,109.0,,23.6,,9.34593358073
nc73558100,NC,MGPB,,EHZ,1,115.0,,343.4,,7.560143059534
nc73558100,NC,MHD,,EHZ,1,75.0,,241.5,,102.67739522244
nc73558100,NC,MLC,,EHZ,1,120.0,,330.3,,6.561612618666
nc73558100,NC,MLH,,EHZ,1,96.0,,23.1,,14.21071161948
nc73558190,NC,MDPB,,HHZ,1,86.0,,333.7,,16.5124466001
nc73558190,NC,MDC,2.0,EHZ,1,81.0,,350.3,,23.728997336440003
nc73558190,NC,MCV,,EHZ,-1,85.0,,55.5,,17.9023831826
nc73558295,NC,MCO,,EHZ,-1,176.0,,27.0,,0.3316944660478
nc73558295,NC,MDR,2.0,EHZ,1,151.0,,46.5,,3.495968492304
nc73558295,NC,MGPB,,EHZ,1,150.0,,287.9,,3.5437823107420003
nc73558295,NC,MLC,,EHZ,-1,144.0,,264.0,,4.494498933172
nc73558295,NC,MCS,,EHZ,1,137.0,,319.8,,5.608672097704
nc73558325,NC,MCB,,HHZ,-1,163.0,,296.3,,1.147531642512
nc73558325,NC,MGPB,,EHZ,-1,148.0,,225.6,,2.186092256956
nc73558325,NC,MLC,,EHZ,-1,129.0,,220.7,,4.066398465762
nc73558325,NC,MDR,2.0,EHZ,1,127.0,,92.7,,4.355505274922001
nc73558325,CI,MLAC,,HHZ,1,126.0,,103.9,,4.465588252256
nc73558325,NC,MLH,,EHZ,-1,108.0,,55.1,,7.540127972745999
nc73558325,NC,MMLB,,HHZ,-1,104.0,,284.6,,8.558673500402
nc73558325,NC,MMP,,EHZ,1,90.0,,255.2,,13.10988184614
nc73558325,NC,MINS,,HHZ,1,92.0,,275.8,,15.58952870932
nc73558325,NC,MDPB,,HHZ,1,85.0,,267.2,,17.15737717438
nc73558325,NC,MCO,,EHZ,-1,139.0,,139.8,,3.032285648382
nc73558335,NP,1576,10.0,HNZ,1,120.0,,66.0,,7.011952071396001
nc73558335,NC,MGPB,,EHZ,-1,105.0,,323.2,,11.3974799765
nc73558335,NC,MMX1,,HN3,-1,98.0,,304.5,,14.38862350204
nc73558335,NC,MDH,,HNZ,-1,97.0,,334.1,,16.77931442394
nc73558335,NC,MDH1,1.0,DP1,1,97.0,,334.1,,16.77931442394
nc73558335,NC,MEM,,EHZ,-1,97.0,,323.4,,16.9016288432
nc73558335,NC,MQ1P,,EHZ,-1,95.0,,293.9,,18.92537650732
nc73558335,NC,MMP,,EHZ,-1,95.0,,292.2,,19.39239519904
nc73558335,NC,MLI,,HHZ,-1,95.0,,301.4,,19.88165287608
nc73558335,NC,MRC,,EHZ,1,80.0,,62.7,,31.5793591544
nc73558335,NC,MMT,,EHZ,1,78.0,,239.3,,36.4719359248
nc73558335,BK,MMI,0.0,HHZ,1,77.0,,260.6,,82.40656010326
nc73558335,BK,TOLH,0.0,HHZ,1,77.0,,219.7,,85.68681043795999
nc73558335,BK,HELL,0.0,HHZ,-1,77.0,,190.4,,97.47347265756
nc73558335,NC,MHD,,EHZ,1,77.0,,243.7,,105.99100403512
nc73558335,NC,MPR,,EHZ,1,77.0,,285.8,,108.79311618544
nc73558335,CI,MLAC,,HHZ,-1,110.0,,354.4,,9.613913353836
nc73558335,NC,MCB,,HHZ,-1,98.0,,330.6,,12.80965554432
nc73558335,NC,MCO,,EHZ,-1,112.0,,338.3,,8.963423033226
nc73558335,NC,MCS,,EHZ,-1,98.0,,330.1,,14.21071161948
nc73558335,NC,MCV,,EHZ,-1,131.0,,356.3,,5.119414420664
nc73558335,NC,MCY,,EHZ,-1,85.0,,301.6,,21.08255808336
nc73558335,NC,MDC,2.0,EHZ,-1,83.0,,314.1,,26.53110948676
nc73558335,NC,MDPB,,HHZ,-1,84.0,,293.8,,24.48512283732
nc73558335,NC,MDR,2.0,EHZ,-1,107.0,,354.9,,10.471226237922
nc73558335,NC,MDY,,HHZ,-1,85.0,,307.7,,20.7934512742
nc73558335,NC,MINS,,HHZ,-1,85.0,,300.5,,24.11817957954
nc73558335,NC,MLC,,EHZ,-1,106.0,,313.7,,10.968267559824
nc73558335,NC,MLH,,EHZ,-1,98.0,,3.5,,14.96683712036
nc73558335,NC,MMLB,,HHZ,-1,96.0,,313.4,,18.64738919082
nc73558340,NP,1576,10.0,HNZ,1,122.0,,66.3,,6.900757144796
nc73558340,NC,MMX1,,HN3,-1,99.0,,304.1,,14.41086248736
nc73558340,NC,MQ1P,,EHZ,-1,96.0,,293.6,,18.96985447796
nc73558340,NC,MMP,,EHZ,-1,95.0,,291.9,,19.44799266234
nc73558340,NC,MCY,,EHZ,-1,94.0,,301.3,,21.127036054
nc73558340,NC,MINS,,HHZ,-1,85.0,,300.3,,24.15153805752
nc73558340,NC,MDC,2.0,EHZ,-1,83.0,,313.8,,26.54222897942
nc73558340,NC,MRC,,EHZ,1,81.0,,62.7,,31.4681642278
nc73558340,NC,MMT,,EHZ,1,79.0,,239.2,,36.5831308514
nc73558340,BK,MMI,0.0,HHZ,1,79.0,,260.6,,82.5066355372
nc73558340,NC,MMI,,EHZ,1,79.0,,260.6,,82.5066355372
nc73558340,BK,TOLH,0.0,HHZ,1,78.0,,219.7,,85.79800536456
nc73558340,BK,HELL,0.0,HHZ,-1,78.0,,190.4,,97.56242859884
nc73558340,NC,MHD,,EHZ,1,78.0,,243.7,,106.10219896172
nc73558340,NC,MPR,,EHZ,-1,78.0,,285.8,,108.8598331414
nc73558340,BK,BUCR,0.0,HHZ,1,78.0,,277.4,,117.866622196
nc73558340,CI,MLAC,,HHZ,-1,111.0,,353.8,,9.549420296408
nc73558340,NC,MCB,,HHZ,-1,100.0,,330.1,,12.787416559
nc73558340,NC,MCO,,EHZ,-1,114.0,,337.6,,8.927840656714
nc73558340,NC,MCS,,EHZ,-1,99.0,,329.7,,14.18847263416
nc73558340,NC,MCV,,EHZ,-1,133.0,,355.2,,5.052697464704
nc73558340,NC,MDPB,,HHZ,-1,85.0,,293.5,,24.54072030062
nc73558340,NC,MDR,2.0,EHZ,-1,109.0,,354.4,,10.405621231228
nc73558340,NC,MDY,,HHZ,-1,94.0,,307.4,,20.81569025952
nc73558340,NC,MEM,,EHZ,-1,97.0,,323.0,,16.89050935054
nc73558340,NC,MGPB,,EHZ,-1,106.0,,322.6,,11.3974799765
nc73558340,NC,MLC,,EHZ,-1,107.0,,313.1,,10.981610951016
nc73558340,NC,MLH,,EHZ,-1,98.0,,3.2,,14.88900067174
nc73558340,NC,MMLB,,HHZ,-1,96.0,,313.1,,18.65850868348
nc73558345,NP,1576,10.0,HNZ,1,120.0,,30.1,,12.253680911320002
nc73558345,CI,MLAC,,HHZ,-1,114.0,,356.1,,17.35752804226
nc73558345,NC,MGPB,,EHZ,-1,113.0,,337.3,,18.30268491836
nc73558345,NC,MMX1,,HN3,-1,110.0,,322.8,,19.97060881736
nc73558345,NC,MCB,,HHZ,-1,110.0,,340.9,,20.00396729534
nc73558345,NC,MCS,,EHZ,-1,108.0,,340.0,,21.36054539986
nc73558345,NC,MLH,,EHZ,1,106.0,,1.7,,22.69488451906
nc73558345,NC,MQ1P,,EHZ,-1,105.0,,311.4,,23.350934586
nc73558345,NC,MMP,,EHZ,-1,105.0,,309.7,,23.6289219025
nc73558345,NC,MEM,,EHZ,-1,105.0,,334.2,,23.6845193658
nc73558345,NC,MDH,,HNZ,-1,105.0,,341.6,,24.06258211624
nc73558345,NC,MMLB,,HHZ,-1,104.0,,326.2,,24.75199066116
nc73558345,NC,MCY,,EHZ,-1,103.0,,315.9,,26.16416622898
nc73558345,NC,MDY,,HHZ,-1,103.0,,320.8,,26.4087950675
nc73558345,NC,MDPB,,HHZ,-1,101.0,,307.9,,28.6882910628
nc73558345,NC,MINS,,HHZ,-1,101.0,,313.6,,28.99963685728
nc73558345,NC,MDC,2.0,EHZ,-1,99.0,,323.6,,32.53563552316
nc73558345,NC,MRC,,EHZ,1,97.0,,51.3,,35.60461549732
nc73558345,BK,HELL,0.0,HHZ,1,88.0,,191.4,,89.91221764876
nc73558345,NC,MHD,,EHZ,1,87.0,,247.6,,103.03321898756
nc73558345,NC,MPR,,EHZ,1,86.0,,289.6,,111.4173164532
nc73558345,BK,BUCR,0.0,HHZ,-1,86.0,,281.1,,119.3121562418
nc73558345,BK,MMI,0.0,HHZ,1,89.0,,266.0,,81.75051003632
nc73558345,BK,TOLH,0.0,HHZ,1,88.0,,223.4,,80.060347152
nc73558345,NC,MCO,,EHZ,1,115.0,,347.5,,16.46796862946
nc73558345,NC,MCV,,EHZ,1,119.0,,357.4,,12.87637250028
nc73558345,NC,MDR,2.0,EHZ,1,113.0,,356.3,,18.22484846974
nc73558345,NC,MLC,,EHZ,-1,114.0,,332.0,,17.36864753492
nc73558345,NC,MMI,,EHZ,1,89.0,,266.0,,81.76162952898
nc73558345,NC,MMT,,EHZ,1,99.0,,251.0,,33.43631442862
nc73558350,NC,MMX1,,HN3,-1,94.0,,305.5,,13.7881708984
nc73558350,NC,MEM,,EHZ,1,94.0,,324.9,,16.42349065882
nc73558350,NC,MMLB,,HHZ,-1,94.0,,314.5,,18.09141455782
nc73558350,NC,MQ1P,,EHZ,-1,85.0,,294.4,,18.2915654257
nc73558350,NC,MDY,,HHZ,-1,85.0,,308.5,,20.21523765588
nc73558350,NC,MINS,,HHZ,-1,83.0,,301.0,,23.50660748324
nc73558350,NC,MDPB,,HHZ,-1,83.0,,294.1,,23.8513117557
nc73558350,NC,MDC,2.0,EHZ,-1,81.0,,314.8,,25.98625434642
nc73558350,NC,MMT,,EHZ,1,75.0,,238.6,,35.99379774042
nc73558350,CI,MLAC,,HHZ,-1,106.0,,358.1,,9.442673166872
nc73558350,NC,MCB,,HHZ,-1,94.0,,332.8,,12.3982343159
nc73558350,NC,MCO,,EHZ,-1,108.0,,341.9,,8.625390456362
nc73558350,NC,MCS,,EHZ,1,94.0,,332.1,,13.7881708984
nc73558350,NC,MCV,,EHZ,-1,127.0,,3.4,,4.988204407276
nc73558350,NC,MDR,2.0,EHZ,-1,103.0,,358.3,,10.304433848022
nc73558350,NC,MLC,,EHZ,-1,103.0,,315.6,,10.425636318016
nc73558395,CI,MLAC,,HHZ,1,112.0,,355.6,,9.298119762292
nc73558395,NC,MGPB,,EHZ,-1,107.0,,323.3,,11.020529175326
nc73558395,NC,MCB,,HHZ,1,100.0,,330.9,,12.43159279388
nc73558395,NC,MCS,,EHZ,-1,99.0,,330.4,,13.83264886904
nc73558395,NC,MMX1,,HN3,-1,99.0,,304.0,,14.02168024426
nc73558395,NC,MLH,,EHZ,-1,99.0,,4.5,,14.68884980386
nc73558395,NC,MEM,,EHZ,-1,98.0,,323.5,,16.523566092760003
nc73558395,NC,MQ1P,,EHZ,-1,96.0,,293.4,,18.59179172752
nc73558395,NC,MDY,,HHZ,-1,95.0,,307.4,,20.42650801642
nc73558395,NC,MINS,,HHZ,-1,86.0,,300.2,,23.76235581442
nc73558395,NC,MDPB,,HHZ,1,85.0,,293.3,,24.15153805752
nc73558395,NC,MDC,2.0,EHZ,-1,84.0,,314.0,,26.15304673632
nc73558395,NC,MMT,,EHZ,1,79.0,,238.7,,36.42745795416
nc73558395,NC,MCO,,EHZ,-1,115.0,,339.1,,8.602039521776
nc73558395,NC,MCV,,EHZ,-1,135.0,,358.8,,4.8136283725140006
nc73558395,NC,MLC,,EHZ,-1,108.0,,313.4,,10.593540657182
nc73558395,NC,MMLB,,HHZ,-1,96.0,,313.3,,18.26932644038
nc73558410,NC,MCV,,EHZ,-1,131.0,,7.0,,4.513402070694
nc73558410,NC,MCO,,EHZ,-1,111.0,,342.5,,8.07275167116
nc73558410,CI,MLAC,,HHZ,-1,108.0,,359.6,,8.938960149374001
nc73558410,NC,MLC,,EHZ,-1,105.0,,314.6,,9.895236518134
nc73558410,NC,MGPB,,EHZ,1,104.0,,325.0,,10.371150803982
nc73558410,NC,MCB,,HHZ,-1,99.0,,332.8,,11.83114019024
nc73558410,NC,MCS,,EHZ,-1,95.0,,332.1,,13.2321962654
nc73558410,NC,MMX1,,HN3,-1,95.0,,304.4,,13.29891322136
nc73558410,NC,MEM,,EHZ,-1,94.0,,324.6,,15.86751602582
nc73558410,NC,MMLB,,HHZ,-1,94.0,,313.9,,17.5687984028
nc73558410,NC,MQ1P,,EHZ,-1,94.0,,293.2,,17.85790521196
nc73558410,NC,MMP,,EHZ,1,94.0,,291.5,,18.33604339634
nc73558410,NC,MDY,,HHZ,1,85.0,,307.8,,19.71486048618
nc73558410,NC,MINS,,HHZ,-1,84.0,,300.3,,23.028469298860003
nc73558410,NC,MDPB,,HHZ,-1,84.0,,293.2,,23.41765154196
nc73558410,NC,MDC,2.0,EHZ,-1,82.0,,314.4,,25.45251869874
nc73558445,NP,1576,10.0,HNZ,-1,120.0,,68.4,,7.047534447908001
nc73558445,NC,MGPB,,EHZ,1,105.0,,323.0,,11.103925370276
nc73558445,NC,MCB,,HHZ,-1,98.0,,330.6,,12.5094292425
nc73558445,NC,MCS,,EHZ,-1,98.0,,330.1,,13.91048531766
nc73558445,NC,MMX1,,HN3,-1,98.0,,304.0,,14.110636185540002
nc73558445,NC,MLH,,EHZ,-1,97.0,,4.1,,14.71108878918
nc73558445,NC,MEM,,EHZ,-1,96.0,,323.3,,16.60140254138
nc73558445,NC,MQ1P,,EHZ,-1,95.0,,293.4,,18.6807476688
nc73558445,NC,MMP,,EHZ,1,95.0,,291.7,,19.158885853180003
nc73558445,NC,MINS,,HHZ,-1,85.0,,300.2,,23.8513117557
nc73558445,NC,MDPB,,HHZ,-1,84.0,,293.3,,24.2404939988
nc73558445,NC,MDC,2.0,EHZ,-1,83.0,,313.9,,26.2420026776
nc73558445,NC,MMT,,EHZ,1,77.0,,238.8,,36.48305541746
nc73558445,CI,MLAC,,HHZ,-1,110.0,,355.1,,9.342597732932
nc73558445,NC,MCO,,EHZ,-1,113.0,,338.6,,8.667644528470001
nc73558445,NC,MCV,,EHZ,-1,133.0,,357.8,,4.85365854609
nc73558445,NC,MDR,2.0,EHZ,-1,108.0,,355.6,,10.201022566284
nc73558445,NC,MLC,,EHZ,-1,106.0,,313.3,,10.683608547728
nc73558485,NP,1576,10.0,HNZ,1,123.0,,66.1,,6.908540789658
nc73558485,NC,MMX1,,HN3,-1,99.0,,304.1,,14.421981980020002
nc73558485,NC,MDH,,HNZ,-1,98.0,,333.7,,16.76819493128
nc73558485,NC,MDH1,1.0,DP1,1,98.0,,333.7,,16.76819493128
nc73558485,NC,MQ1P,,EHZ,-1,96.0,,293.7,,18.98097397062
nc73558485,NC,MMP,,EHZ,-1,96.0,,292.0,,19.44799266234
nc73558485,NC,MLI,,HHZ,-1,95.0,,301.1,,19.92613084672
nc73558485,NC,MCY,,EHZ,-1,94.0,,301.3,,21.13815554666
nc73558485,NC,MTU,2.0,EHZ,-1,81.0,,132.6,,31.37920828652
nc73558485,BK,MMI,0.0,BHZ,1,79.0,,260.6,,82.5066355372
nc73558485,NN,LHV,,HHZ,-1,79.0,,19.5,,83.3405974867
nc73558485,NC,MPR,,EHZ,1,78.0,,285.8,,108.8598331414
nc73558485,BK,BUCR,0.0,HHZ,-1,78.0,,277.4,,117.866622196
nc73558485,BK,LEGD,0.0,HHZ,1,78.0,,253.0,,122.9815888196
nc73558485,CI,POR,,HHZ,-1,77.0,,185.7,,160.67666893700002
nc73558485,NC,BMS,,EHZ,1,76.0,,241.3,,200.4844526598
nc73558485,CI,WAS2,,HHZ,1,76.0,,173.2,,201.9299867056
nc73558485,CI,WOR,,HHZ,1,68.0,,165.6,,211.7151402464
nc73558485,BK,HELL,0.0,HHZ,-1,78.0,,190.4,,97.55130910618
nc73558485,BK,LIND,0.0,HHZ,1,78.0,,188.9,,133.87869162639998
nc73558485,BK,MERC,0.0,HHZ,-1,78.0,,263.7,,145.66535384600002
nc73558485,BK,TOLH,0.0,HHZ,1,79.0,,219.7,,85.7868858719
nc73558485,CI,MLAC,,HHZ,-1,112.0,,353.8,,9.56832343393
nc73558485,CI,SPG2,,HHZ,-1,77.0,,178.0,,149.2235914972
nc73558485,NC,MCB,,HHZ,-1,100.0,,330.1,,12.80965554432
nc73558485,NC,MCO,,EHZ,-1,114.0,,337.7,,8.944519895704
nc73558485,NC,MCS,,EHZ,-1,99.0,,329.7,,14.21071161948
nc73558485,NC,MCV,,EHZ,-1,133.0,,355.2,,5.071600602226
nc73558485,NC,MDC,2.0,EHZ,-1,84.0,,313.9,,26.553348472080003
nc73558485,NC,MDPB,,HHZ,-1,85.0,,293.6,,24.54072030062
nc73558485,NC,MDR,2.0,EHZ,-1,109.0,,354.4,,10.42452436875
nc73558485,NC,MDY,,HHZ,-1,94.0,,307.4,,20.83792924484
nc73558485,NC,MEM,,EHZ,-1,98.0,,323.1,,16.91274833586
nc73558485,NC,MGPB,,EHZ,-1,106.0,,322.7,,11.40859946916
nc73558485,NC,MHD,,EHZ,1,78.0,,243.7,,106.09107946906
nc73558485,NC,MINS,,HHZ,-1,93.0,,300.3,,24.16265755018
nc73558485,NC,MLC,,EHZ,-1,107.0,,313.2,,10.994954342208
nc73558485,NC,MLH,,EHZ,-1,99.0,,3.2,,14.9001201644
nc73558485,NC,MMI,,EHZ,1,79.0,,260.6,,82.5066355372
nc73558485,NC,MMLB,,HHZ,-1,96.0,,313.1,,18.66962817614
nc73558485,NC,MMT,,EHZ,1,80.0,,239.3,,36.572011358740006
nc73558485,NC,MRC,,EHZ,1,81.0,,62.7,,31.479283720460003
nc73558535,NC,MCV,,EHZ,-1,98.0,,352.2,,12.79853605166
nc73558535,NC,MLC,,EHZ,1,96.0,,328.4,,17.791188256
nc73558535,NC,MGPB,,EHZ,1,95.0,,333.8,,18.61403071284
nc73558535,NC,MMX1,,HN3,1,85.0,,319.9,,20.55994192834
nc73558535,NC,MMP,,EHZ,1,84.0,,307.7,,24.42952537402
nc73558535,NC,MDY,,HHZ,-1,82.0,,318.6,,27.0203671638
nc73558535,NC,MDPB,,HHZ,1,80.0,,306.2,,29.511133519640005
nc73558535,NC,MINS,,HHZ,1,80.0,,311.8,,29.733523372840004
nc73558535,NC,MMT,,EHZ,1,78.0,,251.4,,34.60386115792
nc73558535,BK,MMI,0.0,HHZ,1,77.0,,266.0,,82.92917625828001
nc73558535,NC,MMI,,EHZ,1,77.0,,266.0,,82.92917625828001
nc73558535,BK,HELL,0.0,HHZ,1,76.0,,192.1,,90.33475836984
nc73558535,NC,MHD,,EHZ,1,76.0,,247.8,,104.17852673154
nc73558535,NC,MPR,,EHZ,1,76.0,,289.4,,112.4180707926
nc73558535,BK,BUCR,0.0,HHZ,-1,76.0,,280.9,,120.4241055078
nc73558620,NC,MMX1,,HN3,-1,94.0,,303.5,,13.24331575806
nc73558620,NC,MLH,,EHZ,-1,94.0,,6.9,,14.21071161948
nc73558620,NC,MEM,,EHZ,-1,94.0,,324.0,,15.74520160656
nc73558620,NC,MQ1P,,EHZ,1,94.0,,292.5,,17.8467857193
nc73558620,NC,MDPB,,HHZ,-1,84.0,,292.7,,23.4065320493
nc73558620,NC,MDC,2.0,EHZ,-1,82.0,,314.0,,25.36356275746
nc73558620,NC,MCB,,HHZ,-1,99.0,,332.0,,11.68658678566
nc73558620,NC,MCO,,EHZ,-1,111.0,,341.5,,7.902623433462
nc73558620,NC,MCV,,EHZ,-1,132.0,,6.3,,4.30324365942
nc73558620,NC,MDR,2.0,EHZ,-1,106.0,,359.3,,9.598346064112
nc73558620,NC,MGPB,,EHZ,-1,104.0,,324.0,,10.247724435456
nc73558620,NC,MLC,,EHZ,-1,105.0,,313.5,,9.80739252612
nc73558665,NP,1576,10.0,HNZ,-1,114.0,,64.6,,7.369999735048001
nc73558665,CI,MLAC,,HHZ,-1,105.0,,356.0,,9.906356010794
nc73558665,NC,MGPB,,EHZ,-1,100.0,,325.1,,11.5086749031
nc73558665,NC,MCB,,HHZ,1,94.0,,332.2,,12.96532844156
nc73558665,NC,MMX1,,HN3,1,94.0,,306.1,,14.35526502406
nc73558665,NC,MCS,,EHZ,1,94.0,,331.6,,14.366384516720002
nc73558665,NC,MDH,,HNZ,1,94.0,,335.3,,16.9572263065
nc73558665,NC,MEM,,EHZ,-1,94.0,,324.7,,17.0128237698
nc73558665,NC,MQ1P,,EHZ,-1,85.0,,295.1,,18.82530107338
nc73558665,NC,MCO,,EHZ,-1,107.0,,340.5,,9.169133647436
nc73558665,NC,MCV,,EHZ,-1,124.0,,359.1,,5.424088519548
nc73558665,NC,MDR,2.0,EHZ,-1,102.0,,356.4,,10.765892793412
nc73558665,NC,MLC,,EHZ,-1,101.0,,315.8,,11.011633581198002
nc73558785,NC,MGPB,,EHZ,-1,108.0,,323.4,,10.563518027
nc73558785,NC,MCB,,HHZ,1,104.0,,331.3,,11.986813087480002
nc73558785,NC,MCS,,EHZ,-1,99.0,,330.7,,13.38786916264
nc73558785,NC,MMX1,,HN3,-1,99.0,,303.5,,13.57690053786
nc73558785,NC,MLH,,EHZ,-1,98.0,,5.7,,14.366384516720002
nc73558785,NC,MDPB,,HHZ,1,85.0,,292.8,,23.7401168291
nc73558785,NC,MDC,2.0,EHZ,-1,84.0,,313.9,,25.69714753726
nc73558785,CI,MLAC,,HHZ,-1,113.0,,357.3,,8.92895260598
nc73558785,NC,MCO,,EHZ,-1,116.0,,340.1,,8.169491257301999
nc73558785,NC,MCV,,EHZ,-1,137.0,,2.5,,4.465588252256
nc73558785,NC,MDR,2.0,EHZ,-1,110.0,,357.7,,9.79071328713
nc73558785,NC,MLC,,EHZ,-1,109.0,,313.1,,10.138753407388
nc73558945,NC,MCB,,HHZ,-1,157.0,,292.1,,1.74576034762
nc73558945,NC,MCS,,EHZ,-1,143.0,,307.2,,3.015606409392
nc73558945,CI,MLAC,,HHZ,1,135.0,,103.9,,3.859575902286
nc73558945,NC,MLC,,EHZ,-1,131.0,,227.8,,4.373296463178
nc73558945,NC,MEM,,EHZ,-1,119.0,,299.6,,6.212460549142
nc73558945,NC,MCV,,EHZ,-1,115.0,,141.1,,6.926331977914
nc73558945,NC,MLH,,EHZ,1,114.0,,51.5,,7.155393526710001
nc73558945,NC,MMX1,,HN3,1,112.0,,251.6,,7.55569526247
nc73558945,NC,MDY,,HHZ,-1,97.0,,280.5,,11.99793258014
nc73558945,NC,MQ1P,,EHZ,1,93.0,,257.2,,12.93196996358
nc73558945,NC,MMP,,EHZ,1,94.0,,256.4,,13.64361749382
nc73558945,NC,MINS,,HHZ,1,94.0,,276.1,,16.18998131296
nc73558945,NC,MDC,2.0,EHZ,-1,94.0,,298.9,,16.434610151479998
nc73558945,NC,MDPB,,HHZ,1,94.0,,267.8,,17.74671028536
nc73558945,NC,MMT,,EHZ,1,74.0,,222.4,,39.46307945034
nc73558945,NC,MCO,,EHZ,-1,148.0,,147.7,,2.564155007396
nc73558945,NC,MDR,2.0,EHZ,1,135.0,,90.9,,3.762836316144
nc73558945,NC,MGPB,,EHZ,-1,148.0,,237.3,,2.556371362534
nc73558950,NC,MMLB,,HHZ,1,130.0,,125.5,,2.537468225012
nc73558950,NC,MLI,,HHZ,1,110.0,,198.9,,4.176481443096001
nc73558950,NC,MDC,2.0,EHZ,-1,100.0,,320.2,,5.408521229824
nc73558950,NC,MINS,,HHZ,1,99.0,,248.1,,5.551962685138
nc73558950,NC,MEM,,EHZ,-1,99.0,,97.2,,5.578649467522
nc73558950,NC,MQ1P,,EHZ,1,93.0,,194.0,,6.815137051314
nc73558950,NC,MMP,,EHZ,1,93.0,,198.3,,7.326633713674001
nc73558950,NC,MCB,,HHZ,-1,89.0,,108.4,,9.827407612908
nc73558950,NC,MLC,,EHZ,-1,88.0,,131.1,,10.195462819954
nc73558950,NC,MDPB,,HHZ,1,92.0,,236.7,,8.110557946204
nc73558950,NC,MDY,,HHZ,1,143.0,,208.1,,1.80135781092
nc73558985,NC,MCV,,EHZ,-1,145.0,,332.3,,4.917039654252
nc73558985,NC,MCO,,EHZ,-1,125.0,,325.2,,9.226955009268
nc73558985,CI,MLAC,,HHZ,-1,125.0,,341.8,,9.274768827706
nc73558985,NC,MDR,2.0,EHZ,-1,122.0,,343.4,,10.093163487482
nc73558985,NC,MLC,,EHZ,-1,113.0,,304.6,,12.02017156546
nc73558985,NC,MGPB,,EHZ,-1,113.0,,313.6,,12.14248598472
nc73558985,NC,MCB,,HHZ,-1,112.0,,321.6,,13.276674236040002
nc73558985,NC,MMX1,,HN3,-1,110.0,,298.2,,15.66736515794
nc73558985,NC,MEM,,EHZ,-1,108.0,,316.8,,17.57991789546
nc73558985,NC,MQ1P,,EHZ,-1,104.0,,289.8,,20.4598664944
nc73558985,NC,MMP,,EHZ,-1,104.0,,288.3,,20.97136315676
nc73558985,NC,MDPB,,HHZ,-1,99.0,,290.5,,26.019612824400003
nc73558985,NC,MDC,2.0,EHZ,1,98.0,,310.1,,27.47626636286
nc73558985,NC,MTU,2.0,EHZ,-1,96.0,,136.0,,30.534126844360003
nc73558985,NC,MMT,,EHZ,1,93.0,,239.8,,38.55128105222
nc73559345,NC,MCV,,EHZ,-1,90.0,,9.3,,12.97644793422
nc73559345,NC,MGPB,,EHZ,1,85.0,,345.4,,17.379767027579998
nc73559345,NC,MMT,,EHZ,1,77.0,,249.3,,30.912189594800004
nc73559365,NC,MCO,,EHZ,-1,139.0,,341.0,,4.893688719666
nc73559365,CI,MLAC,,HHZ,1,132.0,,7.5,,5.917793993652
nc73559365,NC,MLC,,EHZ,-1,125.0,,301.9,,7.32218591661
nc73559365,NC,MCB,,HHZ,-1,119.0,,328.5,,8.746592926356
nc73559365,NC,MCS,,EHZ,-1,114.0,,328.1,,10.149872900048
nc73559365,NC,MMX1,,HN3,-1,111.0,,293.6,,11.06945494303
nc73559365,NC,MLH,,EHZ,1,109.0,,13.1,,11.54203338108
nc73559365,NC,MQ1P,,EHZ,-1,101.0,,284.3,,16.07878638636
nc73559365,NC,MMP,,EHZ,1,100.0,,282.6,,16.634761019360003
nc73559365,NC,MDPB,,HHZ,-1,92.0,,286.5,,21.59405474572
nc73559365,NC,MDC,2.0,EHZ,-1,90.0,,310.4,,22.76160147502
nc73559365,NC,MCV,,EHZ,1,161.0,,44.5,,1.978157744214
nc73559365,NC,MGPB,,EHZ,1,124.0,,316.7,,7.454507879264001
nc73559570,NC,MMX1,,HN3,-1,119.0,,318.5,,2.516341188958
nc73559570,NC,MLC,,EHZ,1,118.0,,59.4,,2.617528572164
nc73559570,NC,MGPB,,EHZ,1,77.0,,49.2,,4.416662484552
nc73559570,NC,MCB,,HHZ,1,67.0,,38.2,,6.26027436758
nc73559570,NC,MCS,,EHZ,-1,65.0,,26.9,,6.81624900058
nc73559570,NC,MEM,,EHZ,1,64.0,,0.7,,7.313290322482
nc73559570,NC,MMP,,EHZ,1,64.0,,277.8,,7.831458680438001
nc73559635,NC,MCV,,EHZ,1,110.0,,35.2,,8.463045863526
nc73559635,NC,MLC,,EHZ,-1,106.0,,343.9,,9.741787519426
nc73559635,NC,MCO,,EHZ,-1,105.0,,10.6,,10.29665020316
nc73559635,NC,MGPB,,EHZ,1,102.0,,351.6,,11.026088921656
nc73559635,NC,MDR,2.0,EHZ,1,95.0,,19.3,,12.954208948900002
nc73559635,NC,MQ1P,,EHZ,1,95.0,,308.1,,15.33378037814
nc73559635,NC,MDPB,,HHZ,1,85.0,,304.1,,20.74897330356
nc73559635,NC,MMT,,EHZ,-1,78.0,,237.2,,31.078981984700004
nc73559635,NC,MTU,2.0,EHZ,1,76.0,,124.3,,34.414829782700004
nc73559645,NC,MDR,2.0,EHZ,-1,85.0,,357.7,,10.882647466342
nc73559645,NC,MLC,,EHZ,-1,85.0,,317.2,,10.932685183312
nc73559645,NC,MGPB,,EHZ,-1,84.0,,326.5,,11.47531642512
nc73559645,NC,MCB,,HHZ,1,85.0,,333.5,,12.96532844156
nc73559645,NC,MMX1,,HN3,-1,83.0,,307.1,,14.2329506048
nc73559645,NC,MCS,,EHZ,1,83.0,,332.7,,14.35526502406
nc73559645,NC,MLH,,EHZ,-1,82.0,,5.2,,15.44497530474
nc73559645,NC,MCO,,EHZ,-1,86.0,,342.2,,9.211387719544
nc73559645,NC,MCV,,EHZ,-1,90.0,,1.7,,5.555298532936
nc73559760,NC,MCV,,EHZ,1,130.0,,37.2,,6.862950869752
nc73559760,NC,MLC,,EHZ,-1,123.0,,336.5,,8.633174101224
nc73559760,NC,MCO,,EHZ,-1,122.0,,7.6,,8.754376571218
nc73559760,NC,MCB,,HHZ,1,113.0,,351.0,,11.64210881502
nc73559760,NC,MCS,,EHZ,-1,107.0,,348.4,,12.92085047092
nc73559760,NC,MMP,,EHZ,1,105.0,,299.7,,15.48945327538
nc73559760,NC,MDH,,HNZ,-1,105.0,,349.5,,15.68960414326
nc73559760,NC,MINS,,HHZ,-1,99.0,,307.7,,20.58218091366
nc73559760,NC,MDPB,,HHZ,1,99.0,,299.7,,20.61553939164
nc73559760,NC,MMT,,EHZ,1,92.0,,235.7,,32.49115755252
nc73559765,CI,MLAC,,HHZ,-1,172.0,,78.3,,1.0172111885368
nc73559765,NC,MDR,2.0,EHZ,1,169.0,,43.3,,1.471108878918
nc73559765,NC,MCO,,EHZ,-1,167.0,,232.9,,1.725745260832
nc73559765,NC,MCV,,EHZ,-1,148.0,,159.3,,4.546760548674
nc73559765,NC,MCB,,HHZ,-1,147.0,,292.3,,4.719112684904
nc73559765,NC,MLC,,EHZ,-1,138.0,,253.2,,6.263610215378
nc73559765,NC,MEM,,EHZ,-1,126.0,,297.3,,9.170245596702
nc73559765,NC,MQ1P,,EHZ,1,110.0,,263.6,,15.456094797400002
nc73559765,NC,MMP,,EHZ,1,110.0,,262.7,,16.14550334232
nc73559765,NC,MINS,,HHZ,1,106.0,,278.6,,19.05881041924
nc73559765,NC,MDC,2.0,EHZ,1,106.0,,297.9,,19.39239519904
nc73559765,NC,MDPB,,HHZ,1,104.0,,271.3,,20.49322497238
nc73559765,NC,MRC,,EHZ,-1,96.0,,80.3,,30.44517090308
nc73559765,NC,MLH,,EHZ,1,138.0,,27.0,,6.263610215378
nc73559805,NC,MCO,,EHZ,-1,175.0,,187.3,,0.5418528773218
nc73559805,NC,MDR,2.0,EHZ,1,159.0,,55.8,,2.8010002010540003
nc73559805,NC,MCV,,EHZ,-1,146.0,,142.2,,4.754695061416
nc73559805,NC,MLC,,EHZ,1,145.0,,254.4,,4.867001937282001
nc73559805,NC,MDH1,1.0,DP1,-1,132.0,,326.6,,7.448948132933999
nc73559805,NC,MMP,,EHZ,1,110.0,,263.9,,14.7889252378
nc73559805,NC,MINS,,HHZ,-1,107.0,,280.8,,17.85790521196
nc73559805,NC,MDC,2.0,EHZ,-1,106.0,,301.2,,18.50283578624
nc73559805,NC,MMT,,EHZ,1,92.0,,225.6,,39.3074065531
nc73559825,NC,MGPB,,EHZ,1,161.0,,287.6,,1.255390721314
nc73559825,NC,MCB,,HHZ,-1,144.0,,344.7,,2.500773899234
nc73559825,CI,MLAC,,HHZ,1,121.0,,79.9,,4.7780459960020005
nc73559825,NC,MCV,,EHZ,-1,111.0,,124.4,,6.434850402342
nc73559825,NC,MEM,,EHZ,1,110.0,,317.4,,6.558276770868
nc73559825,NC,MDH,,HNZ,-1,110.0,,344.9,,6.56606041573
nc73559825,NC,MDH1,1.0,DP1,1,110.0,,344.9,,6.56606041573
nc73559825,NC,MMLB,,HHZ,1,101.0,,297.2,,8.893370229468
nc73559825,NC,MLH,,EHZ,1,101.0,,46.5,,9.031251938452
nc73559825,NC,MQ1P,,EHZ,1,95.0,,264.6,,11.70882577098
nc73559825,NC,MMP,,EHZ,1,90.0,,263.3,,12.38711482324
nc73559825,NC,MINS,,HHZ,1,87.0,,282.9,,15.53393124602
nc73559825,NC,MDC,2.0,EHZ,1,86.0,,305.8,,16.5680440634
nc73559825,NC,MMT,,EHZ,1,72.0,,223.1,,37.5282877275
nc73559825,NC,MCO,,EHZ,-1,145.0,,100.0,,2.365116088782
nc73559825,NC,MCS,,EHZ,-1,128.0,,338.0,,3.85846395302
nc73559825,NC,MDPB,,HHZ,1,86.0,,273.7,,16.81267290192
nc73559825,NC,MDR,2.0,EHZ,1,119.0,,70.1,,5.01489118966
nc73559825,NC,MLC,,EHZ,1,143.0,,242.8,,2.573050601524
nc73559850,NC,MCB,,HHZ,-1,168.0,,46.5,,1.436638451672
nc73559850,NC,MCS,,EHZ,1,162.0,,6.8,,2.166077170168
nc73559850,NC,MLC,,EHZ,-1,159.0,,192.6,,2.660894593538
nc73559850,NC,MCO,,EHZ,-1,146.0,,114.5,,4.432229774276
nc73559850,NC,MMX1,,HN3,-1,143.0,,245.6,,4.950398132231999
nc73559850,CI,MLAC,,HHZ,-1,135.0,,95.3,,6.437074300874
nc73559850,NC,MCV,,EHZ,-1,125.0,,125.8,,8.65096528948
nc73559850,NC,MLH,,EHZ,1,122.0,,59.8,,9.550532245674
nc73559850,NC,MMP,,EHZ,1,117.0,,254.9,,10.978275103218
nc73559850,NC,MDPB,,HHZ,1,108.0,,268.7,,15.066912554300002
nc73559850,NC,MMT,,EHZ,1,92.0,,219.7,,37.46157077154
nc73559885,NC,MTU,2.0,EHZ,-1,141.0,,179.9,,8.491956544441999
nc73559885,NC,MFB,,EHZ,1,130.0,,90.1,,11.90897663886
nc73559885,NP,1679,10.0,HNZ,1,115.0,,57.7,,20.49322497238
nc73559885,NP,1589,10.0,HNZ,1,112.0,,110.2,,22.17226836404
nc73559885,NC,MRC,,EHZ,-1,107.0,,10.4,,27.54298331882
nc73559885,NC,MCV,,EHZ,-1,105.0,,307.4,,29.466655549
nc73559885,CI,MLAC,,HHZ,-1,103.0,,312.9,,32.802503347
nc73559885,NC,MDR,2.0,EHZ,-1,103.0,,314.0,,33.380716965320005
nc73559885,NC,MCO,,EHZ,-1,103.0,,308.7,,33.8032576864
nc73559885,NC,MLH,,EHZ,-1,102.0,,321.4,,35.46006209274
nc73559885,NC,MLC,,EHZ,-1,101.0,,303.3,,37.11686649908
nc73559885,NC,MCB,,HHZ,-1,100.0,,309.2,,37.89523098528
nc73559885,NC,MCS,,EHZ,-1,100.0,,309.8,,39.24068959714
nc73559885,NC,MMX1,,HN3,1,99.0,,300.9,,40.74182110624
nc73559885,NC,MDH1,1.0,DP1,1,99.0,,312.5,,41.2533177686
nc73559885,NC,MEM,,EHZ,-1,99.0,,308.5,,42.35414754194
nc73559885,NC,MMLB,,HHZ,-1,98.0,,305.0,,44.68924100054
nc73559885,NC,MMP,,EHZ,-1,97.0,,296.2,,45.72335381792
nc73559885,NC,MDY,,HHZ,-1,97.0,,302.8,,47.06881242978
nc73559885,NC,MINS,,HHZ,1,96.0,,299.8,,50.51585515438
nc73559885,NC,MDPB,,HHZ,-1,96.0,,296.5,,50.84943993418
nc73559885,NC,MMT,,EHZ,1,95.0,,263.9,,54.88581576976
nc73559885,BK,HELL,0.0,HHZ,1,89.0,,206.2,,92.6809713211
nc73559885,BK,TOLH,0.0,HHZ,1,89.0,,235.8,,94.43785116138
nc73559885,BK,MMI,0.0,HHZ,1,88.0,,269.7,,104.48987252602
nc73559885,BK,LEGD,0.0,HHZ,1,85.0,,260.8,,142.5518959012
nc73559885,NN,LHV,,HHZ,1,89.0,,3.2,,91.35775169456
nc73559915,NC,MTU,2.0,EHZ,-1,142.0,,183.1,,7.726935449433999
nc73559915,NC,MFB,,EHZ,1,130.0,,86.3,,11.49755541044
nc73559915,NC,MCD,,EHZ,-1,118.0,,36.0,,17.24633311566
nc73559915,NC,MCV,,EHZ,-1,103.0,,308.0,,30.28949800584
nc73559915,NC,MCO,,EHZ,1,101.0,,309.2,,34.6372196359
nc73559915,NC,MLC,,EHZ,-1,99.0,,303.9,,37.90635047794
nc73559915,NC,MMT,,EHZ,1,94.0,,264.8,,55.24163953488
nc73559915,NP,1679,10.0,HNZ,-1,114.0,,55.2,,20.54882243568
nc73559915,NC,MRC,,EHZ,-1,105.0,,9.2,,28.23239186374
nc73559915,NC,MCS,,EHZ,1,99.0,,310.2,,40.0857710393
nc73559915,NC,MDPB,,HHZ,1,95.0,,297.1,,51.5944459424
nc73559915,BK,HELL,0.0,HHZ,1,89.0,,206.7,,92.19171364406
nc73559915,BK,TOLH,0.0,HHZ,-1,88.0,,236.4,,94.37113420542
nc73560120,NC,MCV,,EHZ,1,98.0,,12.5,,12.32039786728
nc73560120,NC,MCO,,EHZ,1,97.0,,358.9,,15.24482443686
nc73560120,NC,MLC,,EHZ,-1,97.0,,341.3,,15.30042190016
nc73560120,CI,MLAC,,HHZ,-1,96.0,,7.1,,16.61252203404
nc73560120,NC,MDR,2.0,EHZ,1,96.0,,6.8,,17.46872296886
nc73560120,NC,MLH,,EHZ,1,86.0,,10.1,,22.20562684202
nc73560120,NC,MMT,,EHZ,1,80.0,,247.5,,30.66756075628
nc73560130,NC,MCV,,EHZ,-1,122.0,,16.7,,9.761802606214
nc73560130,NC,MCO,,EHZ,-1,111.0,,359.2,,12.5650267058
nc73560130,NC,MLC,,EHZ,-1,111.0,,338.0,,12.7318190957
nc73560130,CI,MLAC,,HHZ,-1,110.0,,9.0,,13.97720227362
nc73560130,NC,MMT,,EHZ,1,95.0,,242.9,,31.66831509568
nc73560155,NC,MCV,,EHZ,1,93.0,,14.2,,13.13212083146
nc73560155,NC,MLC,,EHZ,-1,93.0,,344.0,,15.80079906986
nc73560155,NC,MCO,,EHZ,-1,93.0,,0.9,,15.94535247444
nc73560155,CI,MLAC,,HHZ,1,94.0,,8.6,,17.390886520240002
nc73560155,NC,MMX1,,HN3,1,85.0,,332.3,,17.80230774866
nc73560155,NC,MCB,,HHZ,1,85.0,,351.7,,18.96985447796
nc73560155,NC,MCS,,EHZ,1,84.0,,350.0,,20.2374766412
nc73560155,NC,MQ1P,,EHZ,-1,84.0,,318.1,,20.53770294302
nc73560155,NC,MMP,,EHZ,-1,84.0,,316.2,,20.7378538109
nc73560155,NC,MEM,,EHZ,-1,84.0,,342.9,,22.16114887138
nc73560155,NC,MMLB,,HHZ,-1,84.0,,334.0,,22.72824299704
nc73560155,NC,MLH,,EHZ,1,83.0,,11.2,,22.99511082088
nc73560155,NC,MCY,,EHZ,1,83.0,,322.3,,23.55108545388
nc73560155,NC,MDY,,HHZ,-1,82.0,,327.6,,24.06258211624
nc73560155,NC,MDPB,,HHZ,-1,81.0,,312.9,,25.6860280446
nc73560155,NC,MINS,,HHZ,-1,81.0,,319.1,,26.26424166292
nc73560155,NC,MMT,,EHZ,-1,78.0,,248.4,,29.90031576274
nc73560155,NC,MDC,2.0,EHZ,-1,78.0,,329.3,,30.31173699116
nc73560185,NC,MCV,,EHZ,-1,129.0,,7.5,,4.183153138692
nc73560185,NC,MCO,,EHZ,-1,108.0,,341.7,,7.755846130350001
nc73560185,NC,MDR,2.0,EHZ,-1,103.0,,359.7,,9.46824799999
nc73560185,NC,MLC,,EHZ,-1,102.0,,313.2,,9.665063020072
nc73560185,NC,MCB,,HHZ,1,97.0,,332.0,,11.54203338108
nc73560185,NC,MCS,,EHZ,1,90.0,,331.4,,12.94308945624
nc73560255,NC,MDR,2.0,EHZ,1,161.0,,91.6,,2.130494793656
nc73560255,NC,MCB,,HHZ,-1,151.0,,281.4,,3.316944660478
nc73560255,NC,MLC,,EHZ,-1,136.0,,238.9,,5.692068292654
nc73560255,NC,MCV,,EHZ,-1,134.0,,153.2,,6.0323247680500005
nc73560260,NC,MCO,,EHZ,1,170.0,,166.2,,1.125292657192
nc73560260,CI,MLAC,,HHZ,1,157.0,,86.7,,2.6486631516120003
nc73560260,NC,MCS,,EHZ,-1,144.0,,309.6,,4.546760548674
nc73560260,NC,MLC,,EHZ,1,143.0,,246.8,,4.73134412683
nc73560260,NC,MCV,,EHZ,-1,138.0,,143.0,,5.400737584962
nc73560260,NC,MDH,,HNZ,1,131.0,,326.4,,6.799569761590001
nc73560260,NC,MDH1,1.0,DP1,1,131.0,,326.4,,6.799569761590001
nc73560260,NC,MLH,,EHZ,1,129.0,,39.1,,7.123146997996001
nc73560260,NC,MEM,,EHZ,-1,127.0,,302.5,,7.711368159709999
nc73560260,NC,MDY,,HHZ,1,107.0,,284.2,,13.29891322136
nc73560260,NC,MQ1P,,EHZ,-1,107.0,,262.6,,13.83264886904
nc73560260,NC,MMP,,EHZ,1,106.0,,261.6,,14.52205741396
nc73560260,NC,MINS,,HHZ,-1,103.0,,279.2,,17.42424499822
nc73560260,NC,MDC,2.0,EHZ,-1,103.0,,300.2,,17.924622167920003
nc73560260,NC,MDPB,,HHZ,1,102.0,,271.2,,18.83642056604
nc73560260,NC,MMT,,EHZ,1,91.0,,224.6,,39.45195995768
nc73560260,NC,MCB,,HHZ,-1,153.0,,302.5,,3.223540922134
nc73560260,NC,MDR,2.0,EHZ,1,156.0,,69.1,,2.8454781716940003
nc73560280,NC,MCO,,EHZ,1,168.0,,179.8,,1.35101835819
nc73560280,NC,MDR,2.0,EHZ,1,158.0,,72.4,,2.510781442628
nc73560280,NC,MCB,,HHZ,-1,152.0,,296.3,,3.328064153138
nc73560280,NC,MCS,,EHZ,1,143.0,,305.0,,4.601246062708
nc73560280,NC,MLC,,EHZ,-1,140.0,,245.3,,5.078272297822
nc73560280,NC,MCV,,EHZ,-1,138.0,,146.9,,5.45967089606
nc73560280,NC,MDH,,HNZ,1,131.0,,323.3,,6.740636450492
nc73560280,NC,MDH1,1.0,DP1,1,131.0,,323.3,,6.740636450492
nc73560280,NC,MLH,,EHZ,1,131.0,,38.7,,6.75509179095
nc73560280,NC,MEM,,EHZ,-1,126.0,,299.9,,7.803659948788001
nc73560280,NC,MQ1P,,EHZ,-1,106.0,,261.7,,14.1217556782
nc73560280,NC,MMP,,EHZ,-1,106.0,,260.8,,14.82228371578
nc73560280,NC,MINS,,HHZ,-1,103.0,,278.3,,17.64663485142
nc73560280,NC,MDC,2.0,EHZ,-1,103.0,,299.1,,18.02469760186
nc73560280,NC,MDPB,,HHZ,-1,101.0,,270.4,,19.103288389880003
nc73560285,NC,MDR,2.0,EHZ,1,168.0,,118.1,,1.229815888196
nc73560285,NC,MCO,,EHZ,-1,154.0,,205.8,,2.984471829944
nc73560285,NC,MCB,,HHZ,-1,144.0,,271.8,,4.297683913089999
nc73560285,NC,MGPB,,EHZ,1,138.0,,248.5,,5.189467224422001
nc73560285,NC,MLC,,EHZ,1,129.0,,239.7,,6.855167224890001
nc73560285,NC,MDC,2.0,EHZ,-1,100.0,,293.5,,18.61403071284
nc73560310,NC,MCO,,EHZ,1,166.0,,178.2,,1.5189226973560002
nc73560310,NC,MDR,2.0,EHZ,1,157.0,,76.4,,2.508557544096
nc73560310,NC,MCB,,HHZ,1,151.0,,294.0,,3.217981175804
nc73560310,NC,MGPB,,EHZ,1,149.0,,258.1,,3.55267790487
nc73560310,NC,MCS,,EHZ,1,142.0,,303.6,,4.471147998586001
nc73560310,NC,MLC,,EHZ,1,138.0,,243.4,,5.10940687727
nc73560310,NC,MCV,,EHZ,-1,135.0,,147.4,,5.623127438161999
nc73560310,NC,MLH,,EHZ,1,129.0,,39.9,,6.65501635701
nc73560310,NC,MQ1P,,EHZ,1,103.0,,261.0,,14.110636185540002
nc73560310,NC,MMP,,EHZ,1,103.0,,260.1,,14.811164223120002
nc73560310,NC,MDC,2.0,EHZ,-1,100.0,,298.7,,17.91350267526
nc73560350,NC,MCO,,EHZ,-1,170.0,,159.7,,1.066915320727
nc73560350,CI,MLAC,,HHZ,-1,155.0,,84.9,,2.75763417968
nc73560350,NC,MDR,2.0,EHZ,1,154.0,,68.1,,2.975576235816
nc73560350,NC,MCB,,HHZ,-1,152.0,,304.9,,3.189070494888
nc73560350,NC,MCS,,EHZ,1,142.0,,311.3,,4.527857411152
nc73560350,NC,MLC,,EHZ,1,142.0,,247.4,,4.600134113442
nc73560350,NC,MCV,,EHZ,-1,137.0,,141.5,,5.390730041568
nc73560350,NC,MDH,,HNZ,1,129.0,,327.5,,6.820696797644
nc73560350,NC,MDH1,1.0,DP1,1,129.0,,327.5,,6.820696797644
nc73560350,NC,MLH,,EHZ,-1,127.0,,39.3,,7.259916757714
nc73560350,NC,MMX1,,HN3,1,122.0,,261.6,,8.264006944912
nc73560350,NC,MQ1P,,EHZ,1,105.0,,262.9,,13.71033444978
nc73560350,NC,MMP,,EHZ,-1,104.0,,261.9,,14.41086248736
nc73560350,NC,MDC,2.0,EHZ,-1,101.0,,300.6,,17.88014419728
nc73560350,NC,MDPB,,HHZ,-1,100.0,,271.5,,18.7363451321
nc73560350,NC,MMT,,EHZ,1,91.0,,224.6,,39.31852604576
nc73560400,CI,MLAC,,HHZ,1,157.0,,88.4,,2.689805274454
nc73560400,NC,MDR,2.0,EHZ,1,156.0,,70.8,,2.862157410684
nc73560400,NC,MGPB,,EHZ,1,153.0,,263.2,,3.2346604147940003
nc73560400,NC,MCS,,EHZ,-1,144.0,,309.2,,4.465588252256
nc73560400,NC,MLC,,EHZ,1,143.0,,245.8,,4.72022463417
nc73560400,NC,MCV,,EHZ,-1,138.0,,143.1,,5.4863576784440005
nc73560400,NC,MDH,,HNZ,-1,131.0,,326.3,,6.7128377188420005
nc73560400,NC,MDH1,1.0,DP1,1,131.0,,326.3,,6.7128377188420005
nc73560400,NC,MEM,,EHZ,-1,127.0,,302.2,,7.634643660356
nc73560400,NC,MMX1,,HN3,1,124.0,,260.5,,8.347403139862
nc73560400,NC,MQ1P,,EHZ,-1,107.0,,262.3,,13.79929039106
nc73560400,NC,MMP,,EHZ,1,106.0,,261.3,,14.48869893598
nc73560400,NC,MINS,,HHZ,-1,104.0,,279.0,,17.36864753492
nc73560400,NC,MDC,2.0,EHZ,-1,103.0,,300.1,,17.8467857193
nc73560400,NC,MDPB,,HHZ,-1,102.0,,271.0,,18.7919425954
nc73560400,NC,MMT,,EHZ,1,91.0,,224.5,,39.474198943
nc73560400,NC,MCB,,HHZ,-1,154.0,,301.8,,3.14681642278
nc73560400,NC,MCO,,EHZ,1,169.0,,165.0,,1.207576902876
nc73560400,NC,MLH,,EHZ,1,130.0,,39.7,,7.09423631708
nc73560410,NC,MCV,,EHZ,-1,103.0,,359.1,,12.09800801408
nc73560410,NC,MCO,,EHZ,-1,100.0,,348.3,,15.64512617262
nc73560410,NC,MLC,,EHZ,-1,100.0,,331.9,,16.5124466001
nc73560410,CI,MLAC,,HHZ,-1,100.0,,357.2,,16.579163556060003
nc73560410,NC,MGPB,,EHZ,1,99.0,,337.5,,17.446483983540002
nc73560410,NC,MDR,2.0,EHZ,-1,99.0,,357.4,,17.43536449088
nc73560410,NC,MCS,,EHZ,1,95.0,,340.3,,20.5154639577
nc73560410,NC,MQ1P,,EHZ,-1,90.0,,310.6,,22.56145060714
nc73560410,NC,MMP,,EHZ,1,90.0,,308.9,,22.8505574163
nc73560410,NC,MDPB,,HHZ,-1,90.0,,307.2,,27.9099265766
nc73560410,NC,MDC,2.0,EHZ,1,92.0,,323.4,,31.690554081
nc73560410,NC,MMT,,EHZ,1,93.0,,249.6,,33.31400000936
nc73560420,NC,MCB,,HHZ,1,153.0,,50.1,,3.654977237342
nc73560420,NC,MCS,,EHZ,1,151.0,,29.9,,4.043047531176001
nc73560420,NC,MEM,,EHZ,1,146.0,,348.4,,4.8414271041640005
nc73560420,NC,MCO,,EHZ,1,140.0,,94.7,,5.822166356776
nc73560420,NC,MDH,,HNZ,1,137.0,,15.6,,6.502679307568
nc73560420,NC,MDH1,1.0,DP1,1,137.0,,15.6,,6.502679307568
nc73560420,NC,MQ1P,,EHZ,1,129.0,,261.8,,8.264006944912
nc73560420,NC,MMP,,EHZ,1,126.0,,260.3,,8.961199134693999
nc73560420,NC,MCV,,EHZ,-1,124.0,,112.9,,9.537188854482
nc73560420,NC,MINS,,HHZ,-1,113.0,,286.2,,12.15360547738
nc73560420,NC,MDPB,,HHZ,1,112.0,,274.3,,13.343391192
nc73560420,NC,MDC,2.0,EHZ,-1,112.0,,314.0,,13.8437683617
nc73560420,NC,MMT,,EHZ,-1,94.0,,218.9,,35.3043891955
nc73560435,NC,MCO,,EHZ,1,170.0,,183.7,,1.0761444996348002
nc73560435,CI,MLAC,,HHZ,1,160.0,,85.8,,2.311742524014
nc73560435,NC,MCB,,HHZ,-1,151.0,,299.8,,3.5237672239540005
nc73560435,NC,MGPB,,EHZ,-1,151.0,,265.4,,3.606051469638
nc73560435,NC,MCS,,EHZ,-1,143.0,,307.2,,4.823635915908
nc73560435,NC,MLC,,EHZ,1,141.0,,248.5,,5.03713017498
nc73560435,NC,MCV,,EHZ,-1,140.0,,145.9,,5.188355275156
nc73560435,NC,MDH,,HNZ,-1,131.0,,324.1,,7.007504274332001
nc73560435,NC,MDH1,1.0,DP1,-1,131.0,,324.1,,7.007504274332001
nc73560435,NC,MEM,,EHZ,-1,126.0,,301.3,,8.008258613732
nc73560435,NC,MMX1,,HN3,-1,123.0,,261.5,,8.711010549844001
nc73560435,NC,MDY,,HHZ,-1,108.0,,283.9,,13.63249800116
nc73560435,NC,MQ1P,,EHZ,-1,107.0,,262.9,,14.166233648840002
nc73560435,NC,MMP,,EHZ,-1,107.0,,261.9,,14.85564219376
nc73560435,NC,MINS,,HHZ,-1,104.0,,279.1,,17.76894927068
nc73560435,NC,MDC,2.0,EHZ,-1,103.0,,299.7,,18.22484846974
nc73560435,NC,MDPB,,HHZ,-1,102.0,,271.3,,19.1811248385
nc73560435,NC,MMT,,EHZ,1,91.0,,225.0,,39.67434981088
nc73560435,NC,MTU,2.0,EHZ,-1,91.0,,139.2,,40.4193558191
nc73560435,NC,MDR,2.0,EHZ,1,159.0,,65.9,,2.539692123544
nc73560435,NC,MLH,,EHZ,1,131.0,,36.8,,6.929667825712
nc73560435,NC,MMLB,,HHZ,-1,116.0,,288.2,,10.857072633224
nc73560455,NC,MCO,,EHZ,1,168.0,,169.8,,1.260950467644
nc73560455,NC,MDR,2.0,EHZ,1,155.0,,71.6,,2.754298331882
nc73560455,NC,MCB,,HHZ,1,152.0,,299.8,,3.184622697824
nc73560455,NC,MLC,,EHZ,-1,140.0,,245.4,,4.831419560770001
nc73560455,NC,MCV,,EHZ,-1,136.0,,144.3,,5.49302937404
nc73560455,NC,MQ1P,,EHZ,-1,104.0,,262.0,,13.88824633234
nc73560455,NC,MMP,,EHZ,1,103.0,,261.1,,14.58877436992
nc73560455,NC,MDC,2.0,EHZ,-1,100.0,,299.7,,17.89126368994
nc73560455,NC,MDPB,,HHZ,-1,99.0,,270.8,,18.88089853668
nc73560470,NC,MCO,,EHZ,1,163.0,,179.4,,1.8513955278900005
nc73560470,NC,MDR,2.0,EHZ,1,158.0,,83.9,,2.422937450614
nc73560470,NC,MCB,,HHZ,-1,153.0,,288.1,,3.125689386726
nc73560470,NC,MCS,,EHZ,1,144.0,,299.7,,4.322146796942
nc73560470,NC,MLC,,EHZ,-1,138.0,,240.3,,5.29287850616
nc73560470,NC,MCV,,EHZ,-1,135.0,,149.4,,5.891107211268
nc73560470,NC,MLH,,EHZ,1,132.0,,41.6,,6.383700736106
nc73560470,NC,MDY,,HHZ,1,106.0,,280.8,,13.38786916264
nc73560470,NC,MQ1P,,EHZ,1,105.0,,259.7,,14.18847263416
nc73560470,NC,MMP,,EHZ,-1,105.0,,258.9,,14.9001201644
nc73560470,NC,MDC,2.0,EHZ,-1,102.0,,297.7,,17.780068763339997
nc73560470,NC,MDPB,,HHZ,-1,100.0,,268.9,,19.09216889722
nc73560475,NC,MCO,,EHZ,-1,167.0,,180.4,,1.369921495712
nc73560475,NC,MDR,2.0,EHZ,1,158.0,,72.7,,2.49076635584
nc73560475,NC,MCB,,HHZ,-1,151.0,,295.9,,3.333623899468
nc73560475,NC,MLC,,EHZ,-1,139.0,,245.2,,5.099399333876
nc73560475,NC,MCV,,EHZ,1,137.0,,147.1,,5.467454540922
nc73560475,NC,MLH,,EHZ,1,130.0,,38.7,,6.731740856364
nc73560475,NC,MEM,,EHZ,-1,125.0,,299.7,,7.808107745852
nc73560475,NC,MMLB,,HHZ,-1,114.0,,286.8,,10.711407279378
nc73560475,NC,MQ1P,,EHZ,-1,105.0,,261.6,,14.14399466352
nc73560475,NC,MMP,,EHZ,-1,105.0,,260.7,,14.8445227011
nc73560475,NC,MINS,,HHZ,-1,102.0,,278.2,,17.65775434408
nc73560475,NC,MDC,2.0,EHZ,-1,101.0,,299.0,,18.03581709452
nc73560475,NC,MDPB,,HHZ,-1,100.0,,270.4,,19.11440788254
nc73560485,NC,MCO,,EHZ,-1,165.0,,175.0,,1.727969159364
nc73560485,NC,MDR,2.0,EHZ,1,158.0,,81.4,,2.5708267029920004
nc73560485,NC,MCB,,HHZ,-1,154.0,,291.2,,3.044517090308
nc73560485,NC,MLC,,EHZ,-1,140.0,,240.8,,5.113854674334
nc73560485,NC,MLH,,EHZ,1,132.0,,41.8,,6.5693962635280005
nc73560485,NC,MQ1P,,EHZ,-1,106.0,,260.1,,14.04391922958
nc73560485,NC,MMP,,EHZ,-1,106.0,,259.2,,14.74444726716
nc73560485,NC,MINS,,HHZ,-1,103.0,,277.1,,17.4576034762
nc73560485,NC,MDC,2.0,EHZ,-1,103.0,,298.2,,17.724471300039998
nc73560485,NC,MDPB,,HHZ,-1,102.0,,269.3,,18.9587349853
nc73560490,NC,MCB,,HHZ,-1,146.0,,282.0,,3.5337747673480004
nc73560490,NC,MCS,,EHZ,1,138.0,,294.1,,4.646835982614
nc73560490,NC,MLC,,EHZ,-1,130.0,,240.6,,5.833285849436
nc73560490,NC,MCV,,EHZ,-1,130.0,,154.7,,5.875539921544
nc73560490,NC,MLH,,EHZ,1,130.0,,39.7,,5.884435515672
nc73560500,NC,MDR,2.0,EHZ,1,157.0,,70.8,,2.643103405282
nc73560500,NC,MCS,,EHZ,-1,144.0,,306.9,,4.582342925186
nc73560500,NC,MLC,,EHZ,1,141.0,,246.0,,4.938166690306
nc73560500,NC,MCV,,EHZ,-1,138.0,,145.3,,5.425200468814
nc73560500,NC,MDH1,1.0,DP1,1,131.0,,324.5,,6.769547131407999
nc73560500,NC,MLH,,EHZ,1,130.0,,38.8,,6.906316891126
nc73560500,NC,MMX1,,HN3,-1,123.0,,260.2,,8.563121297466
nc73560500,NC,MDY,,HHZ,-1,107.0,,283.4,,13.42122764062
nc73560500,NC,MQ1P,,EHZ,-1,107.0,,262.1,,14.0105607516
nc73560500,NC,MMP,,EHZ,-1,106.0,,261.1,,14.69996929652
nc73560500,NC,MINS,,HHZ,-1,103.0,,278.7,,17.5687984028
nc73560500,NC,MDC,2.0,EHZ,-1,103.0,,299.5,,17.99133912388
nc73560500,NC,MDPB,,HHZ,-1,102.0,,270.8,,19.00321295594
nc73560500,NC,MMT,,EHZ,1,91.0,,224.7,,39.67434981088
nc73560500,NC,MCB,,HHZ,-1,153.0,,298.8,,3.288033979562
nc73560500,NC,MCO,,EHZ,1,169.0,,175.1,,1.24538317792
nc73560505,NC,MCO,,EHZ,1,166.0,,173.2,,1.510027103228
nc73560505,NC,MDR,2.0,EHZ,1,157.0,,76.7,,2.64087950675
nc73560505,NC,MCB,,HHZ,-1,154.0,,295.3,,3.104562350672
nc73560505,NC,MCS,,EHZ,-1,145.0,,304.7,,4.372184513912
nc73560505,NC,MLC,,EHZ,1,141.0,,242.9,,4.983756610212
nc73560505,NC,MCV,,EHZ,1,136.0,,146.2,,5.680948799994001
nc73560505,NC,MLH,,EHZ,-1,131.0,,40.7,,6.75509179095
nc73560505,NC,MEM,,EHZ,-1,127.0,,299.6,,7.57793424779
nc73560505,NC,MMLB,,HHZ,-1,116.0,,286.4,,10.49124132471
nc73560505,NC,MQ1P,,EHZ,-1,106.0,,261.0,,13.97720227362
nc73560505,NC,MMP,,EHZ,-1,106.0,,260.1,,14.6777303112
nc73560505,NC,MINS,,HHZ,-1,103.0,,277.9,,17.4576034762
nc73560505,NC,MDC,2.0,EHZ,-1,103.0,,298.9,,17.80230774866
nc73560505,NC,MDPB,,HHZ,-1,101.0,,270.0,,18.92537650732
nc73560510,NC,MDR,2.0,EHZ,1,159.0,,68.8,,2.504109747032
nc73560510,NC,MCV,,EHZ,-1,140.0,,146.5,,5.30399799882
nc73560510,NC,MDH,,HNZ,1,132.0,,323.6,,6.895197398466
nc73560510,NC,MDH1,1.0,DP1,1,132.0,,323.6,,6.895197398466
nc73560510,NC,MEM,,EHZ,-1,127.0,,300.6,,7.929310215846
nc73560510,NC,MMX1,,HN3,1,124.0,,260.7,,8.716570296174
nc73560510,NC,MDY,,HHZ,-1,108.0,,283.4,,13.58802003052
nc73560510,NC,MQ1P,,EHZ,-1,108.0,,262.3,,14.166233648840002
nc73560510,NC,MCY,,EHZ,-1,107.0,,275.7,,14.80004473046
nc73560510,NC,MMP,,EHZ,-1,107.0,,261.4,,14.85564219376
nc73560510,NC,MINS,,HHZ,-1,104.0,,278.7,,17.724471300039998
nc73560510,NC,MDC,2.0,EHZ,-1,104.0,,299.4,,18.14701202112
nc73560510,NC,MMT,,EHZ,1,91.0,,224.9,,39.76330575216
nc73560510,NC,MMI,,EHZ,1,87.0,,253.5,,81.35020830056
nc73560510,NC,MHD,,EHZ,1,85.0,,238.3,,107.73676438274
nc73560510,NC,MCB,,HHZ,-1,152.0,,298.1,,3.448154673866
nc73560510,NC,MCO,,EHZ,1,170.0,,182.6,,1.204241055078
nc73560510,NC,MCS,,EHZ,-1,144.0,,306.1,,4.734679974628
nc73560510,NC,MDPB,,HHZ,-1,103.0,,270.9,,19.158885853180003
nc73560510,NC,MLC,,EHZ,1,141.0,,247.1,,5.072712551492001
nc73560510,NC,MLH,,EHZ,1,132.0,,37.6,,6.835152138102
nc73560510,NC,MMLB,,HHZ,-1,117.0,,287.6,,10.803699068456
nc73560515,NC,MCV,,EHZ,1,93.0,,11.9,,12.37599533058
nc73560515,NC,MMP,,EHZ,1,84.0,,313.6,,20.77121228888
nc73560515,NC,MMT,,EHZ,1,78.0,,247.7,,30.7453972049
nc73560520,NP,1576,10.0,HNZ,1,108.0,,37.4,,13.14324032412
nc73560520,NC,MLC,,EHZ,-1,105.0,,337.3,,16.42349065882
nc73560520,NC,MMX1,,HN3,-1,103.0,,326.9,,18.76970361008
nc73560520,NC,MCS,,EHZ,-1,100.0,,344.6,,20.63777837696
nc73560520,NC,MQ1P,,EHZ,-1,98.0,,314.2,,21.88316155488
nc73560520,NC,MMP,,EHZ,1,98.0,,312.4,,22.1277903934
nc73560520,NC,MEM,,EHZ,-1,97.0,,338.2,,22.78384046034
nc73560520,NC,MDH,,HNZ,-1,97.0,,345.8,,23.38429306398
nc73560520,NC,MCY,,EHZ,-1,96.0,,318.7,,24.78534913914
nc73560520,NC,MDPB,,HHZ,-1,95.0,,310.0,,27.15380107572
nc73560520,NC,MINS,,HHZ,-1,95.0,,316.0,,27.5763417968
nc73560520,NC,MDC,2.0,EHZ,-1,93.0,,326.2,,31.34584980854
nc73560520,NC,MRC,,EHZ,1,92.0,,53.3,,36.96119360184
nc73560520,BK,OVRO,0.0,BHZ,-1,89.0,,118.6,,56.60933713206
nc73560520,BK,TOLH,0.0,HHZ,1,87.0,,222.4,,78.92615890068
nc73560520,NN,LHV,,HHZ,1,86.0,,18.9,,91.11312285604
nc73560520,NC,MHD,,EHZ,1,85.0,,247.1,,101.38753407388
nc73560520,NC,MPR,,EHZ,1,85.0,,289.9,,109.59371965696
nc73560520,BK,LEGD,0.0,HHZ,1,84.0,,256.3,,119.3121562418
nc73560520,BK,HELL,0.0,HHZ,1,86.0,,190.3,,89.73430576620001
nc73560520,BK,MMI,0.0,HHZ,1,87.0,,265.8,,79.92691324008
nc73560520,CI,MLAC,,HHZ,1,105.0,,2.1,,17.168496667040003
nc73560520,NC,MCB,,HHZ,-1,102.0,,345.9,,19.31455875042
nc73560520,NC,MCO,,EHZ,-1,106.0,,353.8,,16.00094993774
nc73560520,NC,MCV,,EHZ,1,109.0,,5.6,,12.75405808102
nc73560520,NC,MDR,2.0,EHZ,1,104.0,,2.1,,18.02469760186
nc73560520,NC,MDY,,HHZ,-1,96.0,,323.8,,25.14117290426
nc73560520,NC,MGPB,,EHZ,-1,104.0,,342.6,,17.502081446840002
nc73560520,NC,MLH,,EHZ,1,97.0,,6.3,,22.66152604108
nc73560520,NC,MMI,,EHZ,1,87.0,,265.8,,79.92691324008
nc73560520,NC,MMLB,,HHZ,-1,97.0,,329.6,,23.6289219025
nc73560520,NC,MMT,,EHZ,1,93.0,,249.6,,31.75727103696
nc73560525,NC,MCV,,EHZ,1,88.0,,13.9,,13.04316489018
nc73560525,NC,MLC,,EHZ,1,84.0,,343.6,,15.75632109922
nc73560525,NC,MCO,,EHZ,1,84.0,,0.5,,15.86751602582
nc73560525,NC,MINS,,HHZ,1,76.0,,318.9,,26.27536115558
nc73560525,NC,MMT,,EHZ,-1,74.0,,248.3,,30.01151068934
nc73560685,CI,MLAC,,HHZ,1,129.0,,4.0,,6.49378371344
nc73560685,NP,1576,10.0,HNZ,1,122.0,,91.8,,7.813667492182
nc73560685,NC,MCB,,HHZ,-1,116.0,,328.7,,9.436001471276
nc73560685,NC,MCS,,EHZ,-1,111.0,,328.4,,10.839281444968
nc73560685,NC,MMX1,,HN3,-1,109.0,,295.8,,11.6198698297
nc73560685,NC,MDH,,HNZ,-1,103.0,,333.6,,13.38786916264
nc73560685,NC,MDH1,1.0,DP1,-1,103.0,,333.6,,13.38786916264
nc73560685,NC,MQ1P,,EHZ,-1,100.0,,286.1,,16.545805078079997
nc73560685,NC,MINS,,HHZ,-1,93.0,,295.3,,21.42726235582
nc73560685,NC,MDPB,,HHZ,1,90.0,,287.8,,22.08331242276
nc73560685,NC,MDC,2.0,EHZ,-1,90.0,,311.0,,23.4065320493
nc73560685,NC,MRC,,EHZ,-1,90.0,,68.8,,31.590478647060003
nc73560685,NC,MTU,2.0,EHZ,-1,92.0,,134.7,,34.54826369462
nc73560685,NC,MMT,,EHZ,1,86.0,,234.0,,36.99455207982
nc73560685,NC,MMI,,EHZ,1,85.0,,258.3,,81.59483713908
nc73560685,BK,TOLH,0.0,HHZ,1,85.0,,217.7,,87.21018093238
nc73560685,NC,MPR,,EHZ,1,84.0,,284.4,,106.6359346094
nc73560685,BK,BUCR,0.0,HHZ,1,83.0,,276.0,,116.0875033704
nc73560685,BK,LEGD,0.0,HHZ,1,83.0,,251.4,,122.4256141866
nc73560685,BK,MMI,0.0,HHZ,1,85.0,,258.3,,81.59483713908
nc73560685,NC,MCO,,EHZ,1,134.0,,339.9,,5.577537518256
nc73560685,NC,MCV,,EHZ,1,158.0,,27.7,,2.282831843098
nc73560685,NC,MDR,2.0,EHZ,1,124.0,,3.6,,7.354432445324001
nc73560685,NC,MDY,,HHZ,-1,99.0,,302.5,,17.88014419728
nc73560685,NC,MEM,,EHZ,-1,103.0,,320.4,,13.61025901584
nc73560685,NC,MGPB,,EHZ,-1,121.0,,318.0,,8.12278938813
nc73560685,NC,MHD,,EHZ,1,84.0,,241.8,,106.15779642502
nc73560685,NC,MLC,,EHZ,-1,122.0,,304.5,,7.927086317314001
nc73560685,NC,MLH,,EHZ,1,104.0,,11.0,,12.0646495361
nc73560685,NC,MMLB,,HHZ,-1,101.0,,308.7,,15.55617023134
nc73560685,NC,MMP,,EHZ,1,99.0,,284.4,,17.090660218420002
nc73560835,NC,MPR,,EHZ,1,85.0,,288.6,,132.9891322136
nc73560835,NC,MTU,2.0,EHZ,-1,132.0,,169.4,,8.94007209864
nc73560835,NC,MFB,,EHZ,1,117.0,,91.4,,13.54354205988
nc73560835,NC,MCD,,EHZ,1,112.0,,43.5,,17.74671028536
nc73560835,NC,MRC,,EHZ,-1,101.0,,13.8,,27.598580782120003
nc73560835,NC,MCV,,EHZ,-1,101.0,,308.9,,28.010002010540003
nc73560835,CI,MLAC,,HHZ,-1,99.0,,314.5,,31.423686257160004
nc73560835,NC,MDR,2.0,EHZ,-1,99.0,,315.7,,32.0241388608
nc73560835,NC,MCO,,EHZ,-1,98.0,,310.0,,32.3577236406
nc73560835,NC,MLH,,EHZ,-1,97.0,,323.2,,34.22579840748
nc73560835,NC,MLC,,EHZ,-1,97.0,,304.3,,35.59349600466
nc73560835,NC,MCB,,HHZ,1,96.0,,310.4,,36.46081643214001
nc73560835,NC,MMX1,,HN3,1,95.0,,301.8,,39.20733111916
nc73560835,NC,MEM,,EHZ,1,95.0,,309.6,,40.90861349614
nc73560835,NC,MINS,,HHZ,-1,93.0,,300.4,,48.95912618198
nc73560835,NC,MMT,,EHZ,1,92.0,,263.4,,53.29572831938
nc73560835,BK,MMI,0.0,HHZ,1,87.0,,269.6,,102.86642659766
nc73560835,NC,MMI,,EHZ,1,87.0,,269.6,,102.86642659766
nc73560835,NC,MHD,,EHZ,1,85.0,,253.6,,121.6472497004
nc73560835,NP,1587,10.0,HNZ,-1,97.0,,61.0,,34.81513151846
nc73560835,NC,MLM,,EHZ,-1,94.0,,315.7,,46.01246062708
nc73560835,BK,HELL,0.0,HHZ,1,87.0,,205.2,,92.24731110736
nc73560835,BK,TOLH,0.0,HHZ,1,87.0,,235.1,,93.27030443208
nc73560850,NC,MLC,,EHZ,-1,97.0,,343.0,,15.066912554300002
nc73560850,NC,MMP,,EHZ,-1,85.0,,314.6,,20.20411816322
nc73560850,NC,MDPB,,HHZ,1,83.0,,311.5,,25.19677036756
nc73560850,NC,MMT,,EHZ,1,80.0,,247.0,,30.22278104988
nc73560900,NC,MLC,,EHZ,1,105.0,,335.5,,23.33981509334
nc73560900,NC,MCV,,EHZ,-1,111.0,,353.6,,18.88089853668
nc73560900,NC,MDR,2.0,EHZ,-1,105.0,,353.6,,24.2404939988
nc73560900,NC,MMP,,EHZ,1,101.0,,316.9,,28.7994859894
nc73560900,NC,MMT,,EHZ,1,98.0,,261.5,,33.53638986256
nc73560900,NC,MDPB,,HHZ,1,98.0,,314.3,,33.725421237780004
nc73560900,NC,MINS,,HHZ,-1,98.0,,319.0,,34.336993334080006
nc73560915,NC,MCO,,EHZ,-1,119.0,,324.6,,8.886698533872
nc73560915,NC,MLC,,EHZ,1,110.0,,303.6,,11.7310647563
nc73560915,NC,MGPB,,EHZ,1,109.0,,312.9,,11.82002069758
nc73560915,NC,MLH,,EHZ,-1,104.0,,356.2,,13.87712683968
nc73560915,NC,MMX1,,HN3,1,103.0,,297.3,,15.41161682676
nc73560915,NC,MQ1P,,EHZ,1,97.0,,289.0,,20.2374766412
nc73560915,NC,MMP,,EHZ,1,96.0,,287.5,,20.74897330356
nc73560915,NC,MDY,,HHZ,-1,95.0,,302.4,,21.683010687
nc73560915,NC,MINS,,HHZ,1,91.0,,296.3,,25.21900935288
nc73560915,NC,MDPB,,HHZ,1,90.0,,289.9,,25.78610347854
nc73560915,NC,MDC,2.0,EHZ,-1,90.0,,309.7,,27.17604006104
nc73560915,NC,MMT,,EHZ,-1,91.0,,239.3,,38.61799800818
nc73560915,CI,MLAC,,HHZ,-1,119.0,,341.9,,8.922280910384
nc73560915,NC,MCB,,HHZ,-1,105.0,,321.1,,12.94308945624
nc73560915,NC,MCV,,EHZ,1,142.0,,331.7,,4.567887584728
nc73560915,NC,MDR,2.0,EHZ,-1,116.0,,343.5,,9.74067557016
nc73561075,NC,MCV,,EHZ,-1,98.0,,13.5,,12.48719025718
nc73561075,NC,MLC,,EHZ,-1,97.0,,342.3,,15.32266088548
nc73561075,NC,MCO,,EHZ,-1,97.0,,359.8,,15.35601936346
nc73561075,NC,MGPB,,EHZ,1,96.0,,347.5,,16.53468558542
nc73561075,NC,MMX1,,HN3,-1,96.0,,330.5,,17.42424499822
nc73561075,NC,MDPB,,HHZ,-1,83.0,,311.5,,25.5192356547
nc73561075,NC,MDC,2.0,EHZ,-1,80.0,,328.2,,29.967032718700004
nc73561075,NC,MMT,,EHZ,1,80.0,,247.5,,30.38957343978
nc73561320,NC,MCV,,EHZ,-1,93.0,,358.2,,13.69921495712
nc73561320,NC,MCO,,EHZ,-1,94.0,,348.6,,17.25745260832
nc73561320,NC,MLC,,EHZ,-1,85.0,,333.6,,18.04693658718
nc73561320,NC,MGPB,,EHZ,-1,85.0,,338.6,,19.0143324486
nc73561320,NC,MMX1,,HN3,-1,84.0,,324.5,,20.55994192834
nc73561320,NC,MDPB,,HHZ,-1,79.0,,309.4,,29.09971229122
nc73561320,NC,MMT,,EHZ,1,76.0,,252.3,,33.03601269286
nc73561370,NC,MCV,,EHZ,-1,126.0,,348.7,,13.55466155254
nc73561370,NC,MCO,,EHZ,-1,121.0,,341.2,,17.446483983540002
nc73561370,NC,MLC,,EHZ,1,119.0,,327.0,,18.7919425954
nc73561370,NC,MDR,2.0,EHZ,1,119.0,,350.1,,18.89201802934
nc73561370,NC,MGPB,,EHZ,-1,118.0,,332.2,,19.5703070816
nc73561370,NC,MMX1,,HN3,1,115.0,,319.1,,21.61629373104
nc73561370,NC,MQ1P,,EHZ,1,111.0,,309.0,,25.21900935288
nc73561370,NC,MMP,,EHZ,1,110.0,,307.5,,25.53035514736
nc73561370,NC,MDPB,,HHZ,1,106.0,,306.2,,30.61196329298
nc73561370,NC,MINS,,HHZ,1,105.0,,311.5,,30.82323365352
nc73561370,NC,MDC,2.0,EHZ,-1,104.0,,321.3,,34.14796195886
nc73561370,NC,MMT,,EHZ,1,103.0,,252.8,,35.282150210180006
nc73561475,NC,MCV,,EHZ,-1,139.0,,358.2,,5.334020629002
nc73561475,NC,MCO,,EHZ,-1,121.0,,339.8,,9.11242423487
nc73561475,CI,MLAC,,HHZ,-1,118.0,,355.4,,9.820735917312
nc73561475,NC,MDR,2.0,EHZ,-1,116.0,,355.9,,10.679160750664
nc73561475,NC,MLC,,EHZ,-1,115.0,,315.1,,11.007185784134
nc73561475,NC,MGPB,,EHZ,1,113.0,,324.5,,11.48643591778
nc73561475,NC,MCB,,HHZ,-1,108.0,,331.7,,12.92085047092
nc73561475,NC,MCS,,EHZ,-1,106.0,,331.1,,14.32190654608
nc73561475,NC,MMX1,,HN3,-1,106.0,,305.6,,14.37750400938
nc73561475,NC,MDH,,HNZ,1,104.0,,334.9,,16.9016288432
nc73561475,NC,MDH1,1.0,DP1,-1,104.0,,334.9,,16.9016288432
nc73561475,NC,MEM,,EHZ,-1,104.0,,324.3,,16.979465291820002
nc73561475,NC,MINS,,HHZ,-1,96.0,,301.2,,24.08482110156
nc73561475,NC,MDPB,,HHZ,1,96.0,,294.4,,24.42952537402
nc73561475,NC,MTU,2.0,EHZ,-1,92.0,,131.9,,31.37920828652
nc73561475,NC,MRC,,EHZ,1,92.0,,62.4,,31.823987992920003
nc73561475,NC,MCD,,EHZ,1,92.0,,88.7,,33.925572105659995
nc73561475,NC,MMT,,EHZ,1,92.0,,239.4,,36.21618759362
nc73561475,BK,MMI,0.0,HHZ,1,87.0,,260.7,,82.20640923538
nc73561475,NC,MMI,,EHZ,1,87.0,,260.7,,82.21752872804
nc73561475,NC,MHD,,EHZ,1,85.0,,243.7,,105.7463751966
nc73561475,NC,MPR,,EHZ,-1,85.0,,286.0,,108.6930407515
nc73561610,NC,MCV,,EHZ,-1,131.0,,348.8,,19.92613084672
nc73561610,NC,MCO,,EHZ,-1,125.0,,343.2,,23.77347530708
nc73561610,NC,MCB,,HHZ,1,121.0,,339.0,,27.420668899560003
nc73561610,NC,MQ1P,,EHZ,1,118.0,,316.8,,30.38957343978
nc73561610,NC,MLH,,EHZ,1,119.0,,354.9,,29.48889453432
nc73561610,NC,MMP,,EHZ,1,118.0,,315.4,,30.60084380032
nc73561610,NC,MEM,,EHZ,1,117.0,,334.1,,31.14569894066
nc73561610,NC,MMLB,,HHZ,1,117.0,,327.9,,32.15757277272
nc73561610,NC,MDY,,HHZ,-1,115.0,,323.6,,33.714301745120004
nc73561610,NC,MDPB,,HHZ,1,114.0,,313.2,,35.560137526679995
nc73561610,NC,MMT,,EHZ,1,114.0,,263.2,,35.20431376156
nc73561610,NC,MINS,,HHZ,1,113.0,,317.7,,36.10499266702
nc73561610,BK,MMI,0.0,HHZ,1,96.0,,270.7,,84.88620696644
nc73561610,NC,MLC,,EHZ,1,124.0,,332.5,,24.82982710978
nc73561610,BK,HELL,0.0,HHZ,-1,96.0,,194.6,,84.15232045088
nc73561610,NN,LHV,,HHZ,1,94.0,,14.7,,96.16137252368
nc73561685,NC,MLC,,EHZ,1,171.0,,337.4,,0.7147609881847999
nc73561685,NC,MMX1,,HN3,1,136.0,,286.2,,4.374408412444
nc73561685,NC,MCB,,HHZ,1,136.0,,17.6,,4.454468759596
nc73561685,NC,MCO,,EHZ,1,135.0,,71.8,,4.573447331058
nc73561685,NC,MCS,,EHZ,1,129.0,,5.9,,5.436319961474
nc73561685,NC,MCV,,EHZ,-1,117.0,,103.8,,7.551247465406
nc73561685,NC,MDR,2.0,EHZ,1,117.0,,62.2,,7.604621030174001
nc73561685,NC,MLH,,EHZ,1,103.0,,46.7,,11.75330374162
nc73561685,NC,MINS,,HHZ,-1,97.0,,292.0,,14.15511415618
nc73561720,NC,MLC,,EHZ,1,173.0,,330.6,,0.5881099667874
nc73561720,NC,MMX1,,HN3,1,136.0,,284.3,,4.349945528592
nc73561720,NC,MCO,,EHZ,1,135.0,,73.5,,4.51451401996
nc73561720,NC,MCS,,EHZ,1,129.0,,6.0,,5.287318759830001
nc73561720,NC,MEM,,EHZ,-1,120.0,,339.4,,6.945235115436001
nc73561720,CI,MLAC,,HHZ,1,119.0,,69.3,,7.163177171572
nc73561720,NC,MCV,,EHZ,-1,117.0,,104.9,,7.573486450726
nc73561720,NC,MDH,,HNZ,1,115.0,,2.0,,8.024937852722
nc73561720,NC,MDH1,1.0,DP1,-1,115.0,,2.0,,8.024937852722
nc73561720,NC,MMLB,,HHZ,-1,114.0,,314.2,,8.237320162527999
nc73561720,NC,MQ1P,,EHZ,-1,109.0,,273.5,,9.670622766402
nc73561720,NC,MLH,,EHZ,-1,103.0,,47.2,,11.64210881502
nc73561720,NC,MINS,,HHZ,-1,97.0,,291.5,,14.110636185540002
nc73561720,NC,MDPB,,HHZ,-1,97.0,,280.6,,15.033554076319998
nc73561720,NC,MDC,2.0,EHZ,-1,96.0,,314.9,,16.123264357
nc73561720,NC,MMT,,EHZ,1,78.0,,222.6,,34.93744593772
nc73561720,NC,MHD,,EHZ,1,76.0,,238.2,,102.69963420776
nc73561720,NC,MCB,,HHZ,1,137.0,,18.0,,4.30880340575
nc73561720,NC,MDR,2.0,EHZ,1,117.0,,63.2,,7.523448733756
nc73561720,NC,MGPB,,EHZ,1,155.0,,21.2,,2.2138909886060003
nc73561720,NC,MMP,,EHZ,-1,107.0,,271.4,,10.308881645086
nc73561835,NC,MLC,,EHZ,-1,112.0,,325.6,,18.94761549264
nc73561835,NC,MCB,,HHZ,1,109.0,,334.7,,21.24935047326
nc73561835,NC,MCS,,EHZ,1,106.0,,334.2,,22.63928705576
nc73561835,NC,MQ1P,,EHZ,1,104.0,,308.1,,25.50811616204
nc73561835,NC,MDPB,,HHZ,1,100.0,,305.5,,30.912189594800004
nc73561835,NC,MCD,,EHZ,1,100.0,,74.5,,32.12421429474
nc73561835,NC,MFB,,EHZ,1,99.0,,98.2,,32.61347197178
nc73561835,NC,MMT,,EHZ,1,98.0,,252.8,,35.77140788722
nc73561835,BK,MMI,0.0,HHZ,1,89.0,,266.4,,84.2857543628
nc73561835,NC,MMI,,EHZ,1,89.0,,266.4,,84.2857543628
nc73561835,BK,HELL,0.0,HHZ,1,88.0,,193.1,,90.16796597994
nc73561835,NC,MHD,,EHZ,-1,87.0,,248.3,,105.27935650488
nc73561835,NC,MPR,,EHZ,1,86.0,,289.4,,113.8636048384
nc73561835,CI,MLAC,,HHZ,-1,113.0,,348.1,,18.0135781092
nc73561835,NC,MCO,,EHZ,-1,114.0,,339.6,,17.47984246152
nc73561835,NC,MCV,,EHZ,-1,119.0,,346.7,,13.52130307456
nc73561835,NC,MDR,2.0,EHZ,-1,112.0,,348.6,,18.8475400587
nc73561835,NC,MGPB,,EHZ,1,111.0,,330.8,,19.69262150086
nc73561835,NC,MLH,,EHZ,-1,106.0,,355.3,,23.06182777684
nc73561855,NC,MLC,,EHZ,1,171.0,,342.8,,0.7295499134226
nc73561855,NC,MGPB,,EHZ,1,154.0,,21.3,,2.41292990722
nc73561855,NC,MMX1,,HN3,-1,137.0,,286.9,,4.328818492538
nc73561855,NC,MCB,,HHZ,1,136.0,,18.2,,4.507842324364
nc73561855,NC,MCO,,EHZ,1,135.0,,71.6,,4.640164287018001
nc73561855,NC,MCS,,EHZ,1,129.0,,6.5,,5.479685982848
nc73561855,NC,MEM,,EHZ,1,120.0,,340.5,,7.09423631708
nc73561855,CI,MLAC,,HHZ,1,119.0,,68.2,,7.298834982024
nc73561855,NC,MDR,2.0,EHZ,1,118.0,,62.2,,7.673561884666
nc73561855,NC,MDH1,1.0,DP1,-1,115.0,,2.5,,8.212857278676
nc73561855,NC,MMLB,,HHZ,-1,115.0,,315.5,,8.315156611148
nc73561855,NC,MMP,,EHZ,-1,108.0,,272.5,,10.24105273986
nc73561855,NC,MDPB,,HHZ,-1,98.0,,281.4,,14.98907610568
nc73561855,NC,MDC,2.0,EHZ,-1,97.0,,315.5,,16.20110080562
nc73561855,NC,MMT,,EHZ,1,79.0,,222.7,,34.7484145625
nc73561870,NC,MCO,,EHZ,1,98.0,,348.4,,16.05654740104
nc73561870,NC,MDPB,,HHZ,1,82.0,,307.8,,28.21015287842
nc73561870,NC,MCV,,EHZ,-1,99.0,,358.9,,12.5094292425
nc73561870,NC,MMT,,EHZ,1,80.0,,250.3,,33.23616356074
nc73561880,NC,MCV,,EHZ,-1,118.0,,352.3,,12.58726569112
nc73561880,NC,MCO,,EHZ,-1,114.0,,343.5,,16.36789319552
nc73561880,CI,MLAC,,HHZ,-1,113.0,,352.3,,17.090660218420002
nc73561880,NC,MLC,,EHZ,1,112.0,,328.2,,17.59103738812
nc73561880,NC,MDR,2.0,EHZ,-1,112.0,,352.7,,17.93574166058
nc73561880,NC,MGPB,,EHZ,-1,111.0,,333.6,,18.4027603523
nc73561880,NC,MLH,,EHZ,-1,105.0,,358.9,,22.30570227596
nc73561880,NC,MQ1P,,EHZ,-1,104.0,,308.9,,23.95138718964
nc73561880,NC,MMP,,EHZ,-1,104.0,,307.4,,24.26273298412
nc73561880,NC,MDPB,,HHZ,1,100.0,,306.0,,29.34434112974
nc73561880,NC,MINS,,HHZ,-1,100.0,,311.6,,29.55561149028
nc73561880,NC,MDC,2.0,EHZ,1,98.0,,321.7,,32.90257878094
nc73561880,NC,MMT,,EHZ,1,97.0,,251.0,,34.60386115792
nc73561880,BK,MMI,0.0,HHZ,1,89.0,,265.8,,82.88469828763999
nc73561880,NC,MMI,,EHZ,1,89.0,,265.8,,82.88469828763999
nc73561880,NC,MPR,,EHZ,1,86.0,,289.3,,112.306875866
nc73561890,NC,MCV,,EHZ,-1,123.0,,348.1,,12.93196996358
nc73561890,NC,MCO,,EHZ,-1,119.0,,340.4,,16.857150872560002
nc73561890,NC,MLC,,EHZ,1,117.0,,325.9,,18.28044593304
nc73561890,NC,MDR,2.0,EHZ,-1,117.0,,349.7,,18.26932644038
nc73561890,NC,MDPB,,HHZ,1,103.0,,305.2,,30.25613952786
nc73561890,NC,MMT,,EHZ,1,100.0,,251.8,,35.48230107806
nc73561890,NC,MLH,,EHZ,-1,110.0,,356.4,,22.52809212916
nc73561895,NC,MCV,,EHZ,-1,120.0,,349.7,,12.80965554432
nc73561895,NC,MCO,,EHZ,-1,116.0,,341.6,,16.679238989999998
nc73561895,NC,MDR,2.0,EHZ,-1,114.0,,350.9,,18.15813151378
nc73561895,NC,MMT,,EHZ,1,98.0,,251.5,,35.1375968056
nc73561895,NC,MDPB,,HHZ,1,101.0,,305.5,,29.911435255400004
nc73561930,NC,MCO,,EHZ,-1,102.0,,346.1,,16.14550334232
nc73561930,NC,MLC,,EHZ,1,101.0,,330.4,,17.168496667040003
nc73561930,NC,MDPB,,HHZ,1,90.0,,306.9,,28.69941055546
nc73561930,NC,MINS,,HHZ,-1,90.0,,312.6,,28.9662783793
nc73561930,NC,MCV,,EHZ,-1,105.0,,355.8,,12.48719025718
nc73561930,CI,MLAC,,HHZ,-1,101.0,,354.9,,16.979465291820002
nc73561930,NC,MDR,2.0,EHZ,-1,100.0,,355.2,,17.835666226639997
nc73561930,NC,MMT,,EHZ,-1,90.0,,250.5,,33.88109413502001
nc73562020,NC,MCV,,EHZ,-1,117.0,,350.9,,12.79853605166
nc73562020,NC,MCO,,EHZ,-1,112.0,,342.5,,16.6236415267
nc73562020,NC,MLC,,EHZ,1,111.0,,327.6,,17.91350267526
nc73562020,NC,MLH,,EHZ,-1,104.0,,358.0,,22.48361415852
nc73562020,NC,MEM,,EHZ,1,103.0,,330.9,,24.15153805752
nc73562020,NC,MQ1P,,EHZ,1,103.0,,308.8,,24.318330447420003
nc73562020,NC,MMP,,EHZ,1,103.0,,307.2,,24.6296762419
nc73562020,NC,MDY,,HHZ,-1,101.0,,318.1,,27.17604006104
nc73562020,NC,MDPB,,HHZ,1,99.0,,305.9,,29.71128438752
nc73562020,NC,MINS,,HHZ,-1,99.0,,311.4,,29.92255474806
nc73562020,NC,MMT,,EHZ,1,96.0,,251.5,,34.88184847442
nc73562070,NC,MINS,,HHZ,1,92.0,,305.7,,37.93970895592
nc73562070,NC,MDPB,,HHZ,1,92.0,,301.4,,37.99530641922
nc73562070,NC,MDC,2.0,EHZ,-1,91.0,,314.3,,40.61950668698
nc73562070,NC,MMT,,EHZ,1,91.0,,258.1,,42.3652670346
nc73562070,NC,MTU,2.0,EHZ,1,105.0,,130.9,,17.335289056940002
nc73562070,NC,MCO,,EHZ,-1,98.0,,323.8,,22.58368959246
nc73562070,NC,MLC,,EHZ,1,97.0,,314.2,,25.06333645564
nc73562070,NC,MCB,,HHZ,1,96.0,,322.2,,26.6311849207
nc73562070,NC,MCS,,EHZ,1,95.0,,322.4,,28.03224099586
nc73562250,NP,1576,10.0,HNZ,1,149.0,,71.5,,4.954845929296001
nc73562250,NC,MLC,,EHZ,1,123.0,,303.2,,11.51979439576
nc73562250,NC,MGPB,,EHZ,1,123.0,,312.6,,11.59763084438
nc73562250,NC,MMX1,,HN3,1,115.0,,296.9,,15.211465958880002
nc73562250,NC,MEM,,EHZ,-1,113.0,,316.2,,17.035062755120002
nc73562250,NC,MINS,,HHZ,1,103.0,,296.0,,25.018858485000003
nc73562250,NC,MDC,2.0,EHZ,-1,102.0,,309.6,,26.953650207840003
nc73562250,NC,MRC,,EHZ,1,100.0,,63.4,,29.47777504166
nc73562250,NC,MMT,,EHZ,1,96.0,,238.9,,38.59575902286
nc73562250,BK,MMI,0.0,HHZ,1,89.0,,259.9,,84.30799334812
nc73562250,NC,MHD,,EHZ,1,86.0,,243.5,,108.0814686552
nc73562250,NC,MPR,,EHZ,1,86.0,,285.0,,110.10521631932
nc73562250,CI,MLAC,,HHZ,1,133.0,,342.3,,8.705450803514
nc73562250,NC,MCB,,HHZ,1,118.0,,321.0,,12.72069960304
nc73562250,NC,MCO,,EHZ,1,133.0,,324.6,,8.658748934342
nc73562250,NC,MCS,,EHZ,-1,117.0,,321.5,,14.1217556782
nc73562250,NC,MCV,,EHZ,1,153.0,,332.1,,4.34216188373
nc73562250,NC,MDPB,,HHZ,-1,103.0,,289.6,,25.60819159598
nc73562250,NC,MDR,2.0,EHZ,1,130.0,,344.0,,9.526069361822
nc73562250,NC,MLH,,EHZ,1,117.0,,356.7,,13.6769759718
nc73562305,NP,1576,10.0,HNZ,-1,126.0,,18.2,,11.5086749031
nc73562305,CI,MLAC,,HHZ,-1,114.0,,348.1,,18.04693658718
nc73562305,NC,MCB,,HHZ,-1,109.0,,334.8,,21.28270895124
nc73562305,NC,MMX1,,HN3,1,108.0,,318.0,,21.86092256956
nc73562305,NC,MEM,,EHZ,-1,105.0,,329.3,,25.1856508749
nc73562305,NC,MQ1P,,EHZ,1,105.0,,308.2,,25.53035514736
nc73562305,NC,MMP,,EHZ,1,105.0,,306.7,,25.84170094184
nc73562305,NC,MINS,,HHZ,1,101.0,,310.8,,31.12345995534
nc73562305,NC,MDC,2.0,EHZ,1,99.0,,320.6,,34.37035181206
nc73562305,NC,MMT,,EHZ,1,98.0,,252.9,,35.76028839456
nc73562305,BK,HELL,0.0,HHZ,-1,88.0,,193.1,,90.13460750196
nc73562305,NC,MHD,,EHZ,1,87.0,,248.3,,105.26823701222
nc73562305,NC,MPR,,EHZ,1,87.0,,289.4,,113.8636048384
nc73562305,BK,MMI,0.0,HHZ,1,89.0,,266.4,,84.27463487014
nc73562305,NC,MCD,,EHZ,1,100.0,,74.4,,32.1353337874
nc73562305,NC,MCO,,EHZ,-1,115.0,,339.6,,17.5132009395
nc73562305,NC,MCS,,EHZ,1,107.0,,334.2,,22.67264553374
nc73562305,NC,MCV,,EHZ,-1,120.0,,346.7,,13.5657810452
nc73562305,NC,MDPB,,HHZ,1,101.0,,305.5,,30.93442858012
nc73562305,NC,MDR,2.0,EHZ,-1,113.0,,348.7,,18.88089853668
nc73562305,NC,MFB,,EHZ,1,100.0,,98.1,,32.61347197178
nc73562305,NC,MGPB,,EHZ,-1,112.0,,330.8,,19.71486048618
nc73562305,NC,MLC,,EHZ,-1,113.0,,325.7,,18.98097397062
nc73562305,NC,MLH,,EHZ,-1,107.0,,355.4,,23.09518625482
nc73562305,NC,MMI,,EHZ,1,89.0,,266.4,,84.2857543628
nc73562305,NC,MTU,2.0,EHZ,1,106.0,,122.7,,24.2404939988
nc73562310,NC,MCV,,EHZ,1,110.0,,277.0,,23.94026769698
nc73562310,NC,MTU,2.0,EHZ,1,111.0,,180.7,,23.43989052728
nc73562310,NC,MDR,2.0,EHZ,1,109.0,,288.7,,25.69714753726
nc73562310,NC,MLH,,EHZ,1,109.0,,299.6,,25.84170094184
nc73562310,NC,MCO,,EHZ,1,107.0,,282.9,,27.44290788488
nc73562310,NC,MCB,,HHZ,-1,104.0,,286.8,,31.04562350672
nc73562310,NC,MINS,,HHZ,1,98.0,,282.9,,45.33417157482
nc73562310,NC,MDPB,,HHZ,1,97.0,,279.5,,46.4794793188
nc73562310,NC,MMT,,EHZ,1,94.0,,249.2,,58.66644327416
nc73562310,BK,MMI,0.0,HHZ,1,88.0,,261.6,,105.92428707916
nc73562310,BK,HELL,0.0,HHZ,-1,88.0,,202.8,,106.4135447562
nc73562310,NC,MHD,,EHZ,1,86.0,,247.6,,128.3189452964
nc73562310,NC,MPR,,EHZ,1,86.0,,282.2,,130.9876235348
nc73562310,BK,BUCR,0.0,HHZ,-1,85.0,,275.4,,140.88397200219998
nc73562310,NC,MFB,,EHZ,-1,117.0,,142.4,,18.94761549264
nc73562310,NC,MCD,,EHZ,1,134.0,,100.0,,10.465666491592
nc73562310,NC,MRC,,EHZ,-1,125.0,,20.9,,13.0098064122
nc73562310,NP,1587,10.0,HNZ,-1,106.0,,85.6,,28.621574106840004
nc73562310,NC,MMP,,EHZ,1,99.0,,277.1,,41.70921696766
nc73562310,BK,OVRO,0.0,HHZ,1,98.0,,146.5,,44.422373176700006
nc73562310,NN,LHV,,HHZ,-1,91.0,,3.6,,76.41315355952001
nc73562310,GS,MCA04,0.0,HHZ,1,89.0,,52.4,,94.11538587424
nc73562315,NP,1576,10.0,HNZ,-1,126.0,,17.3,,11.7310647563
nc73562315,CI,MLAC,,HHZ,1,115.0,,347.9,,18.33604339634
nc73562315,NC,MCB,,HHZ,-1,110.0,,334.8,,21.58293525306
nc73562315,NC,MMX1,,HN3,-1,109.0,,318.2,,22.15002937872
nc73562315,NC,MCS,,EHZ,1,108.0,,334.3,,22.97287183556
nc73562315,NC,MQ1P,,EHZ,1,105.0,,308.5,,25.7972229712
nc73562315,NC,MMT,,EHZ,1,99.0,,253.4,,35.79364687254
nc73562315,NC,MPR,,EHZ,1,87.0,,289.5,,114.0859946916
nc73562315,BK,HELL,0.0,HHZ,-1,88.0,,193.2,,89.88997866344
nc73562315,BK,MMI,0.0,HHZ,1,89.0,,266.6,,84.37471030408001
nc73562315,NC,MCD,,EHZ,-1,101.0,,73.9,,32.090855816760005
nc73562315,NC,MCO,,EHZ,-1,115.0,,339.6,,17.813427241320003
nc73562315,NC,MCV,,EHZ,-1,120.0,,346.5,,13.85488785436
nc73562315,NC,MDPB,,HHZ,1,101.0,,305.8,,31.20129640396
nc73562315,NC,MDR,2.0,EHZ,-1,113.0,,348.5,,19.1811248385
nc73562315,NC,MGPB,,EHZ,1,112.0,,330.9,,20.015086788
nc73562315,NC,MLC,,EHZ,-1,113.0,,325.8,,19.28120027244
nc73562315,NC,MLH,,EHZ,-1,107.0,,355.1,,23.38429306398
nc73562315,NC,MMI,,EHZ,1,89.0,,266.6,,84.38582979674
nc73562345,NC,MMX1,,HN3,-1,154.0,,141.3,,2.736507143626
nc73562345,NC,MDY,,HHZ,1,145.0,,309.7,,3.779515555134
nc73562345,NC,MQ1P,,EHZ,-1,140.0,,234.8,,4.546760548674
nc73562345,NC,MMP,,EHZ,-1,135.0,,235.9,,5.278423165702
nc73562345,NC,MLC,,EHZ,-1,129.0,,115.6,,6.248042925654
nc73562345,NC,MINS,,HHZ,1,123.0,,285.1,,7.471187118254
nc73562345,NC,MDC,2.0,EHZ,1,113.0,,325.9,,9.844086851898
nc73562345,NC,MCO,,EHZ,1,112.0,,100.6,,10.438979709208
nc73562375,NC,MCO,,EHZ,-1,117.0,,344.1,,15.02243458366
nc73562375,NC,MLC,,EHZ,1,115.0,,327.5,,16.24557877626
nc73562375,NC,MDPB,,HHZ,-1,102.0,,304.6,,28.1879138931
nc73562375,NC,MCV,,EHZ,-1,126.0,,354.2,,11.286285049900002
nc73562375,CI,MLAC,,HHZ,-1,116.0,,353.6,,15.7896795772
nc73562375,NC,MDR,2.0,EHZ,-1,115.0,,354.0,,16.64588051202
nc73562375,NC,MLH,,EHZ,-1,109.0,,0.3,,21.06031909804
nc73562375,NC,MMI,,EHZ,1,89.0,,264.9,,82.43991858124
nc73562380,NC,MLC,,EHZ,1,115.0,,327.0,,17.379767027579998
nc73562380,NC,MDR,2.0,EHZ,-1,115.0,,351.9,,17.60215688078
nc73562380,NC,MCB,,HHZ,1,112.0,,336.7,,19.77045794948
nc73562380,NC,MLH,,EHZ,-1,108.0,,358.4,,21.93875901818
nc73562380,NC,MEM,,EHZ,1,106.0,,330.6,,23.61780240984
nc73562380,NC,MQ1P,,EHZ,1,106.0,,308.0,,23.87355074102
nc73562380,NC,MMP,,EHZ,1,106.0,,306.4,,24.1848965355
nc73562380,NC,MDPB,,HHZ,1,102.0,,305.2,,29.28874366644
nc73562380,NC,MINS,,HHZ,1,101.0,,310.8,,29.455536056340005
nc73562380,NC,MDC,2.0,EHZ,1,100.0,,321.0,,32.73578639104
nc73562380,NC,MMT,,EHZ,1,99.0,,250.5,,34.9152069524
nc73562385,NC,MDR,2.0,EHZ,1,120.0,,331.9,,9.442673166872
nc73562385,NC,MLC,,EHZ,1,108.0,,295.5,,12.70958011038
nc73562385,NC,MLH,,EHZ,-1,107.0,,348.5,,13.08764286082
nc73562385,NC,MCS,,EHZ,1,106.0,,314.0,,14.7333277745
nc73562475,NC,MCO,,EHZ,-1,109.0,,342.5,,16.9016288432
nc73562475,NC,MLC,,EHZ,1,108.0,,327.8,,18.16925100644
nc73562475,NC,MDR,2.0,EHZ,-1,107.0,,351.6,,18.41387984496
nc73562475,NC,MQ1P,,EHZ,-1,100.0,,309.1,,24.55183979328
nc73562475,NC,MMP,,EHZ,-1,100.0,,307.5,,24.8520660951
nc73562475,NC,MDPB,,HHZ,1,96.0,,306.2,,29.94479373338
nc73562475,NC,MINS,,HHZ,-1,96.0,,311.7,,30.15606409392
nc73562475,NC,MMT,,EHZ,1,94.0,,251.9,,34.88184847442
nc73562480,NC,MCV,,EHZ,-1,98.0,,352.9,,14.566535384600002
nc73562480,NC,MLC,,EHZ,-1,95.0,,331.0,,19.35903672106
nc73562480,NC,MDR,2.0,EHZ,-1,95.0,,353.1,,19.91501135406
nc73562480,NC,MMP,,EHZ,-1,83.0,,310.7,,25.60819159598
nc73562480,NC,MDPB,,HHZ,1,80.0,,308.8,,30.645321770960003
nc73562480,NC,MINS,,HHZ,1,80.0,,314.2,,31.00114553608
nc73562480,NC,MMT,,EHZ,-1,79.0,,254.2,,34.14796195886
nc73562525,NC,MCV,,EHZ,1,133.0,,8.5,,4.099756943742
nc73562525,NC,MCO,,EHZ,-1,111.0,,341.9,,7.65021095008
nc73562525,NC,MDR,2.0,EHZ,-1,105.0,,0.1,,9.374844261646
nc73562525,NC,MCB,,HHZ,-1,99.0,,332.1,,11.43083845448
nc73562525,NC,MCS,,EHZ,1,93.0,,331.4,,12.83189452964
nc73562525,NC,MLH,,EHZ,1,93.0,,7.6,,13.99944125894
nc73562525,NC,MDH1,1.0,DP1,1,94.0,,335.5,,15.422736319419998
nc73562525,NC,MMP,,EHZ,1,85.0,,290.3,,18.13589252846
nc73562660,NC,MMLB,,HHZ,1,155.0,,351.5,,2.405146262358
nc73562660,NC,MMX1,,HN3,-1,153.0,,149.6,,2.6486631516120003
nc73562660,NC,MEM,,EHZ,1,139.0,,44.5,,4.42555807868
nc73562660,NC,MCS,,EHZ,-1,127.0,,72.6,,6.402603873628
nc73562660,NC,MGPB,,EHZ,1,126.0,,101.4,,6.494895662706
nc73562660,NC,MCB,,HHZ,-1,124.0,,83.8,,6.939675369106
nc73562660,NC,MDH,,HNZ,-1,121.0,,51.2,,7.478970763116
nc73562660,NC,MDH1,1.0,DP1,-1,121.0,,51.2,,7.478970763116
nc73562660,NC,MDPB,,HHZ,-1,114.0,,266.3,,9.231402806332
nc73562660,NC,MDC,2.0,EHZ,1,112.0,,323.7,,9.93526669171
nc73562660,NC,MCV,,EHZ,-1,100.0,,112.4,,13.921604810320002
nc73562660,NC,MLC,,EHZ,-1,129.0,,118.4,,5.986734848144
nc73562665,NC,MMX1,,HN3,-1,153.0,,150.3,,2.798776302522
nc73562665,NC,MLC,,EHZ,-1,129.0,,119.4,,6.096817825477999
nc73562665,NC,MGPB,,EHZ,1,126.0,,102.6,,6.5693962635280005
nc73562665,NC,MDPB,,HHZ,1,115.0,,265.4,,9.198044328352
nc73562665,NC,MDC,2.0,EHZ,-1,113.0,,323.4,,9.79071328713
nc73562810,NP,1576,10.0,HNZ,1,158.0,,40.0,,3.640521896884
nc73562810,NC,MCV,,EHZ,-1,143.0,,319.1,,6.69949432765
nc73562810,CI,MLAC,,HHZ,-1,128.0,,332.3,,10.750325503688
nc73562810,NC,MCO,,EHZ,-1,127.0,,318.4,,11.087246131286
nc73562810,NC,MDR,2.0,EHZ,-1,126.0,,334.4,,11.5086749031
nc73562810,NC,MLC,,EHZ,-1,119.0,,302.2,,14.166233648840002
nc73562810,NC,MGPB,,EHZ,-1,119.0,,309.8,,14.1773531415
nc73562810,NC,MCB,,HHZ,-1,118.0,,317.1,,15.18922697356
nc73562810,NC,MLH,,EHZ,-1,118.0,,348.1,,15.211465958880002
nc73562810,NC,MCS,,EHZ,-1,116.0,,317.8,,16.579163556060003
nc73562810,NC,MMX1,,EP1,1,115.0,,297.0,,17.85790521196
nc73562810,NC,MDH,,HNZ,-1,113.0,,322.9,,18.86977904402
nc73562810,NC,MEM,,EHZ,-1,112.0,,313.8,,19.55918758894
nc73562810,NC,MMLB,,HHZ,-1,109.0,,306.0,,21.74972764296
nc73562810,NC,MQ1P,,EHZ,1,107.0,,289.7,,22.6837650264
nc73562810,NC,MMP,,EHZ,1,107.0,,288.3,,23.1841421961
nc73562810,NC,MDY,,HHZ,-1,106.0,,301.7,,24.11817957954
nc73562810,NC,MCY,,EHZ,1,106.0,,296.5,,24.618556749240003
nc73562810,NC,MINS,,HHZ,1,103.0,,296.2,,27.66529773808
nc73562810,NC,MRC,,EHZ,1,103.0,,59.0,,27.99888251788
nc73562810,NC,MDPB,,HHZ,1,103.0,,290.4,,28.23239186374
nc73562810,NC,MDC,2.0,EHZ,-1,102.0,,308.5,,29.55561149028
nc73562810,NC,MMT,,EHZ,1,97.0,,242.2,,40.05241256132
nc73562810,NP,1587,10.0,HNZ,1,94.0,,84.6,,48.12516423248
nc73562810,BK,OVRO,0.0,HHZ,1,93.0,,128.4,,56.08672097704
nc73562810,CI,TIN,,HHZ,-1,90.0,,138.1,,73.03282779088
nc73562810,NN,LHV,,HHZ,1,89.0,,17.0,,82.09521430878
nc73562810,BK,MMI,0.0,HHZ,-1,89.0,,261.0,,86.43181644618
nc73562810,NC,MMI,,EHZ,1,89.0,,261.0,,86.43181644618
nc73562810,BK,TOLH,0.0,HHZ,1,89.0,,221.8,,88.38884715434001
nc73562810,BK,HELL,0.0,HHZ,-1,88.0,,192.7,,98.3519125777
nc73562810,NN,SJC,,EHZ,-1,87.0,,327.3,,106.53585917546
nc73562810,NC,MHD,,EHZ,1,87.0,,244.6,,109.67155610558
nc73562810,GS,MCA04,0.0,HHZ,1,87.0,,57.5,,111.3061215266
nc73562810,NC,MPR,,EHZ,1,87.0,,285.3,,112.6404606458
nc73562810,BK,BUCR,0.0,HHZ,1,86.0,,277.2,,121.8696395536
nc73562810,BK,KARE,0.0,HHZ,-1,86.0,,211.6,,123.3151735994
nc73562810,BK,LEGD,0.0,HHZ,1,85.0,,253.5,,126.762216324
nc73562810,NC,MGS,1.0,EHZ,1,85.0,,233.3,,126.762216324
nc73562810,BK,LIND,0.0,HHZ,1,85.0,,190.6,,134.545861186
nc73562810,CI,CWC,,HHZ,-1,85.0,,153.0,,137.5481242042
nc73562810,BK,MERC,0.0,HHZ,1,84.0,,263.9,,149.6683712036
nc73562810,CI,SPG2,,HHZ,-1,84.0,,179.5,,149.1123965706
nc73562810,BK,CMB,0.0,HHZ,1,84.0,,291.6,,151.6698798824
nc73562810,CI,WOR,,HHZ,-1,50.0,,166.7,,210.714385907
nc73562815,NC,MCV,,EHZ,1,111.0,,34.0,,7.60017323311
nc73562815,NC,MLC,,EHZ,-1,105.0,,339.1,,9.364836718252
nc73562815,NC,MCO,,EHZ,1,104.0,,7.6,,9.592786317782
nc73562815,NC,MGPB,,EHZ,-1,101.0,,347.7,,10.539055143148
nc73562815,CI,MLAC,,HHZ,1,99.0,,18.7,,11.35300200586
nc73562815,NC,MMX1,,HN3,1,97.0,,322.1,,11.80890120492
nc73562815,NC,MCB,,HHZ,1,92.0,,352.1,,12.44271228654
nc73562815,NC,MEM,,EHZ,-1,93.0,,339.6,,15.7340821139
nc73562815,NC,MMP,,EHZ,-1,93.0,,302.5,,15.83415754784
nc73562815,NC,MDPB,,HHZ,-1,84.0,,301.8,,20.94912417144
nc73562815,NC,MINS,,HHZ,1,84.0,,309.7,,21.0158411274
nc73562815,NC,MDC,2.0,EHZ,-1,82.0,,323.6,,24.373927910720003
nc73562820,NC,MLC,,EHZ,1,118.0,,333.9,,8.94563184497
nc73562820,NC,MGPB,,EHZ,1,114.0,,343.4,,9.991976104276
nc73562820,CI,MLAC,,HHZ,1,112.0,,16.8,,10.481233781316
nc73562820,NC,MDR,2.0,EHZ,-1,110.0,,15.6,,11.30852403522
nc73562820,NC,MMX1,,HN3,1,108.0,,317.6,,11.65322830768
nc73562820,NC,MCB,,HHZ,1,108.0,,348.7,,11.8422596829
nc73562820,NC,MCS,,EHZ,1,103.0,,346.4,,13.14324032412
nc73562820,NC,MQ1P,,EHZ,1,101.0,,301.4,,15.58952870932
nc73562820,NC,MMP,,EHZ,1,100.0,,299.2,,15.98983044508
nc73562820,NC,MLH,,EHZ,-1,100.0,,17.6,,16.156622834980002
nc73562820,NC,MINS,,HHZ,1,94.0,,307.1,,21.03808011272
nc73562820,NC,MDPB,,HHZ,1,94.0,,299.2,,21.10479706868
nc73562820,NC,MDC,2.0,EHZ,1,90.0,,321.4,,24.17377704284
nc73562820,NC,MMT,,EHZ,1,91.0,,236.4,,32.84698131764
nc73562820,NC,MCV,,EHZ,-1,127.0,,33.2,,6.665023900404
nc73562920,NC,MCV,,EHZ,-1,113.0,,22.3,,8.486396798112
nc73562920,NC,MCO,,EHZ,-1,105.0,,1.2,,11.065007145966
nc73562920,NC,MLC,,EHZ,1,105.0,,337.0,,11.19732910862
nc73562920,NC,MGPB,,EHZ,1,98.0,,344.6,,12.29815888196
nc73562920,NC,MDR,2.0,EHZ,-1,98.0,,11.2,,13.43234713328
nc73562920,NC,MCB,,HHZ,-1,98.0,,348.8,,14.15511415618
nc73562920,NC,MMP,,EHZ,1,96.0,,305.0,,17.55767891014
nc73563030,NC,MGPB,,EHZ,1,152.0,,23.2,,2.747626636286
nc73563030,NC,MMX1,,HN3,1,139.0,,291.3,,4.224295261534
nc73563030,NC,MCS,,EHZ,1,129.0,,8.2,,5.7810242339340006
nc73563030,NC,MEM,,EHZ,-1,120.0,,342.7,,7.292163286428
nc73563030,NC,MCV,,EHZ,-1,118.0,,101.0,,7.742502739158
nc73563030,NC,MMLB,,HHZ,-1,116.0,,317.8,,8.374089922246
nc73563030,NC,MDH,,HNZ,-1,115.0,,3.8,,8.50085213857
nc73563030,NC,MDH1,1.0,DP1,-1,115.0,,3.8,,8.50085213857
nc73563030,NC,MQ1P,,EHZ,1,112.0,,276.4,,9.431553674212
nc73563030,NC,MMP,,EHZ,-1,110.0,,274.1,,10.050909415374
nc73563030,NC,MINS,,HHZ,1,99.0,,293.6,,14.03279973692
nc73563030,NC,MDPB,,HHZ,-1,99.0,,282.6,,14.8445227011
nc73563030,NC,MDC,2.0,EHZ,-1,98.0,,316.7,,16.25669826892
nc73563030,NC,MMT,,EHZ,1,80.0,,222.8,,34.40371029004
nc73563030,BK,MMI,0.0,HHZ,-1,79.0,,254.6,,76.0573297944
nc73563030,NC,MHD,,EHZ,1,78.0,,238.3,,102.22149602338
nc73563030,CI,MLAC,,HHZ,1,119.0,,66.8,,7.595725436046
nc73563030,NC,MCB,,HHZ,1,135.0,,19.5,,4.8369793071
nc73563030,NC,MCO,,EHZ,1,134.0,,69.2,,4.927047197646
nc73563030,NC,MDR,2.0,EHZ,1,117.0,,61.1,,7.986019628411999
nc73563030,NC,MLC,,EHZ,1,169.0,,359.4,,0.9742899468692
nc73563030,NC,MLM,,EHZ,-1,99.0,,348.6,,14.1217556782
nc73563235,NP,1576,10.0,HNZ,1,120.0,,65.5,,7.137602338454
nc73563235,NC,MGPB,,EHZ,-1,105.0,,323.9,,11.43083845448
nc73563235,NC,MCB,,HHZ,-1,98.0,,331.2,,12.86525300762
nc73563235,NC,MCS,,EHZ,-1,98.0,,330.7,,14.26630908278
nc73563235,NC,MMX1,,HN3,-1,98.0,,305.1,,14.37750400938
nc73563235,NC,MDH,,HNZ,-1,97.0,,334.5,,16.83491188724
nc73563235,NC,MEM,,EHZ,-1,97.0,,323.9,,16.93498732118
nc73563235,NC,MQ1P,,EHZ,1,95.0,,294.4,,18.89201802934
nc73563235,NC,MMP,,EHZ,1,95.0,,292.6,,19.3479172284
nc73563235,NC,MLI,,HHZ,1,95.0,,301.8,,19.87053338342
nc73563235,NC,MDY,,HHZ,-1,85.0,,308.1,,20.7934512742
nc73563235,NC,MCY,,EHZ,1,85.0,,301.9,,21.0714385907
nc73563235,NC,MINS,,HHZ,-1,85.0,,300.9,,24.09594059422
nc73563235,NC,MDPB,,HHZ,-1,84.0,,294.1,,24.45176435934
nc73563235,NC,MDC,2.0,EHZ,-1,83.0,,314.4,,26.54222897942
nc73563235,NC,MRC,,EHZ,1,80.0,,62.6,,31.712793066320003
nc73563235,NC,MMT,,EHZ,1,78.0,,239.3,,36.33850201288
nc73563235,BK,MMI,0.0,HHZ,1,77.0,,260.7,,82.30648466932
nc73563235,NC,MMI,,EHZ,1,77.0,,260.7,,82.30648466932
nc73563235,NC,MHD,,EHZ,1,77.0,,243.7,,105.8575701232
nc73563235,NC,MPR,,EHZ,1,77.0,,285.9,,108.73751872214
nc73563235,CI,MLAC,,HHZ,-1,109.0,,355.0,,9.716212686308
nc73563235,NC,MCO,,EHZ,-1,112.0,,339.1,,9.03458778625
nc73563235,NC,MCV,,EHZ,-1,131.0,,357.3,,5.2261615502000005
nc73563235,NC,MDR,2.0,EHZ,-1,107.0,,355.5,,10.57463751966
nc73563235,NC,MLC,,EHZ,-1,106.0,,314.5,,10.981610951016
nc73563235,NC,MMLB,,HHZ,-1,96.0,,313.9,,18.65850868348
nc73563435,NC,MCV,,EHZ,1,95.0,,11.7,,12.36487583792
nc73563435,NC,MCO,,EHZ,-1,95.0,,358.3,,15.32266088548
nc73563435,NC,MLC,,EHZ,1,95.0,,340.8,,15.422736319419998
nc73563435,NC,MGPB,,EHZ,-1,95.0,,346.1,,16.59028304872
nc73563435,CI,MLAC,,HHZ,1,95.0,,6.5,,16.66811949734
nc73563435,NC,MDR,2.0,EHZ,1,95.0,,6.3,,17.52432043216
nc73563435,NC,MMX1,,HN3,-1,95.0,,329.3,,17.60215688078
nc73563435,NC,MCB,,HHZ,1,94.0,,349.3,,18.46947730826
nc73563435,NC,MLH,,EHZ,-1,85.0,,9.7,,22.25010481266
nc73563435,NC,MDPB,,HHZ,-1,82.0,,310.8,,25.7972229712
nc73563435,NC,MINS,,HHZ,-1,82.0,,317.1,,26.27536115558
nc73563435,NC,MTU,2.0,EHZ,1,79.0,,118.6,,29.677925909540004
nc73563435,NC,MMT,,EHZ,1,78.0,,247.8,,30.78987517554
nc73563450,NP,1576,10.0,HNZ,1,114.0,,67.3,,7.534568226416
nc73563450,NC,MMX1,,HN3,-1,95.0,,306.0,,13.96608278096
nc73563450,NC,MCS,,EHZ,-1,95.0,,332.2,,13.99944125894
nc73563450,NC,MDH,,HNZ,1,95.0,,335.8,,16.59028304872
nc73563450,NC,MEM,,EHZ,-1,95.0,,325.0,,16.6236415267
nc73563450,NC,MQ1P,,EHZ,1,95.0,,294.8,,18.44723832294
nc73563450,NC,MMP,,EHZ,1,94.0,,293.0,,18.903137522
nc73563450,NC,MDY,,HHZ,1,85.0,,308.7,,20.4042690311
nc73563450,NC,MDPB,,HHZ,1,84.0,,294.4,,24.00698465294
nc73563450,NC,MDC,2.0,EHZ,-1,82.0,,315.0,,26.17528572164
nc73563450,NC,MMT,,EHZ,1,76.0,,238.9,,35.9715587551
nc73563450,CI,MLAC,,HHZ,-1,107.0,,357.6,,9.630592592826002
nc73563450,NC,MCB,,HHZ,-1,96.0,,332.9,,12.59838518378
nc73563450,NC,MCO,,EHZ,-1,109.0,,341.7,,8.82887717204
nc73563450,NC,MCV,,EHZ,-1,127.0,,2.3,,5.168340188368
nc73563450,NC,MDR,2.0,EHZ,-1,104.0,,357.9,,10.492353273976
nc73563450,NC,MGPB,,EHZ,1,102.0,,325.6,,11.13061215266
nc73563450,NC,MLC,,EHZ,-1,104.0,,316.0,,10.620227439566
nc73563450,NC,MMLB,,HHZ,-1,95.0,,314.7,,18.2915654257
nc73563455,NP,1576,10.0,HNZ,-1,136.0,,28.3,,5.54306709101
nc73563455,NC,MLC,,EHZ,-1,103.0,,309.5,,15.14474900292
nc73563455,NC,MGPB,,EHZ,1,103.0,,316.5,,15.400497334100002
nc73563455,NC,MMX1,,HN3,1,100.0,,303.1,,18.64738919082
nc73563455,NC,MDH,,HNZ,1,97.0,,327.1,,20.41538852376
nc73563455,NC,MEM,,EHZ,-1,96.0,,318.5,,20.86016823016
nc73563455,NC,MMLB,,HHZ,-1,93.0,,310.7,,22.80607944566
nc73563455,NC,MQ1P,,EHZ,1,92.0,,294.8,,23.19526168876
nc73563455,NC,MMP,,EHZ,1,92.0,,293.4,,23.65116088782
nc73563455,NC,MINS,,HHZ,1,90.0,,300.2,,28.39918425364
nc73563455,NC,MRC,,EHZ,1,90.0,,55.8,,29.36658011506
nc73563455,NC,MCD,,EHZ,1,90.0,,85.1,,30.10046663062
nc73563455,NC,MDC,2.0,EHZ,-1,90.0,,311.9,,30.67868024894
nc73563455,NC,MMT,,EHZ,1,91.0,,244.7,,38.85150735404
nc73563455,BK,TOLH,0.0,HHZ,1,86.0,,222.5,,86.64308680672
nc73563455,NC,MHD,,EHZ,1,85.0,,245.5,,108.5262483616
nc73563455,NC,MPR,,EHZ,1,84.0,,286.3,,112.9740454256
nc73563455,BK,BUCR,0.0,HHZ,-1,84.0,,278.2,,121.8696395536
nc73563455,BK,MMI,0.0,HHZ,1,86.0,,262.4,,85.8424833352
nc73563455,CI,MLAC,,HHZ,-1,105.0,,338.0,,12.52054873516
nc73563455,NC,MCB,,HHZ,-1,102.0,,322.7,,16.59028304872
nc73563455,NC,MCO,,EHZ,-1,105.0,,325.7,,12.55390721314
nc73563455,NC,MCS,,EHZ,-1,100.0,,323.0,,18.00245861654
nc73563455,NC,MCV,,EHZ,-1,122.0,,330.2,,8.238432111794001
nc73563455,NC,MDPB,,HHZ,1,90.0,,294.5,,28.75500801876
nc73563455,NC,MDR,2.0,EHZ,-1,105.0,,339.4,,13.32115220668
nc73563455,NC,MLH,,EHZ,-1,101.0,,350.5,,17.21297463768
nc73563455,NC,MMI,,EHZ,1,86.0,,262.4,,85.8424833352
nc73563630,NP,1576,10.0,HNZ,-1,66.0,,57.5,,10.499024969572
nc73563630,NC,MCO,,EHZ,1,66.0,,355.6,,11.13061215266
nc73563630,NC,MLC,,EHZ,-1,66.0,,332.1,,11.69770627832
nc73563630,CI,MLAC,,HHZ,1,67.0,,7.0,,12.43159279388
nc73563630,NC,MGPB,,EHZ,-1,67.0,,339.8,,12.6762216324
nc73563630,NC,MMX1,,HN3,-1,66.0,,319.3,,14.3997429947
nc73563630,NC,MCB,,HHZ,1,66.0,,344.6,,14.44422096534
nc73563630,NC,MCS,,EHZ,-1,66.0,,343.0,,15.77856008454
nc73563630,NC,MEM,,EHZ,-1,65.0,,335.0,,18.02469760186
nc73563630,NC,MLH,,EHZ,1,65.0,,10.7,,18.02469760186
nc73563630,NC,MQ1P,,EHZ,-1,65.0,,305.2,,18.13589252846
nc73563630,NC,MMP,,EHZ,-1,65.0,,303.2,,18.49171629358
nc73563630,NC,MCY,,EHZ,-1,65.0,,311.7,,20.76009279622
nc73563630,NC,MDPB,,HHZ,-1,64.0,,302.4,,23.60668291718
nc73563630,NC,MINS,,HHZ,-1,64.0,,309.4,,23.673399873140003
nc73563630,NC,MDC,2.0,EHZ,-1,63.0,,322.0,,26.94253071518
nc73563630,NC,MMT,,EHZ,1,61.0,,241.2,,32.95817624424
nc73563630,BK,MMI,0.0,HHZ,1,57.0,,262.3,,79.5599699823
nc73563630,NC,MMI,,EHZ,1,57.0,,262.3,,79.5599699823
nc73563630,BK,TOLH,0.0,HHZ,1,57.0,,219.6,,81.98401938218
nc73563630,NC,MHD,,EHZ,1,57.0,,244.4,,102.56620029584
nc73563630,NC,MCV,,EHZ,1,67.0,,15.0,,8.166155409504
nc73563630,NC,MMLB,,HHZ,-1,65.0,,324.6,,19.11440788254
nc73563655,NC,MCB,,HHZ,1,161.0,,74.5,,2.044874700174
nc73563655,NC,MGPB,,EHZ,-1,161.0,,136.1,,2.0704495332920003
nc73563655,NC,MCS,,EHZ,1,161.0,,34.6,,2.076009279622
nc73563655,NC,MLC,,EHZ,-1,153.0,,173.6,,3.060084380032
nc73563655,NC,MEM,,EHZ,1,150.0,,328.4,,3.4626100143240004
nc73563655,NC,MCO,,EHZ,1,136.0,,114.7,,5.45967089606
nc73563655,NC,MCV,,EHZ,-1,117.0,,124.7,,9.663951070806
nc73563870,NP,1576,10.0,HNZ,1,136.0,,18.6,,6.042332311444
nc73563870,NC,MCV,,EHZ,-1,121.0,,329.1,,9.331478240272
nc73563870,CI,MLAC,,HNZ,-1,108.0,,336.6,,13.58802003052
nc73563870,NC,MCO,,EHZ,-1,108.0,,325.3,,13.65473698648
nc73563870,NC,MDR,2.0,EHZ,-1,107.0,,338.0,,14.366384516720002
nc73563870,NC,MGPB,,EHZ,1,105.0,,316.8,,16.50132710744
nc73563870,NC,MCB,,HHZ,-1,104.0,,322.6,,17.70223231472
nc73563870,NC,MLH,,EHZ,-1,103.0,,348.8,,18.16925100644
nc73563870,NC,MCS,,EHZ,-1,102.0,,322.8,,19.103288389880003
nc73563870,NC,MMX1,,EP1,1,101.0,,304.1,,19.71486048618
nc73563870,NC,MEM,,EHZ,-1,98.0,,318.6,,21.97211749616
nc73563870,NC,MMLB,,HHZ,-1,96.0,,311.1,,23.89578972634
nc73563870,NC,MQ1P,,EHZ,-1,96.0,,295.9,,24.19601602816
nc73563870,NC,MMP,,EHZ,-1,96.0,,294.6,,24.65191522722
nc73563870,NC,MLI,,HHZ,-1,96.0,,301.7,,25.207889860220003
nc73563870,NC,MDY,,HHZ,-1,95.0,,306.7,,26.10856876568
nc73563870,NC,MTU,2.0,EHZ,-1,95.0,,134.4,,26.17528572164
nc73563870,NC,MCY,,EHZ,-1,95.0,,301.9,,26.4087950675
nc73563870,NC,MRC,,EHZ,1,93.0,,53.6,,29.27762417378
nc73563870,NC,MINS,,HHZ,-1,93.0,,301.0,,29.43329707102
nc73563870,NC,MCD,,EHZ,1,93.0,,83.4,,29.47777504166
nc73563870,NC,MDPB,,HHZ,-1,93.0,,295.4,,29.75576235816
nc73563870,NC,MDC,2.0,EHZ,-1,93.0,,312.2,,31.768390529620003
nc73563870,NC,MFB,,EHZ,1,93.0,,107.8,,32.1353337874
nc73563870,NC,MMT,,EHZ,1,91.0,,246.3,,39.151733655860006
nc73563870,NP,1589,10.0,HNZ,1,90.0,,113.8,,43.17698999878
nc73563870,NP,1587,10.0,HNZ,1,89.0,,81.1,,48.08068626184
nc73563870,BK,OVRO,0.0,HHZ,-1,89.0,,126.2,,53.9851368643
nc73563870,CI,TIN,,HHZ,-1,88.0,,136.8,,70.58653940568
nc73563870,NN,LHV,,HHZ,-1,87.0,,16.1,,84.79725102516
nc73563870,BK,MMI,0.0,HHZ,1,86.0,,263.0,,86.43181644618
nc73563870,NC,MMI,,EHZ,1,86.0,,263.0,,86.43181644618
nc73563870,BK,TOLH,0.0,HHZ,1,86.0,,223.3,,86.49853340214001
nc73563870,BK,HELL,0.0,HHZ,1,86.0,,193.4,,95.58315890536
nc73563870,NC,MHD,,EHZ,1,85.0,,246.1,,108.82647466342
nc73563870,NN,SJC,,EHZ,1,85.0,,327.9,,109.23789589184
nc73563870,GS,MCA04,0.0,HHZ,1,85.0,,56.1,,112.5292657192
nc73563870,NC,MPR,,EHZ,1,85.0,,286.6,,113.8636048384
nc73563870,BK,LEGD,0.0,HHZ,1,84.0,,254.9,,126.3174366176
nc73563870,BK,LIND,0.0,HHZ,1,84.0,,191.0,,131.6547930944
nc73563870,CI,CWC,,HHZ,-1,84.0,,152.6,,134.6570561126
nc73563870,BK,WINE,0.0,BHZ,1,83.0,,227.2,,137.881708984
nc73563870,CI,CGO,,HHZ,-1,83.0,,141.0,,137.881708984
nc73563870,CI,SPG2,,HHZ,-1,83.0,,179.7,,146.221328479
nc73563870,BK,MERC,0.0,HHZ,1,83.0,,265.0,,149.7795661302
nc73563870,BK,CMB,0.0,HHZ,-1,83.0,,292.6,,153.1154139282
nc73563870,CI,POR,,HHZ,-1,82.0,,187.4,,158.3415754784
nc73563870,CI,WMF,,HHZ,-1,81.0,,152.0,,175.7991789546
nc73563870,CI,WCS2,,HHZ,1,81.0,,151.3,,188.5865955136
nc73563870,CI,WNM,,EHZ,-1,80.0,,157.2,,201.4852069992
nc73563870,NC,BMS,,EHZ,1,81.0,,242.6,,203.04193597160003
nc73563870,CI,ISA,,HHZ,-1,67.0,,172.5,,207.6009279622
nc73563870,CI,WOR,,HHZ,-1,67.0,,166.6,,207.8233178154
nc73563870,NC,HBC,1.0,EHZ,-1,58.0,,255.8,,211.27036054
nc73563870,NC,PJC,1.0,EHZ,-1,56.0,,222.4,,212.6046996592
nc73563870,NC,PCE,1.0,EHZ,-1,53.0,,219.5,,214.9397931178
nc73563870,NC,PCA,,EHZ,1,49.0,,218.8,,224.7249466586
nc73563870,BK,MTOS,0.0,HHZ,1,49.0,,270.4,,225.725700998
nc73563870,NC,BBGB,,HHZ,-1,49.0,,243.2,,226.837650264
nc73563870,BP,SCYB,40.0,DP1,-1,49.0,,223.6,,229.7287183556
nc73563870,BP,JCSB,40.0,DP1,-1,49.0,,220.3,,231.0630574748
nc73563870,NC,PBO,1.0,EHZ,1,49.0,,208.6,,230.9518625482
nc73563870,NC,HMP,1.0,EHZ,-1,49.0,,261.6,,232.0638118142
nc73563870,BP,MMNB,40.0,DP1,1,49.0,,222.0,,231.6190321078
nc73563870,BP,FROB,40.0,DP1,1,49.0,,221.0,,234.9548799058
nc73563870,NC,PBC,1.0,EHZ,1,49.0,,236.2,,235.3996596122
nc73563870,NC,PHP,,EHZ,-1,49.0,,224.2,,236.4004139516
nc73563870,NC,CMM,,EHZ,-1,49.0,,269.2,,240.62582116240003
nc73563870,NC,HGS,3.0,EHZ,-1,49.0,,259.6,,241.7377704284
nc73563870,NC,HMS,1.0,EHZ,-1,49.0,,262.9,,244.9624232998
nc73563870,NC,CAO,1.0,EHZ,-1,49.0,,266.4,,244.9624232998
nc73563870,NC,PWK,,EHZ,-1,49.0,,219.8,,244.62883852
nc73563870,NC,PBP,,EHZ,1,49.0,,208.8,,244.7400334466
nc73563870,NC,PPO,,EHZ,-1,49.0,,222.4,,246.296762419
nc73563870,BK,SCZ,0.0,HHZ,-1,49.0,,247.1,,255.0811616204
nc73563870,NC,HFP,,EHZ,-1,49.0,,251.4,,255.8595261066
nc73563870,NC,BJC,2.0,EHZ,-1,49.0,,245.9,,256.7490855194
nc73563870,NC,PCC,,EHZ,-1,49.0,,234.0,,265.6446796474
nc73563870,BK,BUCR,0.0,HHZ,1,84.0,,278.5,,122.6480040398
nc73563870,CI,SRT,,HHZ,-1,49.0,,155.4,,222.3898532
nc73563870,NC,CDG,1.0,EHZ,1,49.0,,267.0,,222.5010481266
nc73563870,NC,MGS,1.0,EHZ,1,84.0,,234.5,,125.3166822782
nc73563870,NC,MLC,,EHZ,-1,105.0,,310.2,,16.2344592836
nc73563880,NC,MGPB,,EHZ,1,107.0,,317.0,,16.61252203404
nc73563880,NC,MCB,,HHZ,-1,105.0,,322.7,,17.813427241320003
nc73563880,NC,MCS,,EHZ,-1,104.0,,322.9,,19.214483316480003
nc73563880,NC,MMX1,,HN3,-1,103.0,,304.3,,19.803816427460003
nc73563880,NC,MEM,,EHZ,-1,100.0,,318.7,,22.08331242276
nc73563880,NC,MQ1P,,EHZ,-1,98.0,,296.1,,24.28497196944
nc73563880,NC,MTU,2.0,EHZ,-1,97.0,,134.3,,26.06409079504
nc73563880,NC,MDY,,HHZ,1,97.0,,306.9,,26.20864419962
nc73563880,NC,MRC,,EHZ,1,95.0,,53.4,,29.31098265176
nc73563880,NC,MCD,,EHZ,1,95.0,,83.1,,29.44441656368
nc73563880,NC,MINS,,HHZ,-1,95.0,,301.1,,29.533372504960003
nc73563880,NC,MDPB,,HHZ,-1,94.0,,295.6,,29.844718299440004
nc73563880,NC,MDC,2.0,EHZ,-1,94.0,,312.3,,31.879585456220003
nc73563880,NC,MMT,,EHZ,1,92.0,,246.5,,39.1406141632
nc73563880,BK,MMI,0.0,HHZ,1,87.0,,263.1,,86.46517492416
nc73563880,BK,TOLH,0.0,HHZ,-1,87.0,,223.3,,86.4540554315
nc73563880,CI,MLAC,,HHZ,-1,109.0,,336.6,,13.69921495712
nc73563880,NC,MCO,,EHZ,-1,109.0,,325.4,,13.77705140574
nc73563880,NC,MCV,,EHZ,-1,122.0,,329.2,,9.449344862468
nc73563880,NC,MDR,2.0,EHZ,-1,109.0,,338.0,,14.48869893598
nc73563880,NC,MLC,,EHZ,-1,107.0,,310.4,,16.334534717540002
nc73563880,NC,MLH,,EHZ,-1,105.0,,348.7,,18.2915654257
nc73563880,NC,MMLB,,HHZ,-1,98.0,,311.3,,24.00698465294
nc73563895,NP,1576,10.0,HNZ,1,136.0,,18.5,,5.923353739982
nc73563895,NC,MCV,,EHZ,-1,121.0,,328.5,,9.259201537982
nc73563895,CI,MLAC,,HHZ,-1,108.0,,336.2,,13.49906408924
nc73563895,NC,MCO,,EHZ,-1,108.0,,324.9,,13.58802003052
nc73563895,NC,MDR,2.0,EHZ,-1,107.0,,337.7,,14.2885480681
nc73563895,NC,MLC,,EHZ,-1,105.0,,309.8,,16.18998131296
nc73563895,NC,MGPB,,EHZ,-1,105.0,,316.4,,16.445729644140002
nc73563895,NC,MCB,,HHZ,-1,104.0,,322.3,,17.63551535876
nc73563895,NC,MLH,,EHZ,-1,103.0,,348.6,,18.0691755725
nc73563895,NC,MCS,,EHZ,-1,102.0,,322.5,,19.03657143392
nc73563895,NC,MMX1,,EP1,1,102.0,,303.8,,19.6815020082
nc73563895,NC,MEM,,EHZ,-1,98.0,,318.3,,21.91652003286
nc73563895,NC,MMLB,,HHZ,-1,97.0,,310.9,,23.862431248360004
nc73563895,NC,MQ1P,,EHZ,-1,96.0,,295.7,,24.19601602816
nc73563895,NC,MMP,,EHZ,-1,96.0,,294.3,,24.64079573456
nc73563895,NC,MLI,,HHZ,-1,96.0,,301.4,,25.1856508749
nc73563895,NC,MDY,,HHZ,-1,95.0,,306.5,,26.0752102877
nc73563895,NC,MTU,2.0,EHZ,1,95.0,,134.7,,26.21976369228
nc73563895,NC,MCY,,EHZ,-1,95.0,,301.6,,26.39767557484
nc73563895,NC,MRC,,EHZ,1,93.0,,53.7,,29.17754873984
nc73563895,NC,MCD,,EHZ,-1,93.0,,83.6,,29.42217757836
nc73563895,NC,MINS,,HHZ,-1,93.0,,300.8,,29.42217757836
nc73563895,NC,MDPB,,HHZ,-1,93.0,,295.2,,29.7446428655
nc73563895,NC,MDC,2.0,EHZ,-1,93.0,,312.0,,31.73503205164
nc73563895,NC,MFB,,EHZ,1,93.0,,108.0,,32.12421429474
nc73563895,NC,MMT,,EHZ,1,91.0,,246.2,,39.22957010448
nc73563895,NP,1587,10.0,HNZ,1,90.0,,81.2,,48.01396930588
nc73563895,BK,OVRO,0.0,HHZ,-1,89.0,,126.3,,54.00737584962
nc73563895,CI,TIN,,HHZ,-1,88.0,,136.9,,70.63101737632
nc73563895,NN,LHV,,HHZ,-1,87.0,,16.1,,84.6749366059
nc73563895,BK,MMI,0.0,HHZ,1,86.0,,262.9,,86.48741390948001
nc73563895,NC,MMI,,EHZ,1,86.0,,262.9,,86.48741390948001
nc73563895,BK,TOLH,0.0,HHZ,1,86.0,,223.2,,86.60972832874
nc73563895,BK,HELL,0.0,HHZ,-1,86.0,,193.4,,95.69435383196
nc73563895,NC,MHD,,EHZ,1,85.0,,246.1,,108.9154306047
nc73563895,NN,SJC,,EHZ,-1,85.0,,327.9,,109.17117893588
nc73563895,GS,MCA04,0.0,HHZ,1,85.0,,56.2,,112.4180707926
nc73563895,NC,MPR,,EHZ,1,85.0,,286.6,,113.8636048384
nc73563895,BK,BUCR,0.0,HHZ,1,84.0,,278.5,,122.6480040398
nc73563895,NC,MGS,1.0,EHZ,1,84.0,,234.4,,125.42787720479998
nc73563895,BK,LEGD,0.0,HHZ,1,84.0,,254.8,,126.4286315442
nc73563895,BK,LIND,0.0,HHZ,-1,84.0,,191.0,,131.8771829476
nc73563895,CI,CWC,,HHZ,-1,84.0,,152.6,,134.7682510392
nc73563895,CI,CGO,,HHZ,-1,83.0,,141.0,,137.881708984
nc73563895,BK,MERC,0.0,HHZ,1,83.0,,265.0,,149.7795661302
nc73563895,LB,TPH,1.0,HHZ,1,83.0,,65.1,,150.0019559834
nc73563895,BK,CMB,0.0,HHZ,-1,83.0,,292.5,,153.1154139282
nc73563895,CI,WMF,,HHZ,-1,81.0,,152.0,,175.7991789546
nc73563895,BK,EAGL,0.0,HHZ,-1,49.0,,334.6,,384.0672764764
nc73563895,BK,MTOS,0.0,HHZ,-1,49.0,,270.4,,225.8368959246
nc73563895,BK,WELL,0.0,HHZ,1,80.0,,301.5,,199.4836983204
nc73563895,BP,VCAB,40.0,DP1,-1,49.0,,222.0,,236.9563885846
nc73563895,CI,ISA,,HHZ,-1,67.0,,172.5,,207.7121228888
nc73563895,CI,POR,,HHZ,1,82.0,,187.5,,158.452770405
nc73563895,CI,WAS2,,HHZ,1,80.0,,174.4,,198.5941389076
nc73563895,CI,WNM,,EHZ,-1,80.0,,157.2,,201.5964019258
nc73563895,CI,WOR,,HHZ,-1,67.0,,166.7,,207.8233178154
nc73563895,NC,BJF,1.0,EHZ,-1,49.0,,240.5,,270.9820361242
nc73563895,NC,BMS,,EHZ,1,81.0,,242.6,,203.04193597160003
nc73563895,NC,BTV,1.0,EHZ,-1,49.0,,240.4,,235.0660748324
nc73563895,NC,CDG,1.0,EHZ,1,49.0,,266.9,,222.5010481266
nc73563895,NC,HSL,2.0,EHZ,1,56.0,,255.5,,212.4935047326
nc73563895,NC,PCE,1.0,EHZ,1,53.0,,219.5,,215.0509880444
nc73563900,NC,MLC,,EHZ,-1,100.0,,313.5,,14.71108878918
nc73563900,NC,MCB,,HHZ,-1,99.0,,326.6,,16.41237116616
nc73563900,NC,MCS,,EHZ,-1,98.0,,326.6,,17.813427241320003
nc73563900,NC,MMX1,,HN3,-1,97.0,,306.2,,18.09141455782
nc73563900,NC,MDPB,,HHZ,1,94.0,,296.3,,28.05447998118
nc73563900,NC,MDC,2.0,EHZ,1,84.0,,313.9,,30.26725902052
nc73563900,NC,MCO,,EHZ,-1,101.0,,330.9,,12.44271228654
nc73563900,NC,MCV,,EHZ,-1,118.0,,338.1,,8.243991858124
nc73563900,NC,MDR,2.0,EHZ,-1,101.0,,344.2,,13.47682510392
nc73563900,NC,MGPB,,EHZ,1,100.0,,320.6,,15.10027103228
nc73563900,NC,MMLB,,HHZ,-1,90.0,,313.3,,22.383538724580003
nc73563905,NC,MCS,,EHZ,-1,96.0,,323.6,,19.53694860362
nc73563905,NC,MMX1,,HN3,-1,95.0,,305.2,,20.03732577332
nc73563905,NC,MEM,,EHZ,-1,91.0,,319.3,,22.383538724580003
nc73563905,NC,MMP,,EHZ,1,93.0,,295.6,,24.9076635584
nc73563905,NC,MTU,2.0,EHZ,-1,93.0,,133.7,,25.78610347854
nc73563905,NC,MRC,,EHZ,1,84.0,,52.8,,29.533372504960003
nc73563905,NC,MINS,,HHZ,-1,84.0,,301.8,,29.7446428655
nc73563905,NC,MDPB,,HHZ,1,83.0,,296.2,,30.022630182000004
nc73563905,NC,MDC,2.0,EHZ,1,82.0,,312.8,,32.14645328006
nc73563905,CI,MLAC,,HHZ,1,100.0,,337.2,,14.0661582149
nc73563905,NC,MCO,,EHZ,-1,100.0,,326.3,,14.09951669288
nc73563905,NC,MCV,,EHZ,-1,112.0,,330.3,,9.791825236396
nc73563905,NC,MDR,2.0,EHZ,-1,100.0,,338.5,,14.85564219376
nc73563905,NC,MGPB,,EHZ,-1,98.0,,317.8,,16.9016288432
nc73563905,NC,MLC,,EHZ,-1,98.0,,311.4,,16.60140254138
nc73563905,NC,MMLB,,HHZ,-1,92.0,,311.9,,24.27385247678
nc73563935,NP,1576,10.0,HNZ,1,135.0,,17.5,,6.102377571808
nc73563935,NC,MMX1,,HN3,-1,101.0,,304.2,,19.83717490544
nc73563935,NC,MDH,,HNZ,-1,99.0,,326.7,,21.63853271636
nc73563935,NC,MDH1,1.0,DP1,1,99.0,,326.7,,21.63853271636
nc73563935,NC,MQ1P,,EHZ,-1,96.0,,296.0,,24.318330447420003
nc73563935,NC,MMP,,EHZ,1,96.0,,294.7,,24.76311015382
nc73563935,NC,MDC,2.0,EHZ,-1,93.0,,312.3,,31.90182444154
nc73563935,NC,MFB,,EHZ,1,93.0,,107.7,,32.0241388608
nc73563935,NC,MMT,,EHZ,1,91.0,,246.5,,39.1962116265
nc73563935,NC,MPR,,EHZ,1,85.0,,286.7,,113.974799765
nc73563935,BK,BUCR,0.0,HHZ,1,84.0,,278.6,,122.7591989664
nc73563935,BK,HELL,0.0,HHZ,1,86.0,,193.4,,95.50532245674
nc73563935,BK,MMI,0.0,HHZ,1,87.0,,263.1,,86.5096528948
nc73563935,BK,TOLH,0.0,HHZ,1,87.0,,223.3,,86.49853340214001
nc73563935,CI,MLAC,,HHZ,-1,108.0,,336.4,,13.69921495712
nc73563935,NC,MCB,,HHZ,-1,104.0,,322.5,,17.82454673398
nc73563935,NC,MCD,,EHZ,1,93.0,,83.2,,29.39993859304
nc73563935,NC,MCO,,EHZ,-1,108.0,,325.2,,13.7881708984
nc73563935,NC,MCS,,EHZ,-1,102.0,,322.8,,19.22560280914
nc73563935,NC,MCV,,EHZ,-1,120.0,,328.9,,9.456016558064
nc73563935,NC,MDPB,,HHZ,-1,93.0,,295.5,,29.87807677742
nc73563935,NC,MDR,2.0,EHZ,-1,107.0,,337.8,,14.48869893598
nc73563935,NC,MDY,,HHZ,-1,95.0,,306.8,,26.23088318494
nc73563935,NC,MEM,,EHZ,-1,98.0,,318.6,,22.09443191542
nc73563935,NC,MGPB,,EHZ,-1,105.0,,316.8,,16.6236415267
nc73563935,NC,MINS,,HHZ,-1,93.0,,301.1,,29.55561149028
nc73563935,NC,MLC,,EHZ,-1,105.0,,310.3,,16.35677370286
nc73563935,NC,MLH,,EHZ,-1,103.0,,348.6,,18.28044593304
nc73563935,NC,MMI,,EHZ,1,87.0,,263.1,,86.5096528948
nc73563935,NC,MMLB,,HHZ,-1,97.0,,311.2,,24.02922363826
nc73563935,NC,MRC,,EHZ,1,93.0,,53.4,,29.26650468112
nc73563935,NC,MTU,2.0,EHZ,-1,96.0,,134.4,,26.04185180972
nc73563970,NP,1576,10.0,HNZ,1,119.0,,90.4,,6.733964754896
nc73563970,NC,MGPB,,EHZ,-1,110.0,,313.8,,9.019020496526
nc73563970,NC,MCB,,HHZ,-1,106.0,,324.2,,10.20213451555
nc73563970,NC,MMX1,,HN3,1,97.0,,294.5,,12.6762216324
nc73563970,NC,MDH,,HNZ,1,96.0,,330.1,,14.07727770756
nc73563970,NC,MMLB,,HHZ,-1,96.0,,306.9,,16.53468558542
nc73563970,NC,MQ1P,,EHZ,-1,95.0,,285.7,,17.63551535876
nc73563970,NC,MINS,,HHZ,1,86.0,,294.6,,22.49473365118
nc73563970,NC,MDC,2.0,EHZ,-1,84.0,,309.7,,24.36280841806
nc73563970,NC,MRC,,EHZ,1,79.0,,67.8,,30.66756075628
nc73563970,NC,MTU,2.0,EHZ,1,78.0,,135.7,,33.64758478916
nc73563970,NC,MCD,,EHZ,1,77.0,,94.0,,34.17020094418
nc73563970,BK,MMI,0.0,HHZ,1,76.0,,258.6,,82.60671097114
nc73563970,NC,MMI,,EHZ,1,76.0,,258.6,,82.60671097114
nc73563970,NC,MPR,,EHZ,1,75.0,,284.4,,107.72564489008
nc73563970,BK,BUCR,0.0,HHZ,-1,75.0,,276.0,,117.1994526364
nc73563970,BK,TOLH,0.0,HHZ,1,76.0,,218.4,,87.72167759474
nc73563970,NC,MCO,,EHZ,-1,123.0,,331.2,,6.21023665061
nc73563970,NC,MCS,,EHZ,-1,102.0,,324.4,,11.608750337040002
nc73563970,NC,MCV,,EHZ,1,154.0,,359.8,,2.2227865827340003
nc73563970,NC,MCY,,EHZ,-1,95.0,,294.8,,19.43687316968
nc73563970,NC,MDPB,,HHZ,1,85.0,,287.5,,23.16190321078
nc73563970,NC,MDR,2.0,EHZ,1,116.0,,355.4,,7.567926704395999
nc73563970,NC,MDY,,HHZ,-1,95.0,,301.3,,18.89201802934
nc73563970,NC,MEM,,EHZ,-1,96.0,,317.6,,14.46645995066
nc73563970,NC,MHD,,EHZ,1,75.0,,242.2,,107.00287786718
nc73563970,NC,MLC,,EHZ,1,110.0,,301.7,,8.94007209864
nc73563970,NC,MLH,,EHZ,1,97.0,,5.8,,12.10912750674
nc73563970,NC,MMP,,EHZ,1,95.0,,284.1,,18.1803704991
nc73563970,NC,MMT,,EHZ,1,76.0,,235.2,,37.76179707336
nc73564030,NC,MCV,,EHZ,-1,123.0,,328.7,,9.431553674212
nc73564030,CI,MLAC,,HHZ,-1,111.0,,336.3,,13.6769759718
nc73564030,NC,MCO,,EHZ,-1,111.0,,325.1,,13.76593191308
nc73564030,NC,MDR,2.0,EHZ,-1,110.0,,337.7,,14.46645995066
nc73564030,NC,MLC,,EHZ,-1,108.0,,310.1,,16.3456542102
nc73564030,NC,MGPB,,EHZ,-1,108.0,,316.7,,16.61252203404
nc73564030,NC,MCB,,HHZ,-1,107.0,,322.4,,17.80230774866
nc73564030,NC,MLH,,EHZ,-1,106.0,,348.5,,18.24708745506
nc73564030,NC,MCS,,EHZ,-1,105.0,,322.7,,19.214483316480003
nc73564030,NC,MMX1,,EP1,1,104.0,,304.1,,19.82605541278
nc73564030,NC,MDH,,HNZ,-1,102.0,,326.6,,21.61629373104
nc73564030,NC,MEM,,EHZ,-1,101.0,,318.5,,22.08331242276
nc73564030,NC,MMLB,,HHZ,-1,99.0,,311.1,,24.0181041456
nc73564030,NC,MQ1P,,EHZ,-1,99.0,,296.0,,24.318330447420003
nc73564030,NC,MMP,,EHZ,-1,99.0,,294.6,,24.76311015382
nc73564030,NC,MLI,,HHZ,-1,98.0,,301.7,,25.33020427948
nc73564030,NC,MTU,2.0,EHZ,-1,98.0,,134.5,,26.05297130238
nc73564030,NC,MDY,,HHZ,-1,98.0,,306.7,,26.21976369228
nc73564030,NC,MCY,,EHZ,-1,98.0,,301.8,,26.53110948676
nc73564030,NC,MRC,,EHZ,1,96.0,,53.4,,29.23314620314
nc73564030,NC,MCD,,EHZ,1,96.0,,83.2,,29.37769960772
nc73564030,NC,MINS,,HHZ,-1,95.0,,301.0,,29.55561149028
nc73564030,NC,MDPB,,HHZ,-1,95.0,,295.4,,29.87807677742
nc73564030,NC,MDC,2.0,EHZ,-1,95.0,,312.2,,31.89070494888
nc73564030,NC,MFB,,EHZ,1,95.0,,107.8,,32.01301936814
nc73564030,NP,1679,10.0,HNZ,1,93.0,,88.0,,35.9159612918
nc73564030,NC,MMT,,EHZ,1,92.0,,246.4,,39.21845061182
nc73564030,NP,1589,10.0,HNZ,1,91.0,,113.8,,43.05467557952
nc73564030,NP,1587,10.0,HNZ,-1,91.0,,81.0,,47.9806108279
nc73564030,BK,OVRO,0.0,HHZ,-1,90.0,,126.2,,53.86282244504
nc73564030,NN,LHV,,HHZ,-1,87.0,,16.0,,84.81949001048001
nc73564030,BK,MMI,0.0,HHZ,1,87.0,,263.1,,86.53189188012
nc73564030,NC,MMI,,EHZ,1,87.0,,263.1,,86.53189188012
nc73564030,BK,TOLH,0.0,HHZ,1,87.0,,223.3,,86.53189188012
nc73564030,BK,HELL,0.0,HHZ,-1,86.0,,193.4,,95.54980042738
nc73564030,NC,MHD,,EHZ,1,86.0,,246.2,,108.90431111204
nc73564030,GS,MCA04,0.0,HHZ,1,85.0,,56.1,,112.5292657192
nc73564030,NC,MPR,,EHZ,1,85.0,,286.7,,113.974799765
nc73564030,BK,KARE,0.0,HHZ,-1,84.0,,212.6,,120.9800801408
nc73564030,BK,BUCR,0.0,HHZ,1,84.0,,278.6,,122.7591989664
nc73564030,BK,LEGD,0.0,HHZ,1,84.0,,254.9,,126.4286315442
nc73564030,BK,LIND,0.0,HHZ,1,84.0,,191.1,,131.6547930944
nc73564030,BK,WINE,0.0,HHZ,1,83.0,,227.2,,137.881708984
nc73564030,BK,MERC,0.0,HHZ,1,83.0,,265.0,,149.89076105680002
nc73564040,NC,MCV,,EHZ,-1,114.0,,344.4,,8.398552806098
nc73564040,NC,MCO,,EHZ,1,98.0,,335.2,,12.46495127186
nc73564040,CI,MLAC,,HHZ,-1,98.0,,347.2,,12.87637250028
nc73564040,NC,MLC,,EHZ,-1,98.0,,317.0,,14.44422096534
nc73564040,NC,MGPB,,EHZ,-1,97.0,,324.2,,14.94459813504
nc73564040,NC,MCB,,HHZ,1,97.0,,329.9,,16.35677370286
nc73564040,NC,MMX1,,HN3,-1,96.0,,309.0,,17.71335180738
nc73564040,NC,MCS,,EHZ,1,96.0,,329.6,,17.75782977802
nc73564040,NC,MEM,,EHZ,1,85.0,,324.1,,20.448747001740003
nc73564040,NC,MQ1P,,EHZ,1,86.0,,299.0,,21.98323698882
nc73564040,NC,MINS,,HHZ,-1,82.0,,303.9,,27.33171295828
nc73564040,NC,MDPB,,HHZ,-1,82.0,,297.8,,27.5207443335
nc73564040,NC,MDC,2.0,EHZ,-1,80.0,,315.6,,30.00039119668
nc73564040,NC,MMT,,EHZ,1,78.0,,244.8,,36.78328171928
nc73564040,NC,MDR,2.0,EHZ,-1,98.0,,348.0,,13.71033444978
nc73564305,NP,1576,10.0,HNZ,1,108.0,,31.6,,14.91123965706
nc73564305,NC,MCV,,EHZ,1,108.0,,4.2,,14.98907610568
nc73564305,NC,MCO,,EHZ,1,105.0,,354.1,,18.26932644038
nc73564305,NC,MDR,2.0,EHZ,-1,102.0,,1.4,,20.28195461184
nc73564305,NC,MMX1,,HN3,-1,101.0,,329.9,,20.78233178154
nc73564305,NC,MCB,,HHZ,-1,100.0,,347.0,,21.54957677508
nc73564305,NC,MCS,,EHZ,-1,99.0,,345.7,,22.86167690896
nc73564305,NC,MQ1P,,EHZ,-1,98.0,,317.9,,23.6289219025
nc73564305,NC,MDH,,HNZ,-1,97.0,,346.6,,25.60819159598
nc73564305,NC,MTU,2.0,EHZ,1,96.0,,114.7,,27.12044259774
nc73564305,NC,MMT,,EHZ,1,94.0,,253.7,,31.20129640396
nc73564305,NC,MDC,2.0,EHZ,-1,93.0,,328.1,,33.32511950202
nc73564305,NC,MFB,,EHZ,1,92.0,,94.4,,36.62760882204
nc73564305,NC,MCD,,EHZ,1,92.0,,73.5,,36.683206285340006
nc73564305,NC,MRC,,EHZ,1,92.0,,50.4,,38.21769627242
nc73564305,BK,TOLH,0.0,HHZ,1,87.0,,223.6,,77.3916689136
nc73564305,BK,MMI,0.0,HHZ,1,87.0,,267.4,,79.96027171806
nc73564305,NC,MMI,,EHZ,1,87.0,,267.4,,79.96027171806
nc73564305,NC,MHD,,EHZ,-1,86.0,,248.3,,100.6870060363
nc73564305,NC,MPR,,EHZ,-1,85.0,,291.0,,110.5277570404
nc73564305,CI,CWC,,HHZ,1,84.0,,148.8,,131.5435981678
nc73564305,NC,BJOB,,EHZ,1,49.0,,247.6,,239.1802871166
nc73564305,NC,MDPB,,HHZ,-1,95.0,,313.2,,28.76612751142
nc73564305,NC,MGPB,,EHZ,-1,103.0,,344.1,,19.71486048618
nc73564305,NC,MINS,,HHZ,-1,95.0,,318.8,,29.34434112974
nc73564305,NC,MLC,,EHZ,-1,104.0,,339.6,,18.58067223486
nc73564305,NC,MMLB,,HHZ,-1,97.0,,331.9,,25.67490855194
nc73564305,NC,MMP,,EHZ,-1,98.0,,316.2,,23.81795327772
nc73564310,NC,MCB,,HHZ,-1,126.0,,303.5,,9.092409148082
nc73564310,NC,MLC,,EHZ,-1,125.0,,278.8,,9.332590189538
nc73564310,NC,MQ1P,,EHZ,1,107.0,,274.7,,18.64738919082
nc73564310,NC,MMP,,EHZ,1,106.0,,273.5,,19.27008077978
nc73564310,NC,MCV,,EHZ,-1,165.0,,237.3,,1.915888585318
nc73564310,NC,MDR,2.0,EHZ,-1,146.0,,332.8,,4.823635915908
nc73564310,NC,MGPB,,EHZ,-1,128.0,,290.2,,8.653189188012
nc73564510,NC,MCV,,EHZ,-1,102.0,,322.5,,10.664705410206
nc73564510,NC,MCO,,EHZ,-1,94.0,,320.9,,15.04467356898
nc73564510,NC,MLC,,EHZ,1,94.0,,307.8,,17.8467857193
nc73564510,NC,MMX1,,HN3,1,84.0,,302.5,,21.38278438518
nc73564510,NC,MMT,,EHZ,1,74.0,,247.9,,40.552789731020006
nc73564595,NC,MQ1P,,EHZ,-1,150.0,,294.5,,2.131606742922
nc73564595,NC,MMP,,EHZ,-1,144.0,,281.8,,2.649775100878
nc73564595,NC,MMX1,,HN3,1,132.0,,68.6,,3.751716823484
nc73564595,NC,MLC,,EHZ,1,109.0,,83.7,,7.465627371924
nc73564595,NC,MDPB,,HHZ,1,108.0,,293.4,,7.693576971454
nc73564595,NC,MGPB,,EHZ,-1,104.0,,74.4,,8.836660816902
nc73564635,NC,MCO,,EHZ,-1,44.0,,353.4,,11.92009613152
nc73564635,NC,MLC,,EHZ,-1,44.0,,331.7,,12.59838518378
nc73564635,NC,MMX1,,HN3,-1,44.0,,319.7,,15.30042190016
nc73564635,NC,MEM,,EHZ,-1,44.0,,334.5,,18.91425701466
nc73564635,NC,MDPB,,HHZ,1,43.0,,303.2,,24.44064486668
nc73564635,NC,MDC,2.0,EHZ,-1,43.0,,322.1,,27.843209620640003
nc73564635,NC,MMT,,EHZ,1,42.0,,242.8,,33.06937117084
nc73564635,NC,MCV,,EHZ,-1,44.0,,10.5,,8.77327970874
nc73564635,NC,MDR,2.0,EHZ,-1,44.0,,4.1,,13.97720227362
nc73564675,NC,MCV,,EHZ,-1,108.0,,329.3,,10.020886785192
nc73564675,NC,MDR,2.0,EHZ,-1,97.0,,337.7,,15.05579306164
nc73564675,NC,MLC,,EHZ,-1,96.0,,311.1,,16.87938985788
nc73564675,NC,MGPB,,EHZ,1,96.0,,317.4,,17.168496667040003
nc73564675,NC,MCS,,EHZ,-1,95.0,,323.2,,19.78157744214
nc73564675,NC,MMX1,,HN3,-1,85.0,,305.0,,20.32643258248
nc73564675,NC,MEM,,EHZ,-1,86.0,,319.0,,22.63928705576
nc73564675,NC,MQ1P,,EHZ,-1,84.0,,296.9,,24.76311015382
nc73564675,NC,MTU,2.0,EHZ,-1,83.0,,133.9,,25.50811616204
nc73564675,NC,MRC,,EHZ,1,81.0,,52.3,,29.38881910038
nc73564675,NC,MMT,,EHZ,1,78.0,,247.3,,39.20733111916
nc73564675,CI,MLAC,,HHZ,-1,98.0,,336.4,,14.277428575439998
nc73564675,NC,MCO,,EHZ,-1,98.0,,325.6,,14.3441455314
nc73564745,CI,MLAC,,HHZ,-1,110.0,,335.9,,13.63249800116
nc73564745,NC,MLC,,EHZ,-1,107.0,,309.8,,16.35677370286
nc73564745,NC,MGPB,,EHZ,-1,107.0,,316.3,,16.61252203404
nc73564745,NC,MCB,,HHZ,-1,106.0,,322.1,,17.791188256
nc73564745,NC,MLH,,EHZ,-1,105.0,,348.2,,18.19148999176
nc73564745,NC,MMX1,,HN3,-1,103.0,,303.8,,19.8482943981
nc73564745,NC,MQ1P,,EHZ,-1,98.0,,295.7,,24.3516889254
nc73564745,NC,MTU,2.0,EHZ,-1,97.0,,134.7,,26.05297130238
nc73564745,NC,MRC,,EHZ,1,95.0,,53.4,,29.133070769200003
nc73564745,NC,MCD,,EHZ,1,95.0,,83.4,,29.299863159100003
nc73564745,NC,MDPB,,HHZ,1,95.0,,295.2,,29.911435255400004
nc73564745,NC,MDC,2.0,EHZ,-1,94.0,,312.0,,31.89070494888
nc73564745,NC,MMT,,EHZ,1,92.0,,246.4,,39.31852604576
nc73564745,BK,MMI,0.0,HHZ,1,87.0,,263.0,,86.60972832874
nc73564745,NC,MMI,,EHZ,1,87.0,,263.0,,86.60972832874
nc73564745,BK,TOLH,0.0,HHZ,1,87.0,,223.3,,86.64308680672
nc73564745,NC,MHD,,EHZ,1,85.0,,246.1,,108.99326705332
nc73564745,NC,MCO,,EHZ,-1,110.0,,324.7,,13.74369292776
nc73564745,NC,MCS,,EHZ,-1,104.0,,322.4,,19.19224433116
nc73564745,NC,MCV,,EHZ,-1,122.0,,328.1,,9.408202739626
nc73564745,NC,MDR,2.0,EHZ,-1,109.0,,337.3,,14.421981980020002
nc73564745,NC,MEM,,EHZ,-1,100.0,,318.2,,22.0721929301
nc73564821,NC,MCV,,EHZ,-1,57.0,,0.9,,21.48285981912
nc73564821,NC,MLC,,EHZ,-1,57.0,,343.2,,25.018858485000003
nc73564821,NC,MMX1,,HN3,1,56.0,,335.5,,26.93141122252
nc73564821,NC,MCB,,HHZ,1,56.0,,348.5,,28.08783845916
nc73564821,NC,MQ1P,,EHZ,1,56.0,,325.4,,29.22202671048
nc73564821,NC,MCS,,EHZ,1,56.0,,347.4,,29.38881910038
nc73564821,NC,MMT,,EHZ,1,55.0,,265.9,,30.77875568288
nc73564821,NC,MEM,,EHZ,1,55.0,,342.6,,31.368088793860004
nc73564821,NC,MDH,,HNZ,1,55.0,,348.0,,32.14645328006
nc73564821,NC,MDPB,,HHZ,1,54.0,,320.4,,34.04788652492
nc73564821,NC,MINS,,HHZ,1,54.0,,325.0,,34.94856543038
nc73564821,NC,MBS1,,EP1,-1,52.0,,346.4,,41.6425000117
nc73564821,BK,TOLH,0.0,HHZ,1,51.0,,227.5,,73.35529307802
nc73564821,BK,MMI,0.0,HHZ,1,51.0,,272.1,,80.68303874096
nc73564821,NC,MMI,,EHZ,1,51.0,,272.1,,80.68303874096
nc73564821,NC,MHD,,EHZ,1,51.0,,252.0,,99.1858745272
nc73564821,NC,MPR,,EHZ,1,51.0,,293.9,,113.7524099118
nc73564821,BK,LEGD,0.0,HHZ,1,51.0,,260.5,,118.422596829
nc73564821,BK,BUCR,0.0,HHZ,1,51.0,,285.2,,120.3129105812
nc73564821,CI,MLAC,,HHZ,-1,56.0,,359.4,,25.94177637578
nc73564821,NC,MCO,,EHZ,-1,57.0,,353.9,,24.84094660244
nc73564821,NC,MDR,2.0,EHZ,-1,56.0,,359.5,,26.7979773106
nc73564821,NC,MGPB,,EHZ,1,56.0,,346.4,,26.21976369228
nc73565001,NC,MCV,,EHZ,1,135.0,,24.0,,6.206900802812
nc73565001,NC,MCO,,EHZ,1,122.0,,357.1,,8.891146330936001
nc73565001,NC,MLC,,EHZ,1,120.0,,328.1,,9.571659281728
nc73565001,CI,MLAC,,HHZ,1,117.0,,10.7,,10.303321898756002
nc73565001,NC,MGPB,,EHZ,-1,117.0,,337.7,,10.453435049666
nc73565001,NC,MDR,2.0,EHZ,1,115.0,,10.0,,11.15285113798
nc73565001,NC,MLH,,EHZ,1,105.0,,13.7,,15.94535247444
nc73565001,NC,MDPB,,HHZ,-1,98.0,,298.0,,22.13890988606
nc73565001,NC,MBS1,,EP1,-1,95.0,,342.8,,25.80834246386
nc73565001,NC,MMT,,EHZ,1,92.0,,237.6,,33.73654073044
nc73565016,NC,MCO,,EHZ,-1,100.0,,309.1,,33.66982377448
nc73565016,NC,MLC,,EHZ,-1,98.0,,303.6,,36.96119360184
nc73565016,NC,MDPB,,HHZ,-1,94.0,,296.7,,50.67152805162
nc73565016,NP,1679,10.0,HNZ,1,111.0,,57.8,,20.76009279622
nc73565016,NC,MCV,,EHZ,-1,103.0,,307.8,,29.33322163708
nc73565016,CI,MLAC,,HHZ,1,101.0,,313.4,,32.6913084204
nc73565016,NC,MDR,2.0,EHZ,-1,100.0,,314.5,,33.28064153138
nc73565016,NC,MLH,,EHZ,-1,99.0,,321.8,,35.38222564412
nc73565016,NC,MEM,,EHZ,1,97.0,,308.8,,42.23183312268
nc73565016,NC,MMT,,EHZ,1,93.0,,264.0,,54.618947945920006
nc73565016,BK,HELL,0.0,HHZ,-1,88.0,,206.1,,92.46970096056
nc73565016,BK,TOLH,0.0,HHZ,1,88.0,,235.8,,94.17098333754
nc73565016,NC,MHD,,EHZ,-1,86.0,,254.0,,122.870393893
nc73565016,BK,LIND,0.0,HHZ,1,86.0,,200.2,,127.0958011038
nc73565016,NC,MPR,,EHZ,-1,85.0,,288.6,,134.43466625940002
nc73565101,NP,1576,10.0,HNZ,-1,127.0,,16.7,,6.557164821602
nc73565101,NC,MCB,,HHZ,-1,98.0,,323.5,,18.16925100644
nc73565101,NC,MMX1,,HN3,-1,95.0,,305.3,,20.05956475864
nc73565101,NC,MQ1P,,EHZ,1,91.0,,297.1,,24.48512283732
nc73565101,NC,MRC,,EHZ,1,94.0,,52.7,,29.5778504756
nc73565101,NC,MBS1,,EP1,-1,85.0,,331.5,,31.368088793860004
nc73565101,NC,MDC,2.0,EHZ,-1,84.0,,312.9,,32.17981175804
nc73565101,NC,MMT,,EHZ,1,83.0,,247.1,,38.9738217733
nc73565101,BK,TOLH,0.0,HHZ,-1,82.0,,223.5,,86.13159014435999
nc73565101,NC,MMI,,EHZ,1,82.0,,263.4,,86.40957746086
nc73565101,NC,MHD,,EHZ,-1,81.0,,246.4,,108.64856278086
nc73565101,CI,MLAC,,HHZ,-1,101.0,,337.3,,14.110636185540002
nc73565101,NC,MCO,,EHZ,-1,101.0,,326.4,,14.14399466352
nc73565101,NC,MCS,,EHZ,-1,96.0,,323.7,,19.5703070816
nc73565101,NC,MCV,,EHZ,-1,113.0,,330.5,,9.832967359238
nc73565101,NC,MDR,2.0,EHZ,-1,100.0,,338.6,,14.9001201644
nc73565101,NC,MDY,,HHZ,-1,92.0,,307.6,,26.47551202346
nc73565101,NC,MEM,,EHZ,-1,90.0,,319.4,,22.41689720256
nc73565101,NC,MGPB,,EHZ,-1,99.0,,318.0,,16.93498732118
nc73565101,NC,MLC,,EHZ,-1,99.0,,311.6,,16.6236415267
nc73565180,NC,MCB,,HHZ,-1,162.0,,312.4,,1.331003271402
nc73565180,NC,MDH,,HNZ,1,123.0,,337.1,,5.235057144328
nc73565180,NC,MDH1,1.0,DP1,1,123.0,,337.1,,5.235057144328
nc73565180,NC,MEM,,EHZ,-1,120.0,,304.8,,5.803263219254
nc73565180,NC,MMX1,,HN3,-1,114.0,,251.9,,6.879630108742
nc73565180,NC,MCV,,EHZ,-1,112.0,,135.9,,7.166513019369999
nc73565180,NC,MLH,,EHZ,1,110.0,,53.0,,7.803659948788001
nc73565180,NC,MMLB,,HHZ,-1,107.0,,287.1,,8.622054608564
nc73565180,NC,MMP,,EHZ,1,92.0,,256.8,,12.96532844156
nc73565180,NC,MDPB,,HHZ,1,94.0,,268.5,,17.10177971108
nc73565180,NC,MCO,,EHZ,-1,145.0,,133.9,,2.779873165
nc73565180,NC,MCS,,EHZ,-1,146.0,,319.4,,2.716492056838
nc73565180,NC,MDR,2.0,EHZ,1,130.0,,87.6,,4.398871296296
nc73565186,NC,MCV,,EHZ,-1,138.0,,358.2,,8.202849735282001
nc73565186,NC,MCO,,EHZ,-1,126.0,,344.2,,11.86449866822
nc73565186,NC,MLC,,EHZ,-1,121.0,,323.7,,13.24331575806
nc73565186,NC,MMT,,EHZ,1,99.0,,243.6,,34.93744593772
nc73565230,NC,MCY,,EHZ,-1,160.0,,56.5,,1.465549132588
nc73565230,NC,MINS,,HHZ,-1,147.0,,321.9,,2.5574833118
nc73565230,NC,MMP,,EHZ,1,141.0,,156.4,,3.145704473514
nc73565230,NC,MDPB,,HHZ,1,140.0,,263.3,,3.231324566996
nc73565230,NC,MDY,,HHZ,-1,135.0,,47.5,,3.684999867524001
nc73565230,NC,MDC,2.0,EHZ,-1,108.0,,0.7,,8.217305075739999
nc73565286,NC,MCV,,EHZ,-1,130.0,,7.9,,5.140541456718
nc73565286,CI,MLAC,,HHZ,-1,109.0,,0.6,,9.549420296408
nc73565286,NC,MCB,,HHZ,1,98.0,,334.8,,12.309278374620002
nc73565286,NC,MMX1,,HN3,-1,98.0,,306.9,,13.52130307456
nc73565286,NC,MCS,,EHZ,1,98.0,,333.9,,13.69921495712
nc73565286,NC,MLH,,EHZ,1,97.0,,7.4,,15.04467356898
nc73565286,NC,MEM,,EHZ,-1,96.0,,326.3,,16.27893725424
nc73565286,NC,MDPB,,HHZ,1,85.0,,294.7,,23.5177269759
nc73565286,NC,MCO,,EHZ,-1,113.0,,344.7,,8.612047065170001
nc73565286,NC,MDR,2.0,EHZ,-1,107.0,,0.6,,10.411180977558
nc73565286,NC,MLC,,EHZ,-1,107.0,,317.7,,10.223261551604
nc73565410,NC,MCV,,EHZ,1,132.0,,25.6,,3.268018892774
nc73565410,NC,MCO,,EHZ,1,108.0,,345.8,,6.357013953722
nc73565410,CI,MLAC,,HHZ,1,104.0,,6.2,,7.446724234402001
nc73565410,NC,MLC,,EHZ,1,101.0,,311.2,,8.213969227942
nc73565410,NC,MDR,2.0,EHZ,-1,100.0,,5.6,,8.30626101702
nc73565410,NC,MMX1,,HN3,1,93.0,,300.6,,11.74218424896
nc73565410,NC,MMP,,EHZ,1,85.0,,287.7,,17.00170427714
nc73565410,NC,MDPB,,HHZ,1,82.0,,290.4,,22.04995394478
nc73565410,NC,MMT,,EHZ,1,72.0,,234.9,,36.17170962298
nc73565471,NC,MCV,,EHZ,-1,136.0,,9.2,,3.882926836872
nc73565471,NC,MCO,,EHZ,-1,114.0,,341.5,,7.434492792476
nc73565471,CI,MLAC,,HHZ,-1,110.0,,0.1,,8.290693727296
nc73565471,NC,MDR,2.0,EHZ,-1,108.0,,0.2,,9.153566357712
nc73565471,NC,MLC,,EHZ,-1,107.0,,312.1,,9.398195196232
nc73565471,NC,MMP,,EHZ,-1,94.0,,289.6,,18.03581709452
nc73565475,NP,1576,10.0,HNZ,1,114.0,,23.7,,6.8651747682840005
nc73565475,NC,MLH,,EHZ,-1,85.0,,351.6,,18.58067223486
nc73565475,NC,MMX1,,HN3,-1,85.0,,306.9,,19.3479172284
nc73565475,NC,MDH,,HNZ,-1,84.0,,329.4,,21.53845728242
nc73565475,NC,MQ1P,,EHZ,-1,83.0,,298.0,,23.70675835112
nc73565475,NC,MCY,,EHZ,-1,81.0,,303.9,,26.00849333174
nc73565475,NC,MINS,,HHZ,-1,79.0,,302.8,,29.010756349940003
nc73565475,NC,MBS1,,EP1,1,78.0,,332.9,,30.95666756544
nc73565475,BK,OVRO,0.0,BHZ,1,73.0,,125.2,,54.34096062942
nc73565475,BK,TOLH,0.0,HHZ,1,73.0,,223.1,,85.52001804806
nc73565475,BK,HELL,0.0,HHZ,1,73.0,,192.9,,94.8492723898
nc73565475,NC,MHD,,EHZ,1,73.0,,246.2,,107.83683981668
nc73565475,NN,SJC,,EHZ,-1,73.0,,328.5,,109.27125436982
nc73565475,NC,MPR,,EHZ,1,73.0,,287.0,,113.3076302054
nc73565475,GS,MCA04,0.0,HHZ,1,73.0,,56.1,,113.5300200586
nc73565475,BK,KARE,0.0,HHZ,1,72.0,,212.3,,120.09052072800002
nc73565475,BK,BUCR,0.0,HHZ,1,72.0,,278.8,,121.8696395536
nc73565475,BK,LIND,0.0,HHZ,1,72.0,,190.7,,130.9876235348
nc73565475,CI,CWC,,HHZ,1,72.0,,152.1,,134.545861186
nc73565475,BK,WINE,0.0,HHZ,1,72.0,,227.1,,136.88095464460002
nc73565475,BK,LEGD,0.0,HHZ,1,72.0,,255.0,,125.42787720479998
nc73565475,BK,MMI,0.0,HHZ,1,73.0,,263.3,,85.53113754072
nc73565475,CI,ISA,,HHZ,-1,70.0,,172.2,,207.1561482558
nc73565475,CI,MLAC,,HHZ,-1,93.0,,340.7,,13.7881708984
nc73565475,CI,SPG2,,HHZ,1,72.0,,179.4,,145.66535384600002
nc73565475,NC,BMS,,EHZ,1,71.0,,242.7,,202.0411816322
nc73565475,NC,MCB,,HHZ,-1,85.0,,325.8,,17.65775434408
nc73565475,NC,MCO,,EHZ,-1,93.0,,329.5,,13.66585647914
nc73565475,NC,MCS,,EHZ,-1,85.0,,325.9,,19.05881041924
nc73565475,NC,MCV,,EHZ,-1,105.0,,335.2,,9.427105877148
nc73565475,NC,MDC,2.0,EHZ,-1,77.0,,314.0,,31.534881183760003
nc73565475,NC,MDPB,,HHZ,-1,79.0,,297.1,,29.244265695800003
nc73565475,NC,MDR,2.0,EHZ,-1,93.0,,341.9,,14.59989386258
nc73565475,NC,MDY,,HHZ,-1,81.0,,308.8,,25.78610347854
nc73565475,NC,MEM,,EHZ,-1,84.0,,321.2,,21.8498030769
nc73565475,NC,MLC,,EHZ,-1,94.0,,313.7,,15.97871095242
nc73565475,NC,MMI,,EHZ,1,73.0,,263.3,,85.53113754072
nc73565475,NC,MMLB,,HHZ,-1,83.0,,313.5,,23.65116088782
nc73565475,NC,MMP,,EHZ,-1,82.0,,296.6,,24.1292990722
nc73565475,NC,MMT,,EHZ,1,74.0,,246.6,,38.16209880912
nc73565475,NC,MRC,,EHZ,1,78.0,,53.7,,30.28949800584
nc73565475,NC,MTU,2.0,EHZ,-1,81.0,,132.3,,26.39767557484
nc73565685,NC,MDR,2.0,EHZ,1,149.0,,242.0,,2.699812817848
nc73565685,CI,MLAC,,HHZ,1,144.0,,228.4,,3.206861683144
nc73565685,NC,MLH,,EHZ,1,144.0,,350.6,,3.288033979562
nc73565685,NC,MCO,,EHZ,1,124.0,,234.7,,5.845517291362
nc73565685,NC,MCV,,EHZ,1,118.0,,195.2,,6.82180874691
nc73565685,NC,MCB,,HHZ,-1,114.0,,266.0,,7.786980709798
nc73565685,NC,MLC,,EHZ,1,106.0,,246.2,,10.265515623712
nc73565685,NC,MBS1,,EP1,1,95.0,,316.2,,17.235213623
nc73565685,NC,MMP,,EHZ,1,85.0,,257.2,,19.9038918614
nc73565710,NC,MCV,,EHZ,-1,95.0,,8.2,,12.43159279388
nc73565710,NC,MCO,,EHZ,-1,95.0,,355.6,,15.567289724000002
nc73565710,NC,MLC,,EHZ,-1,95.0,,338.5,,15.86751602582
nc73565710,CI,MLAC,,HHZ,1,95.0,,4.0,,16.801553409260002
nc73565710,NC,MDR,2.0,EHZ,-1,95.0,,3.8,,17.66887383674
nc73565710,NC,MMX1,,HN3,-1,95.0,,327.6,,18.15813151378
nc73565710,NC,MMP,,EHZ,-1,85.0,,312.6,,21.48285981912
nc73565710,NC,MDPB,,HHZ,-1,81.0,,310.1,,26.497751008780003
nc73565710,NC,MTU,2.0,EHZ,1,80.0,,118.9,,28.93291990132
nc73565710,NC,MMT,,EHZ,1,78.0,,248.6,,31.40144727184
nc73565710,NC,MBS1,,EP1,-1,77.0,,345.1,,32.39108211858
nc73565716,NC,MLC,,EHZ,-1,98.0,,323.9,,11.53091388842
nc73565716,NC,MDR,2.0,EHZ,-1,92.0,,0.9,,12.1758444627
nc73565716,NC,MMX1,,HN3,-1,93.0,,312.7,,14.57765487726
nc73565716,NC,MDPB,,HHZ,1,82.0,,298.6,,24.22937450614
nc73565716,NC,MBS1,,EP1,1,80.0,,340.1,,27.48738585552
nc73565716,NC,MCB,,HHZ,1,93.0,,338.2,,13.88824633234
nc73565716,NC,MCO,,EHZ,-1,102.0,,347.8,,10.298874101692
nc73565716,NC,MCV,,EHZ,-1,114.0,,6.6,,6.895197398466
nc73565716,NC,MGPB,,EHZ,1,92.0,,332.3,,12.26480040398
nc73565776,NC,MLC,,EHZ,-1,100.0,,320.3,,4.4022071440940005
nc73565776,NC,MCO,,EHZ,1,100.0,,23.4,,4.516737918492001
nc73565776,NC,MCV,,EHZ,1,100.0,,79.0,,4.879233379208
nc73565776,NC,MGPB,,EHZ,1,78.0,,340.8,,5.223937651668
nc73565776,NC,MCB,,HHZ,1,70.0,,350.3,,7.064213686898
nc73565776,NC,MDR,2.0,EHZ,-1,70.0,,33.7,,7.523448733756
nc73565815,NC,MTU,2.0,EHZ,-1,157.0,,212.2,,3.96409913329
nc73565815,NC,MFB,,EHZ,1,128.0,,62.3,,11.028312820188
nc73565815,NP,1589,10.0,HNZ,-1,114.0,,97.7,,18.83642056604
nc73565815,NC,MCD,,EHZ,1,112.0,,24.8,,20.15964019258
nc73565815,NC,MCV,,EHZ,-1,99.0,,312.0,,34.40371029004
nc73565815,CI,MLAC,,HHZ,-1,98.0,,316.5,,37.93970895592
nc73565815,NC,MDR,2.0,EHZ,-1,97.0,,317.4,,38.55128105222
nc73565815,NC,MCO,,EHZ,-1,97.0,,312.6,,38.773670905420005
nc73565815,NC,MLH,,EHZ,-1,97.0,,323.6,,40.83077704752
nc73565815,NC,MLC,,EHZ,-1,96.0,,307.6,,41.83153138692
nc73565815,NC,MGPB,,EHZ,1,96.0,,310.2,,41.94272631352
nc73565815,NC,MCB,,HHZ,-1,96.0,,312.7,,42.88788318962
nc73565815,NC,MCS,,EHZ,-1,96.0,,313.2,,44.24446129414
nc73565815,NC,MMP,,EHZ,-1,94.0,,300.4,,50.04883646266
nc73565815,NC,MDY,,HHZ,-1,94.0,,306.4,,51.73899934698
nc73565815,NC,MDPB,,HHZ,-1,93.0,,300.3,,55.17492257892
nc73565815,NC,MMT,,EHZ,-1,93.0,,269.4,,56.72053205866
nc73565815,BK,HELL,0.0,HHZ,1,89.0,,208.9,,89.1227336699
nc73565815,BK,TOLH,0.0,HHZ,1,88.0,,239.2,,93.49269428528
nc73565815,BK,MMI,0.0,HHZ,1,87.0,,272.5,,106.73601004334
nc73565815,NC,MMI,,EHZ,1,87.0,,272.5,,106.73601004334
nc73565815,NC,MHD,,EHZ,1,86.0,,256.5,,123.87114823240002
nc73565815,NC,MPR,,EHZ,1,85.0,,290.3,,138.437683617
nc73565855,NC,MCV,,EHZ,-1,66.0,,16.1,,11.038320363582
nc73565855,NC,MLC,,EHZ,1,66.0,,340.9,,13.82152937638
nc73565855,NC,MCO,,EHZ,-1,66.0,,0.3,,13.82152937638
nc73565855,NC,MGPB,,EHZ,1,66.0,,346.8,,15.011315091000002
nc73565855,NC,MMX1,,HN3,-1,65.0,,328.2,,16.034308415719998
nc73565855,NC,MCB,,HHZ,1,65.0,,350.1,,16.89050935054
nc73565855,NC,MDPB,,HHZ,-1,63.0,,308.9,,24.41840588136
nc73565855,NC,MMT,,EHZ,1,62.0,,244.8,,30.88995060948
nc73565896,NC,MGPB,,EHZ,-1,49.0,,199.6,,9.14578271285
nc73565896,NC,MDPB,,HHZ,1,39.0,,247.0,,20.25971562652
nc73565896,NC,MCS,,EHZ,1,86.0,,211.5,,6.359237852254
nc73565896,NC,MCB,,HHZ,1,80.0,,201.1,,7.054206143504
nc73565896,NC,MBS1,,EP1,-1,47.0,,313.5,,9.278104675504
nc73565896,NC,MLC,,EHZ,-1,39.0,,202.3,,10.98605874808
nc73565896,NC,MDC,2.0,EHZ,-1,39.0,,272.6,,15.3448998708
nc73565956,NC,MCB,,HHZ,1,131.0,,225.9,,3.534886716614
nc73565956,NC,MCS,,EHZ,1,131.0,,248.8,,3.5738049409240005
nc73565956,NC,MDY,,HHZ,1,90.0,,265.8,,12.75405808102
nc73565956,NC,MQ1P,,EHZ,1,91.0,,246.2,,14.7889252378
nc73565956,NC,MMP,,EHZ,1,87.0,,246.0,,15.52281175336
nc73565956,NC,MDC,2.0,EHZ,1,86.0,,287.5,,16.0676668937
nc73565956,NC,MINS,,HHZ,1,85.0,,265.3,,17.079540725759998
nc73565956,NC,MDPB,,HHZ,1,84.0,,258.5,,19.03657143392
nc73565956,NC,MLH,,EHZ,1,120.0,,74.0,,4.867001937282001
nc73565956,CI,MLAC,,HHZ,-1,120.0,,145.1,,4.919263552784
nc73565956,NC,MCO,,EHZ,-1,117.0,,175.2,,5.291766556894
nc73565956,NC,MGPB,,EHZ,1,116.0,,214.4,,5.441879707804
nc73565956,NC,MEM,,EHZ,1,111.0,,269.6,,6.333663019136
nc73565956,NC,MLC,,EHZ,1,106.0,,214.6,,7.339977104866
nc73565956,NC,MCV,,EHZ,-1,100.0,,158.0,,9.15690220551
nc73565956,NC,MMLB,,HHZ,1,98.0,,265.2,,9.83519125777
nc73565956,NC,MDR,2.0,EHZ,-1,125.0,,138.3,,4.250982043918
nc73566080,NC,MLC,,EHZ,-1,110.0,,6.1,,7.436716691008
nc73566080,NC,MGPB,,EHZ,1,104.0,,11.9,,9.142446865052
nc73566080,NC,MCV,,EHZ,1,102.0,,59.4,,9.758466758416
nc73566080,NC,MCO,,EHZ,1,102.0,,33.5,,9.795161084194
nc73566080,NC,MQ1P,,EHZ,-1,97.0,,311.2,,11.36412149852
nc73566080,NC,MDR,2.0,EHZ,1,90.0,,37.1,,12.8986114856
nc73566080,NC,MDPB,,HHZ,1,86.0,,305.3,,16.745955945960002
nc73566080,NC,MINS,,HHZ,-1,86.0,,315.1,,17.02394326246
nc73566080,NC,MBS1,,EP1,1,82.0,,355.8,,23.98474566762
nc73566080,NC,MMT,,EHZ,1,78.0,,230.2,,29.39993859304
nc73566141,NC,MCV,,EHZ,-1,106.0,,331.6,,9.960841524828002
nc73566141,NC,MCO,,EHZ,-1,95.0,,327.2,,14.25518959012
nc73566141,NC,MLC,,EHZ,1,95.0,,312.3,,16.690358482660002
nc73566141,NC,MMX1,,HN3,-1,85.0,,306.0,,20.09292323662
nc73566141,NC,MEM,,EHZ,-1,85.0,,320.0,,22.50585314384
nc73566141,NC,MMP,,EHZ,1,83.0,,296.2,,24.91878305106
nc73566141,NC,MTU,2.0,EHZ,-1,82.0,,133.1,,25.6860280446
nc73566141,NC,MINS,,HHZ,-1,79.0,,302.3,,29.789120836140004
nc73566141,NC,MRC,,EHZ,1,79.0,,52.5,,29.789120836140004
nc73566141,NC,MDPB,,HHZ,-1,79.0,,296.8,,30.03374967466
nc73566141,NC,MBS1,,EP1,1,78.0,,331.8,,31.50152270578
nc73566141,NC,MDC,2.0,EHZ,1,78.0,,313.3,,32.246528714
nc73566141,NC,MMT,,EHZ,1,75.0,,247.3,,38.79590989074
nc73566141,NC,MCB,,HHZ,-1,95.0,,324.2,,18.26932644038
nc73566141,NC,MDR,2.0,EHZ,-1,95.0,,339.3,,15.05579306164
nc73566141,NC,MGPB,,EHZ,1,95.0,,318.7,,17.02394326246
nc73566141,NC,MMLB,,HHZ,1,83.0,,312.6,,24.36280841806
nc73566146,NC,MLC,,EHZ,1,154.0,,21.0,,2.749850534818
nc73566146,NC,MMX1,,EP1,1,142.0,,316.9,,4.285452471164
nc73566146,NC,MGPB,,EHZ,1,140.0,,26.8,,4.614589453900001
nc73566146,NC,MCO,,EHZ,1,128.0,,59.2,,6.5249182928880005
nc73566146,NC,MCB,,HHZ,1,127.0,,23.0,,6.683927037926
nc73566146,NC,MCS,,EHZ,1,123.0,,14.0,,7.537904074214
nc73566146,NC,MCV,,EHZ,-1,119.0,,89.2,,8.603151471041999
nc73566146,NC,MEM,,EHZ,1,119.0,,352.2,,8.632062151958001
nc73566146,NC,MQ1P,,EHZ,1,118.0,,287.6,,8.779951404336
nc73566146,NC,MMLB,,HHZ,1,117.0,,329.3,,9.059050670102
nc73566146,CI,MLAC,,HHZ,1,116.0,,60.1,,9.203604074682
nc73566146,NC,MMP,,EHZ,1,116.0,,284.4,,9.314799001282
nc73566146,NC,MLI,,HHZ,1,115.0,,303.4,,9.65727937521
nc73566146,NC,MDR,2.0,EHZ,1,115.0,,55.7,,9.672846664934
nc73566146,NC,MDH,,HNZ,1,113.0,,8.8,,10.194350870688
nc73566146,NC,MDY,,HHZ,-1,111.0,,315.5,,10.767004742678
nc73566146,NC,MINS,,HHZ,-1,102.0,,301.4,,13.87712683968
nc73566146,NC,MLH,,EHZ,1,102.0,,44.6,,13.98832176628
nc73566146,NC,MDPB,,HHZ,1,102.0,,289.7,,14.32190654608
nc73566146,NP,1576,10.0,HNZ,-1,101.0,,98.0,,15.50057276804
nc73566146,NC,MDC,2.0,EHZ,-1,100.0,,322.9,,16.82379239458
nc73566146,NC,MBS1,,EP1,-1,97.0,,355.3,,19.158885853180003
nc73566146,NC,MMT,,EHZ,1,91.0,,223.4,,32.55787450848
nc73566146,NC,MTU,2.0,EHZ,-1,86.0,,129.2,,41.45346863648
nc73566146,NC,MFB,,EHZ,-1,86.0,,111.9,,47.43575568756
nc73566146,NP,1589,10.0,HNZ,1,86.0,,115.5,,58.6553237815
nc73566146,NP,1587,10.0,HNZ,1,85.0,,90.4,,60.91258079148
nc73566146,BK,OVRO,0.0,HHZ,-1,85.0,,124.8,,69.48570963234
nc73566146,BK,MMI,0.0,HHZ,1,85.0,,255.6,,74.67851270455999
nc73566146,NN,LHV,,HHZ,1,85.0,,26.5,,82.3398431473
nc73566146,BK,TOLH,0.0,HHZ,1,84.0,,212.8,,84.3969492894
nc73566146,NN,SJC,,EHZ,-1,84.0,,332.1,,95.6832343393
nc73566146,NC,MPR,,EHZ,1,84.0,,284.4,,98.86340924006
nc73566146,NC,MHD,,EHZ,1,84.0,,238.8,,100.53133313906
nc73566146,BK,HELL,0.0,HHZ,1,84.0,,184.9,,101.2429806693
nc73566146,BK,BUCR,0.0,HHZ,1,83.0,,275.3,,108.38169495702
nc73566146,NN,WAK,,HHZ,-1,83.0,,336.4,,111.09485116606
nc73566146,BK,LEGD,0.0,HHZ,1,83.0,,249.3,,115.9763084438
nc73566146,NC,MGS,1.0,EHZ,-1,83.0,,227.6,,119.86813087480002
nc73566146,GS,MCA04,0.0,HHZ,1,83.0,,62.7,,120.09052072800002
nc73566146,BK,KARE,0.0,HHZ,-1,83.0,,205.1,,121.4248598472
nc73566146,BK,MERC,0.0,HHZ,-1,82.0,,261.1,,137.4369292776
nc73566146,BK,CMB,0.0,HHZ,-1,82.0,,291.6,,137.77051405740002
nc73566146,BK,LIND,0.0,HHZ,1,82.0,,184.8,,137.6593191308
nc73566146,CI,CGO,,HHZ,-1,81.0,,138.9,,152.5594392952
nc73566146,CI,SPG2,,HHZ,1,81.0,,174.7,,154.7833378272
nc73566146,NN,PNT,,HHZ,1,80.0,,340.8,,176.6887383674
nc73566146,BK,WELL,0.0,HHZ,-1,80.0,,301.5,,183.9164085964
nc73566146,NC,HLB,1.0,EHZ,-1,80.0,,250.0,,189.6985447796
nc73566146,CI,WMF,,HHZ,-1,80.0,,149.4,,189.2537650732
nc73566146,NC,CDG,1.0,EHZ,1,66.0,,264.5,,209.7136315676
nc73566146,NC,PJC,1.0,EHZ,1,66.0,,218.2,,209.9360214208
nc73566146,NC,PCE,1.0,EHZ,1,59.0,,215.3,,213.0494793656
nc73566146,NC,BTV,1.0,EHZ,-1,48.0,,237.0,,227.6160147502
nc73566146,BP,LCCB,40.0,DP1,-1,48.0,,218.8,,227.94959953
nc73566146,NC,HGS,3.0,EHZ,-1,48.0,,256.9,,230.173498062
nc73566146,BP,CCRB,40.0,DP1,1,48.0,,219.1,,232.0638118142
nc73566146,NC,PBS,,EHZ,1,48.0,,208.4,,231.9526168876
nc73566146,NC,PBO,1.0,EHZ,-1,48.0,,204.7,,231.9526168876
nc73566146,BP,SMNB,40.0,DP1,1,48.0,,219.8,,232.2862016674
nc73566146,BP,VCAB,40.0,DP1,1,48.0,,218.2,,234.1765154196
nc73566146,NC,PVC,,EHZ,-1,48.0,,218.2,,234.1765154196
nc73566146,NC,PKL,,EHZ,1,48.0,,212.4,,237.8459479974
nc73566146,CI,ASP,,EHZ,-1,79.0,,192.1,,196.0366555958
nc73566146,CI,POR,,HHZ,-1,81.0,,182.4,,165.0132710744
nc73566146,NC,MCY,,EHZ,1,111.0,,303.6,,10.861520430288
nc73566146,NC,MRC,,EHZ,1,86.0,,75.6,,38.206576779760006
nc73566170,NC,MMX1,,HN3,-1,167.0,,223.2,,1.685715087256
nc73566170,NC,MLC,,EHZ,-1,155.0,,122.9,,3.294705675158
nc73566170,NC,MEM,,EHZ,1,149.0,,8.2,,4.24764619612
nc73566170,NC,MCS,,EHZ,1,146.0,,50.5,,4.671298866466
nc73566170,NC,MCB,,HHZ,-1,146.0,,67.6,,4.75358311215
nc73566170,NC,MDH,,HNZ,-1,136.0,,30.1,,6.629441523892
nc73566170,NC,MDH1,1.0,DP1,-1,136.0,,30.1,,6.629441523892
nc73566170,NC,MCO,,EHZ,-1,132.0,,97.9,,7.461179574860001
nc73566170,NC,MMP,,EHZ,1,132.0,,254.2,,7.52789653082
nc73566170,NC,MCV,,EHZ,-1,118.0,,112.2,,11.20844860128
nc73566170,NC,MDPB,,HHZ,-1,117.0,,272.3,,11.71994526364
nc73566170,NC,MDC,2.0,EHZ,-1,112.0,,317.3,,12.3426368526
nc73566170,NC,MBS1,,EP1,1,110.0,,0.7,,14.74444726716
nc73566170,NC,MMT,,EHZ,1,94.0,,216.3,,34.7484145625
nc73566180,NC,MMLB,,HHZ,-1,154.0,,313.5,,2.737619092892
nc73566180,NC,MMX1,,EP1,1,153.0,,185.9,,2.795440454724
nc73566180,NC,MEM,,EHZ,-1,152.0,,29.0,,3.033397597648
nc73566180,NC,MCS,,EHZ,-1,139.0,,72.4,,4.694649801052
nc73566180,NC,MLC,,EHZ,-1,137.0,,132.6,,4.937054741040001
nc73566180,NC,MCB,,HHZ,-1,135.0,,87.3,,5.271751470106
nc73566180,NC,MMP,,EHZ,1,124.0,,240.4,,7.32218591661
nc73566180,NC,MDPB,,HHZ,1,110.0,,264.2,,10.900438654598
nc73566180,NC,MMT,,EHZ,1,84.0,,213.7,,35.5267790487
nc73566185,NC,MMLB,,HHZ,1,154.0,,309.9,,2.705372564178
nc73566185,NC,MEM,,EHZ,-1,153.0,,28.9,,2.861045461418
nc73566185,NC,MLC,,EHZ,1,137.0,,134.6,,4.9748610160840006
nc73566185,NC,MCB,,HHZ,-1,136.0,,88.9,,5.179459681028001
nc73566185,NC,MDY,,HHZ,-1,135.0,,288.0,,5.25396028185
nc73566185,NC,MDH,,HNZ,-1,132.0,,45.5,,5.758785248614
nc73566185,NC,MQ1P,,EHZ,1,127.0,,239.5,,6.736188653428
nc73566185,NC,MMP,,EHZ,1,123.0,,239.8,,7.47229906752
nc73566185,NC,MCO,,EHZ,-1,118.0,,108.5,,8.610935115903999
nc73566185,NC,MINS,,HHZ,1,115.0,,277.0,,9.374844261646
nc73566185,NC,MDC,2.0,EHZ,1,111.0,,314.1,,10.584645063054
nc73566185,CI,MLAC,,HHZ,-1,111.0,,98.0,,10.64691422195
nc73566185,NC,MDPB,,HHZ,1,110.0,,263.5,,11.003849936336
nc73566185,NC,MCV,,EHZ,-1,103.0,,118.1,,12.64286315442
nc73566185,NC,MBS1,,EP1,1,102.0,,4.2,,13.07652336816
nc73566190,NC,MMLB,,HHZ,-1,156.0,,308.9,,2.6475512023460004
nc73566190,NC,MEM,,EHZ,-1,154.0,,29.9,,2.804336048852
nc73566190,NC,MMX1,,HN3,-1,153.0,,186.8,,3.02450200352
nc73566190,NC,MLC,,EHZ,-1,138.0,,135.1,,5.03713017498
nc73566190,NC,MCB,,HHZ,-1,136.0,,89.7,,5.19280307222
nc73566190,NC,MMP,,EHZ,1,124.0,,239.2,,7.496761951371999
nc73566190,NC,MCO,,EHZ,1,119.0,,108.9,,8.648741390948
nc73566190,NC,MINS,,HHZ,-1,117.0,,276.6,,9.35149332706
nc73566190,NC,MDC,2.0,EHZ,1,113.0,,313.9,,10.523487853424
nc73566190,NC,MDPB,,HHZ,1,111.0,,263.1,,10.998290190006
nc73566190,NC,MCV,,EHZ,1,104.0,,118.3,,12.68734112506
nc73566190,NC,MBS1,,EP1,1,104.0,,4.3,,13.0098064122
nc73566190,NC,MMT,,EHZ,1,91.0,,213.6,,35.7491689019
nc73566195,NC,MMX1,,HN3,-1,157.0,,192.3,,2.6564467964740004
nc73566195,NC,MDH,,HNZ,1,135.0,,41.9,,5.866644327416
nc73566195,NC,MDH1,1.0,DP1,-1,135.0,,41.9,,5.866644327416
nc73566195,NC,MQ1P,,EHZ,1,130.0,,242.8,,6.74397229829
nc73566195,NC,MINS,,HHZ,1,118.0,,278.9,,9.610577506038
nc73566195,NC,MDR,2.0,EHZ,1,116.0,,91.5,,10.372262753248
nc73566195,CI,MLAC,,HHZ,-1,115.0,,96.3,,10.416740723888
nc73566195,NC,MDC,2.0,EHZ,-1,114.0,,314.7,,10.953812219366
nc73566195,NC,MLH,,EHZ,1,106.0,,70.8,,12.92085047092
nc73566195,NC,MBS1,,EP1,-1,106.0,,3.3,,13.3989886553
nc73566195,NC,MMT,,EHZ,1,91.0,,214.2,,35.5267790487
nc73566195,BK,MMI,0.0,HHZ,1,87.0,,250.8,,74.05582111560001
nc73566195,NC,MCB,,HHZ,-1,140.0,,85.0,,5.005995595532
nc73566195,NC,MCO,,EHZ,-1,123.0,,106.7,,8.32850000234
nc73566195,NC,MCS,,EHZ,-1,143.0,,69.1,,4.4911630853740006
nc73566195,NC,MDPB,,HHZ,1,113.0,,265.3,,11.16397063064
nc73566195,NC,MDY,,HHZ,-1,137.0,,290.7,,5.544179040276
nc73566195,NC,MEM,,EHZ,-1,154.0,,22.8,,3.077875568288
nc73566195,NC,MLC,,EHZ,-1,143.0,,133.3,,4.605693859772
nc73566195,NC,MMLB,,HHZ,-1,154.0,,312.4,,3.06897997416
nc73566195,NC,MMP,,EHZ,1,127.0,,242.7,,7.481194661648001
nc73566200,NC,MMLB,,HHZ,-1,155.0,,308.0,,2.578610347854
nc73566200,NC,MEM,,EHZ,-1,154.0,,31.2,,2.755410281148
nc73566200,NC,MMX1,,HN3,-1,151.0,,186.1,,3.094554807278
nc73566200,NC,MCS,,EHZ,-1,140.0,,75.8,,4.572335381792
nc73566200,NC,MLC,,EHZ,-1,136.0,,135.4,,5.110518826536
nc73566200,NC,MQ1P,,EHZ,1,126.0,,238.2,,6.775106877738
nc73566200,NC,MCO,,EHZ,-1,118.0,,109.3,,8.70100300645
nc73566200,NC,MINS,,HHZ,-1,116.0,,276.2,,9.313687052016
nc73566200,NC,MDC,2.0,EHZ,-1,112.0,,313.7,,10.451211151134
nc73566200,NC,MDPB,,HHZ,1,110.0,,262.7,,10.977163153952
nc73566200,NC,MBS1,,EP1,-1,103.0,,4.5,,12.93196996358
nc73566200,NC,MCB,,HHZ,-1,135.0,,90.5,,5.222825702402
nc73566200,NC,MMP,,EHZ,1,123.0,,238.6,,7.510105342564
nc73566205,NC,MMX1,,HN3,1,158.0,,193.2,,2.609744927302
nc73566205,NC,MLI,,HHZ,-1,137.0,,266.4,,5.740994060358
nc73566205,NC,MCY,,EHZ,-1,131.0,,272.8,,6.728405008566
nc73566205,NC,MQ1P,,EHZ,1,131.0,,243.3,,6.745084247556
nc73566205,CI,MLAC,,HHZ,1,117.0,,96.0,,10.381158347376
nc73566205,NC,MCV,,EHZ,-1,108.0,,116.9,,12.26480040398
nc73566205,NC,MBS1,,EP1,-1,107.0,,3.2,,13.4545861186
nc73566205,NC,MRC,,EHZ,-1,91.0,,84.4,,39.5297964063
nc73566205,NC,MTU,2.0,EHZ,1,89.0,,132.7,,46.9242590252
nc73566205,BK,MMI,0.0,HHZ,1,87.0,,250.9,,74.05582111560001
nc73566205,BK,TOLH,0.0,HHZ,1,86.0,,209.5,,88.02190389656
nc73566205,NC,MCO,,EHZ,-1,124.0,,106.4,,8.285133980966
nc73566205,NC,MCS,,EHZ,-1,144.0,,68.3,,4.484491389777999
nc73566205,NC,MDC,2.0,EHZ,-1,115.0,,314.8,,11.01385747973
nc73566205,NC,MDPB,,HHZ,1,114.0,,265.6,,11.18620961596
nc73566205,NC,MDR,2.0,EHZ,1,117.0,,91.2,,10.3411281738
nc73566205,NC,MDY,,HHZ,-1,137.0,,291.1,,5.591992858714001
nc73566205,NC,MEM,,EHZ,-1,154.0,,21.9,,3.117905741864
nc73566205,NC,MINS,,HHZ,1,119.0,,279.2,,9.648383781082
nc73566205,NC,MLC,,EHZ,-1,144.0,,133.0,,4.546760548674
nc73566205,NC,MLH,,EHZ,1,108.0,,70.5,,12.90973097826
nc73566205,NC,MMLB,,HHZ,-1,154.0,,312.8,,3.127913285258
nc73566205,NC,MMP,,EHZ,1,128.0,,243.2,,7.482306610914001
nc73566205,NC,MMT,,EHZ,1,92.0,,214.3,,35.49342057072
nc73566210,NC,MMX1,,HN3,-1,154.0,,189.7,,3.10233845214
nc73566210,NC,MCS,,EHZ,-1,145.0,,75.0,,4.391087651434
nc73566210,NC,MLC,,EHZ,-1,141.0,,136.8,,4.963741523424
nc73566210,NC,MDY,,HHZ,-1,138.0,,286.2,,5.357371563588
nc73566210,NC,MQ1P,,EHZ,1,130.0,,239.2,,6.929667825712
nc73566210,NC,MCO,,EHZ,-1,123.0,,109.6,,8.514195529762
nc73566210,NC,MINS,,HHZ,-1,119.0,,276.2,,9.506054275034
nc73566210,NC,MDR,2.0,EHZ,-1,116.0,,94.1,,10.438979709208
nc73566210,NC,MDC,2.0,EHZ,1,115.0,,313.1,,10.60243625131
nc73566210,NC,MCV,,EHZ,1,107.0,,118.9,,12.576146198460002
nc73566210,NC,MBS1,,EP1,-1,107.0,,3.6,,12.94308945624
nc73566210,NC,MMT,,EHZ,1,91.0,,213.8,,35.88260281382
nc73566210,NC,MCB,,HHZ,-1,140.0,,90.3,,5.03157042865
nc73566210,NC,MDPB,,HHZ,1,114.0,,262.9,,11.16397063064
nc73566210,NC,MEM,,EHZ,-1,157.0,,27.5,,2.677573832528
nc73566210,NC,MMLB,,HHZ,-1,156.0,,305.8,,2.743178839222
nc73566210,NC,MMP,,EHZ,1,126.0,,239.5,,7.664666290538
nc73566215,NC,MMX1,,HN3,-1,149.0,,186.8,,3.2669069435080003
nc73566215,NC,MLC,,EHZ,1,135.0,,137.2,,5.189467224422001
nc73566215,NC,MQ1P,,EHZ,1,125.0,,237.3,,6.912988586722
nc73566215,NC,MMP,,EHZ,1,122.0,,237.8,,7.647987051547999
nc73566215,NC,MINS,,HHZ,-1,115.0,,275.1,,9.355941124124
nc73566215,NC,MDPB,,HHZ,-1,110.0,,261.9,,11.05833545037
nc73566226,CI,MLAC,,HHZ,-1,100.0,,336.9,,14.04391922958
nc73566226,NC,MLC,,EHZ,-1,98.0,,311.2,,16.61252203404
nc73566226,NC,MCB,,HHZ,1,97.0,,323.2,,18.13589252846
nc73566226,NC,MLH,,EHZ,-1,97.0,,348.7,,18.64738919082
nc73566226,NC,MCS,,EHZ,-1,96.0,,323.4,,19.53694860362
nc73566226,NC,MMX1,,HN3,-1,95.0,,305.0,,20.05956475864
nc73566226,NC,MEM,,EHZ,-1,91.0,,319.2,,22.383538724580003
nc73566226,NC,MQ1P,,EHZ,1,93.0,,296.8,,24.49624232998
nc73566226,NC,MTU,2.0,EHZ,-1,94.0,,133.8,,25.77498398588
nc73566226,NC,MCD,,EHZ,1,83.0,,82.5,,29.43329707102
nc73566226,NC,MRC,,EHZ,1,83.0,,52.8,,29.47777504166
nc73566226,NC,MDPB,,HHZ,-1,83.0,,296.1,,30.04486916732
nc73566226,NC,MDC,2.0,EHZ,-1,82.0,,312.7,,32.15757277272
nc73566226,NC,MMT,,EHZ,1,81.0,,247.0,,39.06277771458
nc73566226,NC,MHD,,EHZ,-1,79.0,,246.4,,108.73751872214
nc73566226,NC,MPR,,EHZ,1,79.0,,286.9,,114.0859946916
nc73566226,NC,MCO,,EHZ,-1,100.0,,326.0,,14.09951669288
nc73566226,NC,MCV,,EHZ,-1,112.0,,330.0,,9.781817693002
nc73566226,NC,MDR,2.0,EHZ,-1,99.0,,338.3,,14.8445227011
nc73566245,NP,1576,10.0,HNZ,1,106.0,,38.3,,12.93196996358
nc73566245,NC,MLC,,EHZ,-1,104.0,,337.0,,16.14550334232
nc73566245,CI,MLAC,,HHZ,-1,103.0,,2.3,,16.86827036522
nc73566245,NC,MDR,2.0,EHZ,1,102.0,,2.2,,17.735590792700002
nc73566245,NC,MMX1,,HN3,1,101.0,,326.5,,18.513955278900003
nc73566245,NC,MQ1P,,EHZ,1,97.0,,313.7,,21.66077170168
nc73566245,NC,MDPB,,HHZ,1,93.0,,309.6,,26.94253071518
nc73566245,NC,MINS,,HHZ,1,93.0,,315.6,,27.34283245094
nc73566245,NC,MTU,2.0,EHZ,1,92.0,,119.3,,28.443662224280004
nc73566245,NC,MDC,2.0,EHZ,1,91.0,,325.9,,31.078981984700004
nc73566245,BK,TOLH,0.0,HHZ,1,86.0,,222.2,,79.12630976856
nc73566245,NC,MHD,,EHZ,1,85.0,,247.0,,101.47649001516
nc73566245,NC,MPR,,EHZ,1,85.0,,289.7,,109.4714052377
nc73566245,BK,LEGD,0.0,HHZ,-1,84.0,,256.1,,119.3121562418
nc73566245,BK,HELL,0.0,HHZ,1,86.0,,190.2,,90.0122930827
nc73566245,BK,MMI,0.0,HHZ,1,86.0,,265.6,,79.92691324008
nc73566245,NC,MCD,,EHZ,1,91.0,,77.5,,36.22730708628
nc73566245,NC,MCO,,EHZ,-1,104.0,,353.8,,15.70072363592
nc73566245,NC,MCV,,EHZ,1,107.0,,5.9,,12.46495127186
nc73566245,NC,MFB,,EHZ,1,91.0,,98.3,,37.10574700642
nc73566245,NC,MMI,,EHZ,1,86.0,,265.6,,79.92691324008
nc73566245,NC,MMP,,EHZ,1,96.0,,311.9,,21.91652003286
nc73566245,NC,MMT,,EHZ,1,91.0,,249.1,,31.83510748558
nc73566245,NC,MRC,,EHZ,1,91.0,,53.7,,36.8055207046
nc73566246,NC,MCV,,EHZ,-1,105.0,,342.4,,9.109088387072
nc73566246,NC,MLC,,EHZ,-1,93.0,,317.2,,15.22258545154
nc73566246,NC,MCB,,HHZ,1,85.0,,329.4,,17.11289920374
nc73566246,NC,MMX1,,HN3,-1,85.0,,309.4,,18.46947730826
nc73566246,NC,MEM,,EHZ,-1,84.0,,323.9,,21.21599199528
nc73566246,NC,MDPB,,HHZ,-1,79.0,,298.4,,28.23239186374
nc73566246,NC,MRC,,EHZ,1,77.0,,54.8,,31.34584980854
nc73566246,NC,MMT,,EHZ,1,74.0,,246.0,,36.99455207982
nc73566246,NC,MCO,,EHZ,-1,92.0,,334.3,,13.20995728008
nc73566246,NC,MCS,,EHZ,-1,85.0,,329.2,,18.52507477156
nc73566246,NC,MDR,2.0,EHZ,-1,92.0,,346.6,,14.3997429947
nc73566246,NC,MGPB,,EHZ,1,93.0,,323.9,,15.711843128580002
nc73566255,NC,MCV,,EHZ,-1,114.0,,337.9,,8.374089922246
nc73566255,NC,MCO,,EHZ,-1,99.0,,330.8,,12.576146198460002
nc73566255,NC,MDR,2.0,EHZ,-1,98.0,,344.0,,13.599139523180002
nc73566255,NC,MLC,,EHZ,-1,98.0,,313.6,,14.8445227011
nc73566255,NC,MGPB,,EHZ,1,97.0,,320.7,,15.22258545154
nc73566255,NC,MCB,,HHZ,1,97.0,,326.6,,16.545805078079997
nc73566260,NC,MCV,,EHZ,1,90.0,,13.6,,13.14324032412
nc73566260,NC,MLC,,EHZ,-1,86.0,,343.6,,15.86751602582
nc73566260,NC,MDR,2.0,EHZ,-1,85.0,,7.9,,18.25820694772
nc73566260,NC,MDPB,,HHZ,-1,80.0,,312.8,,25.80834246386
nc73566260,NC,MMT,,EHZ,1,77.0,,248.5,,29.98927170402
nc73566310,NC,MMX1,,HN3,-1,158.0,,195.6,,2.541916022076
nc73566310,NC,MDH,,HNZ,1,135.0,,40.1,,5.900002805396
nc73566310,NC,MDH1,1.0,DP1,-1,135.0,,40.1,,5.900002805396
nc73566310,NC,MQ1P,,EHZ,1,130.0,,244.3,,6.784002471866001
nc73566310,NC,MINS,,HHZ,-1,118.0,,279.6,,9.749571164288
nc73566310,NC,MDR,2.0,EHZ,1,116.0,,90.7,,10.251060283254
nc73566310,CI,MLAC,,HHZ,-1,116.0,,95.5,,10.284418761234
nc73566310,NC,MCV,,EHZ,-1,108.0,,116.7,,12.14248598472
nc73566310,NC,MBS1,,EP1,-1,106.0,,2.8,,13.54354205988
nc73566310,NC,MMT,,EHZ,1,91.0,,214.5,,35.471181585400004
nc73566310,NC,MMI,,EHZ,1,87.0,,251.0,,74.12253807156
nc73566310,NC,MHD,,EHZ,1,85.0,,235.4,,101.65440189772
nc73566310,NC,MCB,,HHZ,-1,141.0,,83.2,,4.9036962630600005
nc73566310,NC,MCO,,EHZ,-1,124.0,,105.9,,8.173939054366
nc73566310,NC,MCS,,EHZ,-1,144.0,,66.8,,4.4377895206060005
nc73566310,NC,MDC,2.0,EHZ,-1,114.0,,314.8,,11.14173164532
nc73566310,NC,MDPB,,HHZ,1,113.0,,266.1,,11.26404606458
nc73566310,NC,MDY,,HHZ,-1,136.0,,291.6,,5.707635582378
nc73566310,NC,MEM,,EHZ,-1,153.0,,19.8,,3.172391255898
nc73566310,NC,MLC,,EHZ,-1,144.0,,132.9,,4.418886383084
nc73566310,NC,MMLB,,HHZ,-1,153.0,,312.9,,3.255787450848
nc73566310,NC,MMP,,EHZ,1,127.0,,244.2,,7.520112885957999
nc73566315,NC,MMX1,,HN3,-1,156.0,,192.2,,2.7509624840840003
nc73566315,NC,MCS,,EHZ,-1,143.0,,70.1,,4.445573165468001
nc73566315,NC,MLC,,EHZ,-1,142.0,,134.2,,4.65906742454
nc73566315,NC,MDY,,HHZ,-1,136.0,,289.7,,5.52638785202
nc73566315,NC,MDH,,HNZ,1,135.0,,42.4,,5.78769592953
nc73566315,NC,MDH1,1.0,DP1,-1,135.0,,42.4,,5.78769592953
nc73566315,NC,MQ1P,,EHZ,1,129.0,,242.1,,6.799569761590001
nc73566315,NC,MDR,2.0,EHZ,1,115.0,,92.0,,10.360031311322
nc73566315,NC,MDC,2.0,EHZ,-1,113.0,,314.3,,10.900438654598
nc73566315,NC,MDPB,,HHZ,1,112.0,,264.9,,11.18620961596
nc73566315,NC,MBS1,,EP1,-1,105.0,,3.3,,13.31003271402
nc73566315,NC,MMT,,EHZ,1,91.0,,214.2,,35.61573498998
nc73566315,NC,MHD,,EHZ,-1,85.0,,235.3,,101.70999936102
nc73566315,NC,MCB,,HHZ,-1,140.0,,86.1,,4.983756610212
nc73566315,NC,MCO,,EHZ,1,122.0,,107.3,,8.341843393532
nc73566315,NC,MEM,,EHZ,-1,154.0,,23.2,,2.986695728476
nc73566315,NC,MGPB,,EHZ,1,141.0,,110.9,,4.750247264352001
nc73566315,NC,MLM,,EHZ,1,117.0,,3.3,,9.639488186954
nc73566315,NC,MMLB,,HHZ,-1,154.0,,310.9,,3.017830307924
nc73566315,NC,MMP,,EHZ,1,126.0,,242.2,,7.536792124948
nc73566330,NP,1576,10.0,HNZ,-1,112.0,,36.7,,13.16547930944
nc73566330,NC,MMX1,,HN3,-1,106.0,,326.8,,18.92537650732
nc73566330,NC,MCS,,EHZ,-1,104.0,,344.4,,20.78233178154
nc73566330,NC,MQ1P,,EHZ,-1,102.0,,314.2,,22.04995394478
nc73566330,NC,MMP,,EHZ,-1,101.0,,312.4,,22.2945827833
nc73566330,NC,MEM,,EHZ,-1,101.0,,338.0,,22.92839386492
nc73566330,NC,MINS,,HHZ,-1,98.0,,316.0,,27.7431341867
nc73566330,NC,MBS1,,EP1,-1,95.0,,344.2,,33.047132185520006
nc73566330,NC,MCD,,EHZ,1,93.0,,76.8,,36.18282911564
nc73566330,NC,MRC,,EHZ,1,93.0,,53.0,,36.92783512386
nc73566330,BK,TOLH,0.0,HHZ,1,87.0,,222.5,,78.92615890068
nc73566330,BK,MMI,0.0,HHZ,1,87.0,,265.9,,80.03810816668
nc73566330,NC,MMI,,EHZ,1,87.0,,265.9,,80.03810816668
nc73566330,NC,MPR,,EHZ,1,86.0,,289.9,,109.73827306154
nc73566330,CI,MLAC,,HHZ,-1,108.0,,1.7,,17.26857210098
nc73566330,NC,MCB,,HHZ,-1,105.0,,345.7,,19.44799266234
nc73566330,NC,MCO,,EHZ,-1,109.0,,353.4,,16.123264357
nc73566330,NC,MCV,,EHZ,-1,112.0,,5.1,,12.85413351496
nc73566330,NC,MDPB,,HHZ,-1,98.0,,310.0,,27.309473972960003
nc73566330,NC,MDR,2.0,EHZ,-1,107.0,,1.7,,18.13589252846
nc73566330,NC,MFB,,EHZ,1,93.0,,97.7,,36.89447664588
nc73566330,NC,MGPB,,EHZ,1,108.0,,342.3,,17.64663485142
nc73566330,NC,MLC,,EHZ,-1,109.0,,337.1,,16.579163556060003
nc73566330,NC,MLM,,EHZ,-1,96.0,,341.9,,29.61120895358
nc73566330,NC,MMT,,EHZ,1,95.0,,249.9,,31.823987992920003
nc73566345,NC,MMX1,,HN3,-1,138.0,,162.7,,3.03006174985
nc73566345,NC,MEM,,EHZ,-1,130.0,,46.3,,3.682775968992
nc73566345,NC,MMP,,EHZ,1,111.0,,234.3,,6.375917091244
nc73566345,NC,MCB,,HHZ,-1,111.0,,88.8,,6.459313286194001
nc73566345,NC,MDPB,,HHZ,-1,99.0,,262.9,,9.728444128234
nc73566345,NC,MCV,,EHZ,-1,90.0,,115.4,,13.76593191308
nc73566360,NC,MCV,,EHZ,1,90.0,,13.4,,12.82077503698
nc73566360,NC,MLC,,EHZ,1,87.0,,342.8,,15.622887187300002
nc73566360,NC,MDPB,,HHZ,-1,79.0,,312.1,,25.69714753726
nc73566360,NC,MMT,,EHZ,1,76.0,,248.1,,30.22278104988
nc73566375,NC,MMX1,,HN3,1,153.0,,194.3,,2.81323164298
nc73566375,NC,MMLB,,HHZ,-1,151.0,,309.0,,3.08565921315
nc73566375,NC,MCS,,EHZ,-1,142.0,,70.1,,4.322146796942
nc73566375,NC,MLC,,EHZ,-1,140.0,,135.6,,4.602358011974
nc73566375,NC,MCB,,HHZ,-1,138.0,,86.4,,4.863666089484
nc73566375,NC,MQ1P,,EHZ,1,126.0,,242.3,,6.920772231584
nc73566375,NC,MMP,,EHZ,1,122.0,,242.3,,7.657994594942
nc73566375,NC,MCO,,EHZ,-1,120.0,,107.8,,8.240656010326
nc73566375,NC,MDR,2.0,EHZ,1,112.0,,92.3,,10.244388587658
nc73566375,NC,MDC,2.0,EHZ,-1,110.0,,313.7,,10.959371965696
nc73566375,NC,MDPB,,HHZ,1,109.0,,264.7,,11.30852403522
nc73566375,NC,MCV,,EHZ,1,103.0,,117.9,,12.253680911320002
nc73566375,NC,MBS1,,EP1,1,102.0,,2.8,,13.26555474338
nc73566375,NC,MDY,,HHZ,-1,133.0,,288.9,,5.625351336694001
nc73566375,NC,MEM,,EHZ,-1,153.0,,21.4,,2.90774733059
nc73566375,NC,MGPB,,EHZ,1,139.0,,111.9,,4.654619627476
nc73566375,NC,MLM,,EHZ,1,114.0,,2.6,,9.59612216558
nc73566395,NP,1576,10.0,HNZ,1,116.0,,66.5,,7.81700333998
nc73566395,NC,MCB,,HHZ,-1,98.0,,334.2,,12.68734112506
nc73566395,NC,MMX1,,HN3,-1,98.0,,307.2,,13.91048531766
nc73566395,NC,MDH,,HNZ,-1,96.0,,336.8,,16.690358482660002
nc73566395,NC,MDH1,1.0,DP1,1,96.0,,336.8,,16.690358482660002
nc73566395,NC,MQ1P,,EHZ,1,96.0,,295.7,,18.33604339634
nc73566395,NC,MMP,,EHZ,1,95.0,,293.9,,18.78082310274
nc73566395,NC,MDPB,,HHZ,1,85.0,,295.1,,23.89578972634
nc73566395,NC,MDC,2.0,EHZ,-1,83.0,,315.6,,26.16416622898
nc73566395,NC,MBS1,,EP1,-1,83.0,,338.3,,26.23088318494
nc73566395,NC,MRC,,EHZ,1,79.0,,62.9,,32.37996262592
nc73566395,NC,MMT,,EHZ,1,78.0,,239.0,,35.68245194594
nc73566395,BK,MMI,0.0,HHZ,1,77.0,,260.7,,81.60595663174
nc73566395,NC,MMI,,EHZ,1,77.0,,260.7,,81.6170761244
nc73566395,BK,TOLH,0.0,HHZ,1,77.0,,219.4,,84.99740189303999
nc73566395,NC,MHD,,EHZ,1,77.0,,243.6,,105.1904005636
nc73566395,NC,MPR,,EHZ,1,76.0,,286.1,,108.12594662584
nc73566395,CI,MLAC,,HHZ,-1,109.0,,358.9,,9.827407612908
nc73566395,NC,MCD,,EHZ,1,78.0,,88.7,,34.53714420196
nc73566395,NC,MCO,,EHZ,-1,112.0,,343.5,,8.95675133763
nc73566395,NC,MCS,,EHZ,-1,98.0,,333.4,,14.07727770756
nc73566395,NC,MCV,,EHZ,-1,129.0,,4.6,,5.385170295238
nc73566395,NC,MDR,2.0,EHZ,-1,106.0,,359.1,,10.690280243324
nc73566395,NC,MDY,,HHZ,-1,85.0,,309.6,,20.35979106046
nc73566395,NC,MEM,,EHZ,-1,96.0,,326.1,,16.66811949734
nc73566395,NC,MGPB,,EHZ,-1,105.0,,327.1,,11.1750901233
nc73566395,NC,MINS,,HHZ,-1,85.0,,302.0,,23.59556342452
nc73566395,NC,MLC,,EHZ,-1,107.0,,317.6,,10.616891591768
nc73566395,NC,MMLB,,HHZ,-1,96.0,,315.7,,18.28044593304
nc73566410,NC,MCV,,EHZ,-1,132.0,,8.9,,4.666851069402
nc73566410,CI,MLAC,,HHZ,-1,109.0,,0.7,,9.06794626423
nc73566410,NC,MLC,,EHZ,1,106.0,,315.9,,9.86298998942
nc73566410,NC,MGPB,,EHZ,-1,105.0,,326.2,,10.376710550312
nc73566410,NC,MMX1,,HN3,-1,96.0,,305.3,,13.2321962654
nc73566410,NC,MCS,,EHZ,-1,96.0,,333.0,,13.26555474338
nc73566410,NC,MEM,,EHZ,-1,95.0,,325.4,,15.87863551848
nc73566410,NC,MQ1P,,EHZ,-1,95.0,,293.8,,17.74671028536
nc73566410,NC,MDPB,,HHZ,-1,84.0,,293.7,,23.31757610802
nc73566410,NC,MBS1,,EP1,-1,82.0,,338.3,,25.41916022076
nc73566410,NC,MMT,,EHZ,1,76.0,,237.7,,35.82700535052
nc73566410,NC,MHD,,EHZ,1,75.0,,243.2,,105.25711751956
nc73566410,NC,MPR,,EHZ,1,75.0,,285.7,,107.6366889488
nc73566410,NC,MCB,,HHZ,1,100.0,,333.8,,11.87561816088
nc73566410,NC,MCO,,EHZ,-1,112.0,,343.9,,8.14502837345
nc73566410,NC,MDR,2.0,EHZ,-1,106.0,,0.7,,9.930818894646
nc73566491,NC,MCV,,EHZ,1,95.0,,20.8,,16.42349065882
nc73566491,NC,MLC,,EHZ,-1,95.0,,354.4,,17.88014419728
nc73566491,NC,MMX1,,HN3,-1,85.0,,342.9,,19.20336382382
nc73566491,NC,MGPB,,EHZ,-1,85.0,,358.1,,19.3479172284
nc73566491,NC,MDPB,,HHZ,1,82.0,,321.1,,25.78610347854
nc73566491,NC,MMT,,EHZ,1,81.0,,251.5,,26.5199899941
nc73566491,NC,MINS,,HHZ,-1,81.0,,327.0,,26.76461883262
nc73566491,CI,MLAC,,HHZ,1,85.0,,14.8,,20.48210547972
nc73566491,BK,MMI,0.0,HHZ,1,75.0,,267.5,,75.16777038160001
nc73566491,NC,MMI,,EHZ,1,75.0,,267.5,,75.16777038160001
nc73566491,NC,MHD,,EHZ,1,75.0,,247.5,,96.11689455304
nc73566501,NC,MQ1P,,EHZ,1,149.0,,326.1,,2.02374766412
nc73566501,NC,MLI,,HHZ,-1,124.0,,349.2,,4.417774433818
nc73566501,NC,MMX1,,HN3,-1,121.0,,63.3,,4.815852271046
nc73566501,NC,MCY,,EHZ,1,116.0,,340.1,,5.344028172396
nc73566501,NC,MDY,,HHZ,1,109.0,,357.3,,6.709501871044
nc73566501,NC,MDPB,,HHZ,1,106.0,,301.7,,7.341089054131999
nc73566501,NC,MLC,,EHZ,1,103.0,,78.9,,8.387433313438
nc73566501,NC,MGPB,,EHZ,-1,98.0,,71.2,,9.845198801164
nc73566501,NC,MDC,2.0,EHZ,1,90.0,,346.7,,12.77629706634
nc73566501,NC,MCO,,EHZ,1,90.0,,79.5,,13.0654038755
nc73566501,NC,MDR,2.0,EHZ,1,86.0,,73.5,,15.88975501114
nc73566501,NC,MCB,,HHZ,1,96.0,,62.1,,11.14173164532
nc73566501,NC,MINS,,HHZ,1,105.0,,323.5,,7.759181978148
nc73566501,NC,MMP,,EHZ,1,146.0,,307.0,,2.22945827833
nc73566526,NC,MCV,,EHZ,1,111.0,,26.5,,6.151303339512
nc73566526,NC,MCO,,EHZ,1,101.0,,358.5,,8.715458346908001
nc73566526,NC,MLC,,EHZ,1,99.0,,328.7,,9.313687052016
nc73566526,NC,MDR,2.0,EHZ,-1,95.0,,11.2,,11.031648667986
nc73566526,NC,MLH,,EHZ,-1,86.0,,14.6,,15.83415754784
nc73566571,CI,MLAC,,HHZ,-1,172.0,,158.6,,0.9914139655656
nc73566571,NC,MCO,,EHZ,-1,159.0,,222.8,,2.955561149028
nc73566571,NC,MCB,,HHZ,-1,146.0,,277.5,,5.044913819842
nc73566571,NC,MGPB,,EHZ,1,142.0,,256.0,,5.705411683846
nc73566571,NC,MCS,,EHZ,-1,140.0,,287.5,,6.0679071445620005
nc73566571,NC,MEM,,EHZ,-1,127.0,,289.3,,9.30701535642
nc73566571,NC,MMLB,,HHZ,1,114.0,,280.6,,12.47607076452
nc73566571,NC,MQ1P,,EHZ,1,111.0,,259.9,,16.24557877626
nc73566571,NC,MMP,,EHZ,1,110.0,,259.1,,16.94610681384
nc73566571,NC,MDC,2.0,EHZ,1,107.0,,294.1,,19.47023164766
nc73566571,NC,MDPB,,HHZ,1,105.0,,268.2,,21.127036054
nc73566571,NC,MRC,,EHZ,-1,97.0,,82.3,,29.65568692422
nc73566571,NC,MCV,,EHZ,-1,144.0,,169.8,,5.4685664901880005
nc73566571,NC,MLC,,EHZ,-1,135.0,,246.1,,7.24990921432
nc73566571,NC,MLH,,EHZ,1,146.0,,26.5,,4.971525168286
nc73566576,NC,MCO,,EHZ,-1,161.0,,210.8,,2.286167690896
nc73566576,NC,MCB,,HHZ,-1,147.0,,281.7,,4.250982043918
nc73566576,NC,MCV,,EHZ,-1,139.0,,160.7,,5.4863576784440005
nc73566576,NC,MLH,,EHZ,1,138.0,,33.3,,5.567529974862
nc73566576,NC,MLC,,EHZ,-1,134.0,,244.7,,6.402603873628
nc73566576,NC,MDH1,1.0,DP1,-1,131.0,,312.6,,7.079780976622001
nc73566576,NC,MEM,,EHZ,1,124.0,,292.4,,8.595367826179999
nc73566576,NC,MMLB,,HHZ,-1,113.0,,282.4,,11.68658678566
nc73566576,NC,MQ1P,,EHZ,1,106.0,,260.1,,15.38937784144
nc73566576,NC,MMP,,EHZ,-1,106.0,,259.3,,16.08990587902
nc73566576,NC,MINS,,HHZ,-1,103.0,,275.9,,18.74746462476
nc73566576,NC,MDC,2.0,EHZ,1,103.0,,295.7,,18.7919425954
nc73566576,NC,MDPB,,HHZ,1,101.0,,268.7,,20.28195461184
nc73566591,CI,MLAC,,HHZ,1,173.0,,76.8,,0.8264006944912
nc73566591,NC,MCO,,EHZ,-1,166.0,,236.0,,1.892537650732
nc73566591,NC,MCV,,EHZ,-1,148.0,,161.7,,4.500058679502
nc73566591,NC,MCB,,HHZ,-1,146.0,,291.2,,4.890352871868
nc73566591,NC,MGPB,,EHZ,1,145.0,,267.0,,5.102735181674
nc73566591,NC,MCS,,EHZ,1,139.0,,298.8,,6.097929774744
nc73566591,NC,MLH,,EHZ,1,139.0,,25.5,,6.162422832172
nc73566591,NC,MLC,,EHZ,-1,137.0,,253.6,,6.452641590598
nc73566591,NC,MEM,,EHZ,1,125.0,,296.6,,9.332590189538
nc73566591,NC,MMX1,,HN3,1,122.0,,262.9,,10.195462819954
nc73566591,NC,MQ1P,,EHZ,1,110.0,,263.6,,15.64512617262
nc73566591,NC,MMP,,EHZ,1,109.0,,262.7,,16.334534717540002
nc73566591,NC,MBS1,,EP1,1,109.0,,329.3,,17.1240186964
nc73566591,NC,MINS,,HHZ,1,106.0,,278.5,,19.24784179446
nc73566591,NC,MDC,2.0,EHZ,1,106.0,,297.6,,19.55918758894
nc73566591,NC,MDPB,,HHZ,1,104.0,,271.2,,20.6822563476
nc73566591,NC,MRC,,EHZ,-1,96.0,,80.3,,30.25613952786
nc73566591,NC,MMLB,,HHZ,1,113.0,,286.1,,12.29815888196
nc73566620,NP,1589,10.0,HNZ,-1,92.0,,100.1,,22.47249466586
nc73566620,NP,1679,10.0,HNZ,-1,93.0,,51.8,,23.69563885846
nc73566620,NC,MCV,,EHZ,1,82.0,,314.3,,30.88995060948
nc73566620,NC,MRC,,EHZ,-1,81.0,,11.5,,31.43480574982
nc73566620,NC,MCO,,EHZ,-1,80.0,,314.7,,35.27103071752
nc73566620,NC,MLH,,EHZ,-1,80.0,,326.5,,37.66172163942
nc73566620,NC,MLC,,EHZ,1,80.0,,309.0,,38.22881576508
nc73566620,NC,MCB,,HHZ,1,80.0,,314.6,,39.38524300172
nc73566620,NC,MCS,,EHZ,-1,80.0,,315.0,,40.76406009156
nc73566620,NC,MMX1,,HN3,-1,80.0,,306.2,,41.68697798234
nc73566620,NC,MMLB,,HHZ,1,80.0,,309.7,,45.89014620782
nc73566620,NC,MQ1P,,EHZ,-1,80.0,,301.8,,45.95686316378
nc73566620,NC,MMP,,EHZ,-1,80.0,,301.0,,46.33492591422
nc73566620,NC,MDY,,HHZ,-1,80.0,,307.4,,48.11404473982
nc73566620,NC,MINS,,HHZ,1,80.0,,304.1,,51.34981710388
nc73566620,NC,MBS1,,EP1,-1,80.0,,321.6,,51.81683579560001
nc73566620,NC,MMT,,EHZ,1,80.0,,267.8,,53.30684781204
nc73566620,NC,MDPB,,HHZ,1,80.0,,300.8,,51.46101203048
nc73566620,NC,MFB,,EHZ,1,99.0,,74.4,,13.72145394244
nc73566620,NC,MTU,2.0,EHZ,1,134.0,,164.5,,4.9748610160840006
nc73566630,NP,1576,10.0,HNZ,-1,127.0,,17.0,,6.685
nc73566630,NC,MLH,,EHZ,-1,97.0,,349.2,,18.8253
nc73566630,NC,MCS,,EHZ,-1,96.0,,324.1,,19.6148
nc73566630,NC,MMX1,,HN3,-1,96.0,,305.7,,20.0707
nc73566630,NC,MEM,,EHZ,-1,90.0,,319.8,,22.4503
nc73566630,NC,MQ1P,,EHZ,-1,90.0,,297.4,,24.474
nc73566630,NC,MTU,2.0,EHZ,-1,90.0,,133.3,,25.7305
nc73566630,NC,MDY,,HHZ,-1,90.0,,307.9,,26.4866
nc73566630,NC,MCY,,EHZ,1,90.0,,303.1,,26.7424
nc73566630,NC,MRC,,EHZ,1,91.0,,52.6,,29.7002
nc73566630,NC,MINS,,HHZ,-1,91.0,,302.1,,29.7558
nc73566630,NC,MDPB,,HHZ,-1,92.0,,296.6,,30.0226
nc73566630,NC,MBS1,,EP1,-1,93.0,,331.7,,31.4348
nc73566630,NC,MDC,2.0,EHZ,-1,93.0,,313.2,,32.2021
nc73566630,NC,MMT,,EHZ,1,84.0,,247.2,,38.8626
nc73566630,BK,TOLH,0.0,HHZ,1,83.0,,223.5,,85.9982
nc73566630,BK,MMI,0.0,HHZ,1,83.0,,263.4,,86.3206
nc73566630,NC,MMI,,EHZ,1,83.0,,263.4,,86.3317
nc73566630,NC,MHD,,EHZ,-1,82.0,,246.4,,108.5374
nc73566630,NC,MPR,,EHZ,-1,82.0,,287.0,,114.086
nc73566630,CI,MLAC,,HHZ,-1,102.0,,337.8,,14.1885
nc73566630,NC,MCB,,HHZ,-1,98.0,,323.9,,18.2137
nc73566630,NC,MCO,,EHZ,-1,102.0,,326.9,,14.1885
nc73566630,NC,MCV,,EHZ,-1,113.0,,331.2,,9.893
nc73566630,NC,MLC,,EHZ,-1,99.0,,312.0,,16.6459
nc73566630,NC,MMLB,,HHZ,-1,90.0,,312.4,,24.3183
nc73566631,NC,MCV,,EHZ,-1,123.0,,308.0,,14.6221328479
nc73566631,CI,MLAC,,HHZ,-1,118.0,,318.0,,18.11365354314
nc73566631,NC,MCO,,EHZ,-1,117.0,,310.2,,18.96985447796
nc73566631,NC,MLH,,EHZ,-1,113.0,,331.5,,21.42726235582
nc73566631,NC,MLC,,EHZ,1,111.0,,301.0,,22.30570227596
nc73566631,NC,MCB,,HHZ,-1,111.0,,310.8,,23.0729472695
nc73566631,NC,MCS,,EHZ,1,109.0,,311.6,,24.42952537402
nc73566631,NC,MMX1,,HN3,1,108.0,,297.6,,26.00849333174
nc73566631,NC,MEM,,EHZ,1,107.0,,309.4,,27.5207443335
nc73566631,NC,MQ1P,,EHZ,-1,104.0,,292.1,,30.75651669756
nc73566631,NC,MMP,,EHZ,-1,104.0,,291.1,,31.23465488194
nc73566631,NC,MBS1,,EP1,-1,101.0,,322.3,,35.40446462944
nc73566631,NC,MINS,,HHZ,1,101.0,,296.8,,35.81588585786
nc73566631,NC,MDPB,,HHZ,1,101.0,,292.3,,36.31626302756
nc73566631,NC,MDC,2.0,EHZ,1,100.0,,306.5,,37.61724366878
nc73566631,NC,MMT,,EHZ,-1,97.0,,250.9,,45.06730375098
nc73566631,BK,MMI,0.0,HHZ,1,89.0,,264.2,,93.0145561009
nc73566636,NC,MCV,,EHZ,1,161.0,,39.5,,3.5838124843180004
nc73566636,NC,MCO,,EHZ,-1,149.0,,353.3,,6.01564552906
nc73566636,NC,MLC,,EHZ,-1,143.0,,314.5,,7.4500600822
nc73566636,NC,MCB,,HHZ,-1,136.0,,337.3,,9.539412753014
nc73566636,NC,MCS,,EHZ,-1,132.0,,335.9,,10.920453741386002
nc73566636,NC,MMX1,,HN3,-1,132.0,,302.1,,10.90266255313
nc73566636,NC,MEM,,EHZ,-1,124.0,,326.4,,13.46570561126
nc73566636,NC,MMP,,EHZ,-1,120.0,,288.0,,16.123264357
nc73566636,NC,MINS,,HHZ,-1,114.0,,298.6,,20.67113685494
nc73566636,NC,MDPB,,HHZ,-1,113.0,,290.7,,21.17151402464
nc73566636,NC,MDC,2.0,EHZ,-1,110.0,,314.4,,23.00623031354
nc73566636,NC,MGPB,,EHZ,1,141.0,,328.1,,7.974900135752001
nc73566660,NC,MCV,,EHZ,1,116.0,,297.8,,23.58444393186
nc73566660,NC,MCO,,EHZ,1,112.0,,300.8,,27.76537317202
nc73566660,NC,MLC,,EHZ,1,109.0,,295.3,,31.50152270578
nc73566660,NC,MCB,,HHZ,-1,109.0,,302.5,,31.79062951494
nc73566660,NC,MMP,,EHZ,-1,103.0,,289.0,,40.70846262826
nc73566660,NC,MINS,,HHZ,1,101.0,,293.8,,45.12290121428
nc73566660,NC,MDPB,,HHZ,1,101.0,,290.2,,45.7567122959
nc73566660,NC,MDC,2.0,EHZ,1,101.0,,301.6,,46.4794793188
nc73566660,NC,MMT,,EHZ,1,98.0,,256.3,,53.50699867992
nc73566660,NC,MRC,,EHZ,-1,119.0,,20.4,,21.59405474572
nc73566660,NC,MEM,,EHZ,-1,105.0,,302.5,,36.27178505692
nc73566660,NN,LHV,,HHZ,1,92.0,,5.2,,84.69717559122
nc73566666,NC,MCV,,EHZ,-1,145.0,,159.6,,3.84734446036
nc73566666,NC,MLC,,EHZ,-1,129.0,,259.5,,6.370357344914
nc73566666,NC,MBS1,,EP1,-1,99.0,,330.2,,17.735590792700002
nc73566720,NC,MTU,2.0,EHZ,1,134.0,,162.3,,4.897024567464
nc73566720,NC,MFB,,EHZ,1,99.0,,74.1,,13.921604810320002
nc73566720,NC,MCV,,EHZ,-1,81.0,,314.7,,30.86771162416
nc73566720,NC,MCO,,EHZ,-1,79.0,,315.0,,35.248791732200004
nc73566720,NC,MLC,,EHZ,1,79.0,,309.3,,38.18433779444
nc73566720,NC,MINS,,HHZ,1,79.0,,304.3,,51.28310014792
nc73566720,NC,MDPB,,HHZ,1,79.0,,301.1,,51.38317558186
nc73566720,NC,MMT,,EHZ,1,79.0,,267.9,,53.14005542214
nc73566720,NP,1589,10.0,HNZ,-1,87.0,,99.7,,22.61704807044
nc73566720,NC,MRC,,EHZ,-1,81.0,,11.7,,31.590478647060003
nc73566720,NC,MEM,,EHZ,1,79.0,,313.6,,43.7552036171
nc73567111,NP,1679,10.0,HNZ,1,122.0,,66.2,,16.734836453299998
nc73567111,NC,MRC,,EHZ,-1,112.0,,7.4,,23.084066762160003
nc73567111,NC,MCV,,EHZ,1,107.0,,298.3,,28.88844193068
nc73567111,NC,MDR,2.0,EHZ,1,105.0,,306.2,,32.213170236020005
nc73567111,NC,MCO,,EHZ,1,104.0,,300.8,,33.06937117084
nc73567111,NC,MLH,,EHZ,1,104.0,,314.3,,33.6920627598
nc73567111,NC,MCB,,HHZ,-1,102.0,,302.2,,37.0835080211
nc73567111,NC,MEM,,EHZ,-1,100.0,,302.2,,41.57578305574
nc73567111,NC,MDPB,,HHZ,1,96.0,,291.3,,50.982873846100006
nc73567111,NC,MDC,2.0,EHZ,-1,96.0,,301.5,,51.78347731762
nc73567111,NC,MMT,,EHZ,1,95.0,,260.0,,57.45441857422001
nc73567141,NC,MCY,,EHZ,1,161.0,,231.0,,0.6016757478326
nc73567141,NC,MDY,,HHZ,1,139.0,,38.3,,1.659028304872
nc73567141,NC,MINS,,HHZ,1,107.0,,284.2,,3.375877971576
nc73567141,NC,MQ1P,,EHZ,1,99.0,,176.6,,3.730589787430001
nc73567141,NC,MMP,,EHZ,-1,100.0,,186.0,,4.088637451082
nc73567141,NC,MDPB,,HHZ,1,75.0,,252.3,,5.143877304516001
nc73567141,NC,MDC,2.0,EHZ,-1,66.0,,347.3,,7.210990990010001
nc73567146,NC,MEM,,EHZ,1,156.0,,28.3,,2.611968825834
nc73567146,NC,MCS,,EHZ,1,142.0,,75.9,,4.373296463178
nc73567146,NC,MGPB,,EHZ,1,138.0,,115.5,,4.979308813148
nc73567146,NC,MCB,,HHZ,1,137.0,,91.2,,5.03157042865
nc73567146,NC,MQ1P,,EHZ,1,126.0,,238.7,,6.967474100755999
nc73567146,NC,MMP,,EHZ,1,123.0,,239.0,,7.702472565582
nc73567146,NC,MCO,,EHZ,1,119.0,,110.1,,8.538658413614
nc73567146,NC,MINS,,HHZ,1,116.0,,275.7,,9.498270630172
nc73567146,NC,MDC,2.0,EHZ,-1,112.0,,312.8,,10.55239853434
nc73567146,NC,MDPB,,HHZ,1,110.0,,262.5,,11.1750901233
nc73567171,CI,MLAC,,HHZ,-1,173.0,,103.1,,0.8109445996938001
nc73567171,NC,MDR,2.0,EHZ,-1,172.0,,49.7,,1.054127904168
nc73567171,NC,MCO,,EHZ,-1,163.0,,227.9,,2.131606742922
nc73567171,NC,MCB,,HHZ,1,146.0,,287.0,,4.783605742332
nc73567171,NC,MCV,,EHZ,-1,146.0,,163.2,,4.84809879976
nc73567171,NC,MGPB,,EHZ,-1,144.0,,262.9,,5.150549000112
nc73567171,NC,MCS,,EHZ,-1,140.0,,295.6,,5.942256877504001
nc73567171,NC,MDH1,1.0,DP1,-1,131.0,,313.5,,7.746950536221999
nc73567171,NC,MEM,,EHZ,1,125.0,,294.5,,9.185812886426
nc73567171,NC,MMX1,,HN3,-1,121.0,,260.8,,10.262179775914
nc73567171,NC,MMLB,,HHZ,1,113.0,,284.4,,12.20920294068
nc73567171,NC,MDY,,HHZ,1,110.0,,281.3,,15.033554076319998
nc73567171,NC,MQ1P,,EHZ,-1,110.0,,262.3,,15.711843128580002
nc73567171,NC,MMP,,EHZ,1,109.0,,261.4,,16.4012516735
nc73567171,NC,MINS,,HHZ,1,106.0,,277.4,,19.214483316480003
nc73567171,NC,MDC,2.0,EHZ,1,105.0,,296.6,,19.4035146917
nc73567171,NC,MDPB,,HHZ,1,104.0,,270.2,,20.69337584026
nc73567171,NC,MRC,,EHZ,1,96.0,,81.0,,30.189422571900003
nc73567171,NC,MTU,2.0,EHZ,-1,92.0,,141.2,,39.718827781520005
nc73567171,NC,MMT,,EHZ,-1,92.0,,226.2,,41.008688930080005
nc73567171,BK,MMI,0.0,HHZ,1,87.0,,253.7,,82.87357879497999
nc73567171,NC,MLC,,EHZ,-1,136.0,,250.5,,6.580515756188
nc73567171,NC,MLH,,EHZ,1,140.0,,27.0,,5.824390255308001
nc73567181,NC,MDR,2.0,EHZ,1,168.0,,28.6,,1.155315287374
nc73567181,NC,MCO,,EHZ,-1,158.0,,239.1,,2.136054539986
nc73567181,NC,MCV,,EHZ,-1,139.0,,165.1,,4.458916556659999
nc73567181,NC,MLC,,EHZ,-1,125.0,,253.9,,6.717285515906
nc73567181,NC,MBS1,,EP1,1,98.0,,328.5,,17.235213623
nc73567196,NC,MDR,2.0,EHZ,-1,170.0,,38.8,,1.397720227362
nc73567196,NC,MCO,,EHZ,-1,167.0,,235.9,,1.822484846974
nc73567196,NC,MCV,,EHZ,-1,150.0,,160.8,,4.483379440512
nc73567196,NC,MCB,,HHZ,1,148.0,,291.9,,4.849210749026001
nc73567196,NC,MGPB,,EHZ,1,147.0,,267.4,,5.04268992131
nc73567196,NC,MCS,,EHZ,1,141.0,,299.4,,6.063459347498
nc73567196,NC,MLC,,EHZ,-1,140.0,,253.7,,6.385924634638
nc73567196,NC,MDH1,1.0,DP1,-1,133.0,,316.0,,7.980459882082
nc73567196,NC,MEM,,EHZ,1,128.0,,297.0,,9.297007813026
nc73567196,NC,MMX1,,HN3,1,125.0,,263.1,,10.133193661058
nc73567196,NC,MDY,,HHZ,-1,113.0,,282.8,,15.05579306164
nc73567196,NC,MQ1P,,EHZ,1,113.0,,263.7,,15.58952870932
nc73567196,NC,MMP,,EHZ,1,112.0,,262.8,,16.27893725424
nc73567196,NC,MBS1,,EP1,1,111.0,,329.6,,17.1240186964
nc73567196,NC,MINS,,HHZ,1,108.0,,278.6,,19.20336382382
nc73567196,NC,MDC,2.0,EHZ,1,108.0,,297.8,,19.52582911096
nc73567196,NC,MDPB,,HHZ,1,106.0,,271.3,,20.61553939164
nc73567196,NC,MRC,,EHZ,-1,98.0,,80.3,,30.32285648382
nc73567196,BK,MMI,0.0,HHZ,1,88.0,,254.0,,82.69566691242001
nc73567196,NC,MMLB,,HHZ,1,116.0,,286.4,,12.253680911320002
nc73567201,NC,MDR,2.0,EHZ,-1,170.0,,30.1,,0.957944292659
nc73567201,NC,MCV,,EHZ,-1,137.0,,166.5,,4.620149200229999
nc73567201,NC,MGPB,,EHZ,1,132.0,,264.8,,5.456335048262001
nc73567201,NC,MLC,,EHZ,-1,124.0,,252.6,,6.840711884432
nc73567201,NC,MEM,,EHZ,-1,113.0,,294.5,,9.542748600812
nc73567201,NC,MBS1,,EP1,1,98.0,,328.0,,17.11289920374
nc73567291,NC,MCO,,EHZ,1,97.0,,9.3,,8.962311083960001
nc73567291,NC,MGPB,,EHZ,-1,95.0,,347.9,,9.848534648962
nc73567291,NC,MMX1,,HN3,-1,93.0,,320.8,,11.1750901233
nc73567416,NC,MLC,,EHZ,1,155.0,,79.2,,1.75687984028
nc73567416,NC,MMX1,,HN3,1,147.0,,291.9,,2.370675835112
nc73567416,NC,MMP,,EHZ,1,106.0,,270.4,,8.289581778030001
nc73567416,NC,MDPB,,HHZ,1,90.0,,281.5,,13.0098064122
nc73567416,NC,MDC,2.0,EHZ,-1,92.0,,319.9,,14.6221328479
nc73567416,NC,MBS1,,EP1,-1,86.0,,357.1,,16.87938985788
nc73567571,NC,MMX1,,HN3,-1,83.0,,311.4,,14.58877436992
nc73567571,NC,MLH,,EHZ,-1,82.0,,6.3,,16.53468558542
nc73567571,NC,MEM,,EHZ,-1,81.0,,328.7,,17.63551535876
nc73567571,NC,MDH1,1.0,DP1,1,81.0,,338.8,,17.791188256
nc73567571,NC,MQ1P,,EHZ,-1,80.0,,299.2,,18.78082310274
nc73567571,NC,MMP,,EHZ,-1,80.0,,297.4,,19.20336382382
nc73567571,NC,MDY,,HHZ,-1,79.0,,312.4,,21.0714385907
nc73567571,NC,MCY,,EHZ,-1,79.0,,306.3,,21.17151402464
nc73567571,NC,MINS,,HHZ,-1,77.0,,304.7,,24.16265755018
nc73567571,NC,MDC,2.0,EHZ,-1,75.0,,317.7,,26.97588919316
nc73567571,NC,MMT,,EHZ,1,71.0,,240.6,,34.94856543038
nc73567571,BK,MMI,0.0,HHZ,1,66.0,,261.5,,81.2834913446
nc73567571,CI,MLAC,,HHZ,-1,85.0,,359.7,,11.066119095232
nc73567571,NC,MCB,,HHZ,-1,84.0,,336.9,,13.75481242042
nc73567571,NC,MCO,,EHZ,-1,86.0,,346.2,,10.117626371334
nc73567571,NC,MCS,,EHZ,-1,83.0,,335.9,,15.13362951026
nc73567571,NC,MCV,,EHZ,1,90.0,,4.9,,6.631665422424
nc73567571,NC,MDPB,,HHZ,-1,77.0,,297.8,,24.32944994008
nc73567571,NC,MGPB,,EHZ,-1,87.0,,330.8,,12.16472497004
nc73567571,NC,MLC,,EHZ,-1,85.0,,322.3,,11.47531642512
nc73567571,NC,MMLB,,HHZ,-1,80.0,,318.5,,19.09216889722
nc73567586,NC,MDR,2.0,EHZ,1,157.0,,100.4,,1.7757829778020002
nc73567586,CI,MLAC,,HHZ,-1,153.0,,124.4,,2.09602436641
nc73567586,NC,MCO,,EHZ,-1,149.0,,194.8,,2.508557544096
nc73567586,NC,MCB,,HHZ,-1,138.0,,276.2,,3.654977237342
nc73567586,NC,MGPB,,EHZ,1,131.0,,248.5,,4.478931643448001
nc73567586,NC,MCS,,EHZ,-1,130.0,,289.5,,4.687978105456001
nc73567586,NC,MLH,,EHZ,1,123.0,,40.5,,5.516380308626
nc73567586,NC,MCV,,EHZ,-1,120.0,,157.5,,6.107937318138
nc73567586,NC,MLC,,EHZ,1,120.0,,238.7,,6.153527238044
nc73567586,NC,MEM,,EHZ,-1,111.0,,290.8,,7.932646063644
nc73567586,NC,MMX1,,HN3,1,106.0,,254.0,,9.559427839802
nc73567586,NC,MMP,,EHZ,1,94.0,,257.3,,15.66736515794
nc73567586,NC,MINS,,HHZ,1,94.0,,274.6,,18.16925100644
nc73567586,NC,MDPB,,HHZ,1,85.0,,267.3,,19.77045794948
nc73567586,NC,MMT,,EHZ,1,74.0,,224.2,,41.04204740806
nc73567731,NC,MDPB,,HHZ,1,148.0,,307.0,,1.898097397062
nc73567731,NC,MMP,,EHZ,1,130.0,,114.9,,3.254675501582
nc73567731,NC,MINS,,HHZ,-1,126.0,,1.8,,3.528215021018
nc73567731,NC,MLI,,HHZ,-1,120.0,,67.2,,4.237638652726
nc73567731,NC,MDY,,HHZ,1,108.0,,47.7,,5.957824167228001
nc73567731,NC,MMX1,,HN3,1,97.0,,93.4,,9.059050670102
nc73567731,NC,MDC,2.0,EHZ,1,95.0,,10.4,,9.897460416666
nc73567731,NC,MEM,,EHZ,1,91.0,,65.5,,11.85337917556
nc73567731,NC,MCB,,HHZ,1,88.0,,80.2,,14.80004473046
nc73567731,NC,MDR,2.0,EHZ,1,82.0,,84.8,,20.05956475864
nc73567731,NC,MCV,,EHZ,1,82.0,,99.8,,20.88240721548
nc73567751,NC,MINS,,HHZ,1,100.0,,322.8,,38.51792257424
nc73567751,NC,MTU,2.0,EHZ,1,113.0,,97.6,,20.8490487375
nc73567751,NC,MCV,,EHZ,-1,110.0,,353.1,,23.70675835112
nc73567751,NC,MCO,,EHZ,-1,106.0,,347.7,,27.38731042158
nc73567751,NC,MLC,,EHZ,-1,106.0,,338.1,,28.03224099586
nc73567751,CI,MLAC,,HHZ,1,106.0,,352.9,,28.21015287842
nc73567751,NC,MDR,2.0,EHZ,-1,105.0,,353.2,,29.066353813240003
nc73567751,NC,MMT,,EHZ,1,102.0,,269.7,,33.93669159832
nc73567751,NC,MDPB,,HHZ,1,100.0,,318.7,,37.71731910272
nc73567751,NC,MCB,,HHZ,-1,103.0,,343.4,,30.86771162416
nc73567751,NC,MLH,,EHZ,-1,102.0,,357.2,,33.40295595064
nc73567751,NC,MDH,,HNZ,1,101.0,,343.6,,34.93744593772
nc73567751,BK,HELL,0.0,HHZ,-1,90.0,,194.6,,80.02698867402
nc73567751,BK,MMI,0.0,HHZ,1,90.0,,273.5,,84.00776704629999
nc73567751,NC,MMI,,EHZ,1,90.0,,273.5,,84.01888653896
nc73567751,NC,MHD,,EHZ,1,88.0,,253.7,,101.67664088304
nc73567751,NC,MCS,,EHZ,1,103.0,,342.7,,32.213170236020005
nc73567751,BK,LIND,0.0,HHZ,-1,87.0,,191.6,,116.0875033704
nc73567751,NC,MPR,,EHZ,1,87.0,,294.2,,117.5330374162
nc73567791,NC,MDPB,,HHZ,1,126.0,,292.6,,2.248361415852
nc73567791,NC,MMP,,EHZ,1,117.0,,124.5,,2.904411482792
nc73567791,NC,MINS,,HHZ,-1,111.0,,352.2,,3.2802503347
nc73567966,NC,MCV,,EHZ,-1,125.0,,358.1,,7.481194661648001
nc73567966,NP,1576,10.0,HNZ,1,122.0,,51.2,,8.32850000234
nc73567966,NC,MCO,,EHZ,-1,112.0,,343.2,,11.1750901233
nc73567966,CI,MLAC,,HHZ,-1,109.0,,355.9,,11.96457410216
nc73567966,NC,MLC,,EHZ,-1,105.0,,321.8,,12.66510213974
nc73567966,NC,MDR,2.0,EHZ,-1,105.0,,356.2,,12.82077503698
nc73567966,NC,MGPB,,EHZ,-1,105.0,,329.6,,13.32115220668
nc73567966,NC,MCB,,HHZ,-1,103.0,,335.4,,14.87788117908
nc73567966,NC,MMX1,,HN3,-1,102.0,,311.8,,15.77856008454
nc73567966,NC,MCS,,EHZ,-1,102.0,,334.6,,16.26781776158
nc73567966,NC,MLH,,EHZ,-1,101.0,,3.3,,17.335289056940002
nc73567966,NC,MEM,,EHZ,-1,99.0,,328.0,,18.80306208806
nc73567966,NC,MDH,,HNZ,-1,99.0,,337.4,,18.89201802934
nc73567966,NC,MDH1,1.0,DP1,1,99.0,,337.4,,18.89201802934
nc73567966,NC,MQ1P,,EHZ,-1,98.0,,300.3,,19.92613084672
nc73567966,NC,MMLB,,HHZ,-1,97.0,,318.5,,20.28195461184
nc73567966,NC,MMP,,EHZ,1,97.0,,298.5,,20.32643258248
nc73567966,NC,MLI,,HHZ,-1,96.0,,307.0,,21.13815554666
nc73567966,NC,MDY,,HHZ,-1,93.0,,312.7,,22.25010481266
nc73567966,NC,MCY,,EHZ,-1,93.0,,306.9,,22.33906075394
nc73567966,NC,MINS,,HHZ,-1,91.0,,305.3,,25.319084786820003
nc73567966,NC,MDPB,,HHZ,-1,91.0,,298.7,,25.45251869874
nc73567966,NC,MDC,2.0,EHZ,-1,90.0,,317.7,,28.165674907780005
nc73567966,NC,MBS1,,EP1,1,90.0,,338.6,,28.443662224280004
nc73567966,NC,MRC,,EHZ,1,90.0,,59.1,,32.802503347
nc73567966,NC,MMT,,EHZ,1,91.0,,242.5,,35.248791732200004
nc73567966,NP,1679,10.0,HNZ,1,88.0,,89.0,,40.57502871634
nc73567966,NP,1589,10.0,HNZ,-1,88.0,,112.1,,47.58030909214
nc73567966,NP,1587,10.0,HNZ,1,88.0,,82.4,,52.52848332584
nc73567966,BK,OVRO,0.0,HHZ,-1,88.0,,123.9,,58.021512699880006
nc73567966,NP,2021,10.0,HNZ,-1,87.0,,41.3,,67.37300602694
nc73567966,CI,TIN,,HHZ,-1,87.0,,134.5,,74.15589654954
nc73567966,BK,MMI,0.0,HHZ,1,86.0,,262.2,,81.97289988952
nc73567966,BK,TOLH,0.0,HHZ,1,86.0,,220.7,,83.81873567108
nc73567966,NN,LHV,,HHZ,1,86.0,,19.1,,85.68681043795999
nc73567966,BK,HELL,0.0,HHZ,-1,85.0,,190.6,,95.1272597063
nc73567966,NP,1808,10.0,HNZ,-1,85.0,,145.3,,97.25108280436
nc73567966,WR,FRI,,HNZ,1,85.0,,233.2,,97.91825236396
nc73567966,NN,SJC,,EHZ,-1,85.0,,329.8,,106.43578374152
nc73567966,NC,MBUB,1.0,HNZ,-1,85.0,,272.5,,110.49439856242
nc73567966,GS,MCA04,0.0,HHZ,1,84.0,,57.6,,116.0875033704
nc73567966,BK,BUCR,0.0,HHZ,1,84.0,,278.6,,118.0890120492
nc73567966,BK,KARE,0.0,HHZ,1,84.0,,210.5,,119.0897663886
nc73567966,BK,LEGD,0.0,HHZ,1,84.0,,254.1,,122.0920294068
nc73567966,NC,MGS,1.0,EHZ,1,84.0,,233.0,,121.9808344802
nc73567966,CE,44015,10.0,HNZ,1,84.0,,146.2,,122.9815888196
nc73567966,BK,LIND,0.0,HHZ,-1,84.0,,189.0,,131.4324032412
nc73567966,CI,CWC,,HHZ,-1,83.0,,150.9,,137.32573435100002
nc73567966,CI,CGO,,HHZ,-1,83.0,,139.7,,141.217556782
nc73567966,BK,MERC,0.0,HHZ,1,83.0,,264.6,,145.22057413960002
nc73567966,CI,SPG2,,HHZ,-1,83.0,,177.9,,146.777303112
nc73567966,BK,CMB,0.0,HHZ,1,83.0,,293.0,,148.7788117908
nc73567966,LB,TPH,1.0,HHZ,1,82.0,,66.0,,154.004973341
nc73567966,CI,WMF,,HHZ,-1,81.0,,150.7,,178.3566622664
nc73567966,CI,ASP,,EHZ,-1,80.0,,195.3,,191.0328838988
nc73567966,CI,WCS2,,HHZ,-1,80.0,,150.1,,191.255273752
nc73567966,CI,WAS2,,HHZ,1,80.0,,173.0,,199.594893247
nc73567966,NP,MOD,1.0,HHZ,1,82.0,,273.8,,203.1531308982
nc73567966,CI,WNM,,EHZ,-1,82.0,,156.0,,203.8203004578
nc73567966,NC,HSL,2.0,EHZ,1,68.0,,255.0,,208.0457076686
nc73567966,CI,ISA,,HHZ,-1,67.0,,171.2,,208.8240721548
nc73567966,CI,WOR,,HHZ,-1,65.0,,165.4,,209.3800467878
nc73567966,NC,PJC,1.0,EHZ,1,64.0,,221.4,,209.9360214208
nc73567966,NC,PCE,1.0,EHZ,1,59.0,,218.4,,212.4935047326
nc73567966,NC,CDG,1.0,EHZ,1,49.0,,266.7,,217.942056136
nc73567966,BK,MTOS,0.0,HHZ,1,48.0,,270.2,,221.1667090074
nc73567966,NC,BBGB,,HHZ,1,48.0,,242.5,,223.0570227596
nc73567966,NC,PHF,,EHZ,1,48.0,,218.1,,230.173498062
nc73567966,NC,PBC,1.0,EHZ,-1,48.0,,235.4,,231.841421961
nc73567966,BK,PKD,0.0,HHZ,1,48.0,,221.6,,232.61978644720003
nc73567966,BP,VCAB,40.0,DP1,-1,48.0,,221.0,,234.1765154196
nc73567966,CE,57202,10.0,HNZ,1,48.0,,273.9,,236.4004139516
nc73567966,NC,HGS,3.0,EHZ,1,48.0,,259.2,,237.401168291
nc73567966,BK,SAO,0.0,HHZ,1,48.0,,250.8,,247.6311015382
nc73567966,NC,PSAB,1.0,EHZ,1,48.0,,228.4,,248.0758812446
nc73567966,NC,HFP,,EHZ,-1,48.0,,250.9,,251.7453138224
nc73567966,CI,YEG2,,HHZ,-1,48.0,,204.0,,252.74606816180005
nc73567981,NP,1576,10.0,HNZ,-1,130.0,,21.7,,6.20467690428
nc73567981,NC,MMX1,,HN3,-1,97.0,,304.8,,19.42575367702
nc73567981,NC,MDH,,HNZ,-1,93.0,,327.6,,21.33830641454
nc73567981,NC,MDH1,1.0,DP1,1,93.0,,327.6,,21.33830641454
nc73567981,NC,MEM,,EHZ,-1,92.0,,319.4,,21.76084713562
nc73567981,NC,MQ1P,,EHZ,1,90.0,,296.4,,23.88467023368
nc73567981,NC,MMP,,EHZ,-1,90.0,,295.0,,24.32944994008
nc73567981,NC,MCY,,EHZ,-1,90.0,,302.3,,26.11968825834
nc73567981,NC,MINS,,HHZ,-1,90.0,,301.4,,29.14419026186
nc73567981,NC,MDPB,,HHZ,-1,90.0,,295.8,,29.44441656368
nc73567981,NC,MRC,,EHZ,1,90.0,,54.0,,29.60008946092
nc73567981,NC,MBS1,,EP1,-1,90.0,,331.7,,30.72315821958
nc73567981,NC,MDC,2.0,EHZ,-1,90.0,,312.7,,31.5237616911
nc73567981,NC,MMT,,EHZ,1,86.0,,246.1,,38.79590989074
nc73567981,BK,OVRO,0.0,BHZ,-1,86.0,,125.9,,54.2631241808
nc73567981,BK,MMI,0.0,HHZ,1,84.0,,263.0,,86.0648731884
nc73567981,CI,MLAC,,HHZ,-1,102.0,,338.1,,13.47682510392
nc73567981,NC,MCB,,HHZ,-1,99.0,,323.6,,17.5132009395
nc73567981,NC,MCO,,EHZ,-1,102.0,,326.7,,13.47682510392
nc73567981,NC,MCS,,EHZ,-1,97.0,,323.8,,18.91425701466
nc73567981,NC,MCV,,EHZ,-1,117.0,,331.2,,9.17914119083
nc73567981,NC,MDR,2.0,EHZ,-1,102.0,,339.4,,14.277428575439998
nc73567981,NC,MDY,,HHZ,-1,90.0,,307.3,,25.84170094184
nc73567981,NC,MGPB,,EHZ,-1,100.0,,317.8,,16.27893725424
nc73567981,NC,MLC,,EHZ,-1,100.0,,311.2,,15.97871095242
nc73567981,NC,MLH,,EHZ,-1,98.0,,349.9,,18.13589252846
nc73567981,NC,MMLB,,HHZ,-1,90.0,,311.8,,23.65116088782
nc73567986,NC,MCV,,EHZ,1,117.0,,9.6,,6.5338138870160005
nc73567986,NC,MCO,,EHZ,1,105.0,,348.9,,9.8407510041
nc73567986,CI,MLAC,,HHZ,1,102.0,,2.5,,10.909334248726
nc73567986,NC,MGPB,,EHZ,-1,99.0,,332.7,,11.76442323428
nc73567986,NC,MDR,2.0,EHZ,1,98.0,,2.4,,11.77554272694
nc73567986,NC,MCB,,HHZ,1,94.0,,338.7,,13.3989886553
nc73567996,NC,MCO,,EHZ,-1,89.0,,349.2,,12.35375634526
nc73567996,NC,MLC,,EHZ,-1,87.0,,328.7,,13.33227169934
nc73567996,NC,MGPB,,EHZ,1,85.0,,335.7,,14.18847263416
nc73567996,NC,MBS1,,EP1,-1,74.0,,341.2,,29.48889453432
nc73568021,NC,MCV,,EHZ,-1,118.0,,354.5,,23.65116088782
nc73568021,NC,MCO,,EHZ,-1,115.0,,348.9,,27.26499600232
nc73568021,NC,MLC,,EHZ,-1,114.0,,339.2,,27.80985114266
nc73568021,CI,MLAC,,HHZ,-1,114.0,,354.1,,28.14343592246
nc73568021,NC,MGPB,,EHZ,-1,113.0,,342.3,,28.910680916
nc73568021,NC,MMX1,,HN3,-1,112.0,,332.6,,29.93367424072
nc73568021,NC,MCB,,HHZ,-1,111.0,,344.4,,30.71203872692
nc73568021,NC,MCS,,EHZ,-1,110.0,,343.7,,32.04637784612
nc73568021,NC,MQ1P,,EHZ,-1,110.0,,323.7,,32.424440596560004
nc73568021,NC,MMP,,EHZ,1,110.0,,322.4,,32.546755015820004
nc73568021,NC,MLH,,EHZ,-1,109.0,,358.2,,33.380716965320005
nc73568021,NC,MMT,,EHZ,1,109.0,,269.7,,33.34735848734
nc73568021,NC,MDH,,HNZ,1,108.0,,344.5,,34.77065354782
nc73568021,NC,MCY,,EHZ,1,108.0,,326.0,,35.54901803402
nc73568021,NC,MDY,,HHZ,-1,107.0,,329.4,,36.16059013032
nc73568021,NC,MDPB,,HHZ,1,106.0,,319.3,,37.32813685962
nc73568021,NC,MRC,,EHZ,-1,104.0,,38.4,,41.98720428416
nc73568021,BK,TOLH,0.0,HHZ,-1,95.0,,230.1,,74.0002236523
nc73568021,BK,HELL,0.0,HHZ,-1,93.0,,194.2,,79.88243526944001
nc73568021,BK,MMI,0.0,HHZ,1,93.0,,273.5,,83.41843393532
nc73568021,BK,KARE,0.0,HHZ,1,90.0,,215.8,,106.75824902866
nc73568021,BK,LEGD,0.0,HHZ,1,88.0,,261.7,,120.7576902876
nc73568021,BK,BUCR,0.0,HHZ,1,88.0,,285.9,,123.42636852600002
nc73568021,CI,SPG2,,HHZ,-1,88.0,,178.6,,130.7652336816
nc73568021,BK,MERC,0.0,HHZ,-1,86.0,,271.0,,146.6661081854
nc73568021,NC,MINS,,HHZ,1,106.0,,323.5,,38.16209880912
nc73568021,NP,1589,10.0,HNZ,1,104.0,,92.5,,42.0872797181
nc73568021,NN,LHV,,HHZ,-1,91.0,,15.0,,100.44237719778
nc73568021,BK,LIND,0.0,HHZ,-1,88.0,,191.3,,115.9763084438
nc73568021,NP,1576,10.0,HNZ,1,121.0,,11.8,,21.72748865764
nc73568021,NP,1679,10.0,HNZ,-1,104.0,,66.4,,41.99832377682
nc73568021,BK,CMB,0.0,HHZ,-1,85.0,,298.1,,157.5632109922
nc73568381,NC,MCV,,EHZ,1,106.0,,22.9,,7.599061283844
nc73568381,NC,MCO,,EHZ,1,98.0,,359.9,,10.211030109678
nc73568381,CI,MLAC,,HHZ,1,95.0,,11.5,,11.69770627832
nc73568381,NC,MDR,2.0,EHZ,1,90.0,,10.8,,12.54278772048
nc73568386,NP,1576,10.0,HNZ,-1,120.0,,41.4,,9.943050336572
nc73568386,NC,MMX1,,HN3,-1,105.0,,317.6,,17.2908110863
nc73568386,NC,MLH,,EHZ,-1,103.0,,3.2,,19.5703070816
nc73568386,NC,MDH,,HNZ,-1,101.0,,340.0,,20.94912417144
nc73568386,NC,MDH1,1.0,DP1,1,101.0,,340.0,,20.94912417144
nc73568386,NC,MQ1P,,EHZ,-1,101.0,,305.7,,21.06031909804
nc73568386,NC,MMP,,EHZ,-1,100.0,,303.9,,21.4050233705
nc73568386,NC,MCY,,EHZ,-1,98.0,,311.3,,23.6845193658
nc73568386,NC,MDY,,HHZ,-1,98.0,,316.8,,23.76235581442
nc73568386,NC,MINS,,HHZ,-1,96.0,,309.3,,26.608945935380003
nc73568386,NC,MDC,2.0,EHZ,-1,94.0,,320.7,,29.8002403288
nc73568386,NC,MBS1,,EP1,1,94.0,,340.3,,30.50076836638
nc73568386,NC,MRC,,EHZ,1,93.0,,55.9,,34.0812450029
nc73568386,NC,MMT,,EHZ,1,93.0,,245.8,,34.1924399295
nc73568386,NC,MCD,,EHZ,1,93.0,,81.4,,34.32587384142
nc73568386,NC,MMI,,EHZ,1,87.0,,263.8,,81.60595663174
nc73568386,BK,TOLH,0.0,HHZ,1,87.0,,221.7,,82.08409481612
nc73568386,BK,HELL,0.0,HHZ,-1,86.0,,190.8,,92.91448066696
nc73568386,NC,MHD,,EHZ,-1,86.0,,245.9,,103.86718093706
nc73568386,NC,MPR,,EHZ,1,85.0,,288.2,,109.96066291474
nc73568386,CI,CWC,,HHZ,1,83.0,,150.4,,135.4354205988
nc73568386,BK,MMI,0.0,HHZ,1,87.0,,263.8,,81.60595663174
nc73568386,CI,MLAC,,HHZ,-1,108.0,,356.9,,14.19959212682
nc73568386,NC,MCB,,HHZ,-1,106.0,,338.8,,16.9016288432
nc73568386,NC,MCO,,EHZ,-1,109.0,,346.4,,13.31003271402
nc73568386,NC,MCS,,EHZ,-1,104.0,,337.8,,18.28044593304
nc73568386,NC,MCV,,EHZ,-1,120.0,,359.1,,9.717324635574
nc73568386,NC,MDPB,,HHZ,-1,96.0,,303.1,,26.5199899941
nc73568386,NC,MDR,2.0,EHZ,-1,107.0,,357.1,,15.05579306164
nc73568386,NC,MEM,,EHZ,-1,101.0,,331.5,,20.69337584026
nc73568386,NC,MGPB,,EHZ,-1,107.0,,334.2,,15.25594392952
nc73568386,NC,MLC,,EHZ,-1,108.0,,327.6,,14.43310147268
nc73568386,NC,MMLB,,HHZ,-1,99.0,,322.5,,21.94987851084
nc73568736,NC,MCV,,EHZ,-1,132.0,,358.4,,7.202095395881999
nc73568736,NC,MCO,,EHZ,-1,118.0,,343.0,,10.892655009736
nc73568736,CI,MLAC,,HHZ,-1,115.0,,356.0,,11.68658678566
nc73568736,NC,MLC,,EHZ,-1,111.0,,321.1,,12.42047330122
nc73568736,NC,MDR,2.0,EHZ,-1,111.0,,356.4,,12.54278772048
nc73568736,NC,MGPB,,EHZ,-1,110.0,,329.2,,13.0654038755
nc73568736,NC,MCB,,HHZ,-1,109.0,,335.1,,14.61101335524
nc73568736,NC,MMX1,,EP1,1,108.0,,311.2,,15.55617023134
nc73568736,NC,MCS,,EHZ,-1,108.0,,334.3,,16.00094993774
nc73568736,NC,MLH,,EHZ,-1,107.0,,3.5,,17.05730174044
nc73568736,NC,MEM,,EHZ,-1,105.0,,327.6,,18.54731375688
nc73568736,NC,MDH,,HNZ,-1,105.0,,337.2,,18.6251502055
nc73568736,NC,MQ1P,,EHZ,-1,104.0,,299.7,,19.748218964160003
nc73568736,NC,MMLB,,HHZ,-1,103.0,,318.0,,20.04844526598
nc73568736,NC,MMP,,EHZ,-1,103.0,,297.9,,20.15964019258
nc73568736,NC,MDY,,HHZ,-1,100.0,,312.2,,22.03883445212
nc73568736,NC,MINS,,HHZ,-1,98.0,,304.8,,25.1300534116
nc73568736,NC,MDPB,,HHZ,-1,98.0,,298.2,,25.27460681618
nc73568736,NC,MDC,2.0,EHZ,-1,96.0,,317.4,,27.93216556192
nc73568736,NC,MRC,,EHZ,1,94.0,,59.5,,32.70242791306
nc73568736,NC,MCD,,EHZ,1,93.0,,85.6,,33.992289061620006
nc73568736,NC,MMT,,EHZ,1,93.0,,242.1,,35.33774767348
nc73568736,NP,1679,10.0,HNZ,1,92.0,,89.4,,40.60838719432
nc73568736,BK,MMI,0.0,HHZ,1,87.0,,262.0,,81.96178039686
nc73568736,NC,MMI,,EHZ,1,87.0,,262.0,,81.96178039686
nc73568736,BK,TOLH,0.0,HHZ,1,87.0,,220.6,,84.00776704629999
nc73568736,NN,LHV,,HHZ,-1,87.0,,19.2,,85.44218159944
nc73568736,BK,HELL,0.0,HHZ,-1,86.0,,190.5,,95.39412753014
nc73568736,NC,MHD,,EHZ,1,86.0,,244.7,,104.95689121774
nc73568736,NC,MPR,,EHZ,1,85.0,,286.9,,109.2490153845
nc73568736,BK,KARE,0.0,HHZ,-1,85.0,,210.4,,119.3121562418
nc73568736,BK,LEGD,0.0,HHZ,1,84.0,,253.9,,122.0920294068
nc73568736,NC,MGS,1.0,EHZ,-1,84.0,,232.9,,122.0920294068
nc73568736,BK,LIND,0.0,HHZ,-1,84.0,,189.0,,131.6547930944
nc73568736,BK,WINE,0.0,HHZ,-1,84.0,,225.6,,135.101835819
nc73568736,CI,CWC,,HHZ,-1,83.0,,151.0,,137.5481242042
nc73568736,BK,WELL,0.0,HHZ,-1,80.0,,302.0,,195.147096183
nc73568736,CI,WAS2,,HHZ,1,80.0,,173.0,,199.8172831002
nc73568736,CI,WOR,,HHZ,-1,60.0,,165.4,,209.7136315676
nc73568736,BK,MNDO,0.0,HHZ,1,49.0,,296.4,,473.134412683
nc73568736,NC,GBL,1.0,EHZ,1,49.0,,294.1,,462.01492002300006
nc73568736,NC,MCY,,EHZ,-1,100.0,,306.4,,22.13890988606
nc73569146,NC,MCV,,EHZ,-1,138.0,,269.7,,8.165043460238
nc73569146,CI,MLAC,,HHZ,-1,132.0,,296.8,,9.819623968046
nc73569146,NC,MDR,2.0,EHZ,-1,131.0,,301.2,,10.222149602338
nc73569146,NC,MCO,,EHZ,-1,127.0,,285.9,,11.59763084438
nc73569146,NC,MLH,,EHZ,-1,126.0,,324.9,,11.97569359482
nc73569146,NC,MGPB,,EHZ,1,119.0,,285.2,,15.20034646622
nc73569146,NC,MCB,,HHZ,-1,119.0,,293.1,,15.35601936346
nc73569146,NC,MLC,,EHZ,-1,118.0,,278.7,,15.9564719671
nc73569146,NC,MCS,,EHZ,-1,117.0,,295.7,,16.55692457074
nc73569146,NC,MDH,,HNZ,-1,115.0,,303.3,,18.13589252846
nc73569146,NC,MMX1,,HN3,1,113.0,,278.6,,19.92613084672
nc73569146,NC,MRC,,EHZ,1,109.0,,65.3,,22.27234379798
nc73569146,NC,MMLB,,HHZ,-1,108.0,,289.7,,22.71712350438
nc73569146,NC,MMP,,EHZ,1,106.0,,274.8,,25.87505941982
nc73569146,NC,MCY,,EHZ,-1,105.0,,282.8,,26.47551202346
nc73569146,NC,MINS,,HHZ,-1,102.0,,283.9,,29.47777504166
nc73569146,NC,MDC,2.0,EHZ,-1,102.0,,296.3,,30.01151068934
nc73569146,NC,MDPB,,HHZ,1,102.0,,278.9,,30.61196329298
nc73569146,NC,MMT,,EHZ,1,96.0,,238.7,,45.84566823718
nc73569146,BK,MMI,0.0,HHZ,1,88.0,,258.2,,91.05752539274
nc73569146,NC,MMI,,EHZ,1,88.0,,258.2,,91.05752539274
nc73569146,BK,TOLH,0.0,HHZ,-1,88.0,,221.4,,94.70471898522
nc73569146,NC,MPR,,EHZ,1,87.0,,282.3,,115.1979439576
nc73569146,NC,MHD,,EHZ,1,87.0,,243.1,,115.3091388842
nc73569301,NC,MGPB,,EHZ,-1,162.0,,128.3,,1.3610259015839998
nc73569301,NC,MCS,,EHZ,1,148.0,,19.0,,2.49076635584
nc73569301,NC,MEM,,EHZ,1,131.0,,328.8,,4.206504073278
nc73569301,NC,MMX1,,HN3,1,130.0,,245.0,,4.3577291734540005
nc73569301,NC,MCO,,EHZ,-1,126.0,,109.6,,4.874785582144
nc73569301,NC,MDH,,HNZ,-1,124.0,,6.1,,5.144989253782
nc73569301,NC,MDH1,1.0,DP1,-1,124.0,,6.1,,5.144989253782
nc73569301,NC,MMLB,,HHZ,-1,117.0,,296.6,,6.320319627944
nc73569301,NC,MDR,2.0,EHZ,1,113.0,,86.1,,7.000832578736
nc73569301,NC,MCV,,EHZ,-1,106.0,,122.6,,8.999005409738
nc73569301,NC,MQ1P,,EHZ,1,104.0,,256.1,,9.66839886787
nc73569301,NC,MLH,,EHZ,1,102.0,,60.4,,10.137641458122
nc73569301,NC,MMP,,EHZ,1,102.0,,255.1,,10.38560614444
nc73569301,NC,MINS,,HHZ,-1,93.0,,279.9,,13.07652336816
nc73569301,NC,MDPB,,HHZ,-1,93.0,,269.4,,14.5109379213
nc73569301,NC,MCB,,HHZ,1,154.0,,53.3,,1.997060881736
nc73569301,NC,MLC,,EHZ,-1,149.0,,180.6,,2.3929148204320003
nc73569361,NC,MDPB,,HHZ,1,152.0,,1.9,,3.879590989074
nc73569361,NC,MMP,,EHZ,-1,146.0,,73.3,,4.804732778386
nc73569361,NC,MQ1P,,EHZ,-1,142.0,,71.8,,5.529723699818001
nc73569361,NC,MINS,,HHZ,1,137.0,,15.6,,6.506015155366
nc73569361,NC,MCY,,EHZ,1,135.0,,41.9,,6.815137051314
nc73569361,NC,MLI,,HHZ,-1,134.0,,51.6,,7.073109281026
nc73569361,NC,MDY,,HHZ,1,126.0,,41.8,,9.064610416432
nc73569361,NC,MMX1,,HN3,-1,120.0,,78.3,,10.916005944322
nc73569361,NC,MMLB,,HHZ,-1,119.0,,52.5,,11.29740454256
nc73569361,NC,MDC,2.0,EHZ,1,113.0,,15.3,,12.93196996358
nc73569361,NC,MEM,,EHZ,-1,111.0,,58.4,,14.59989386258
nc73569361,NC,MLC,,EHZ,-1,111.0,,83.5,,14.71108878918
nc73569361,NC,MGPB,,EHZ,-1,110.0,,78.4,,16.034308415719998
nc73569361,NC,MCO,,EHZ,1,106.0,,82.8,,19.39239519904
nc73569361,NC,MMT,,EHZ,-1,99.0,,199.5,,26.0752102877
nc73569886,NC,MMX1,,HN3,-1,133.0,,327.0,,9.509390122832
nc73569886,NC,MCB,,HHZ,-1,129.0,,1.9,,11.001626037804
nc73569886,NC,MDR,2.0,EHZ,1,126.0,,29.1,,11.7866622196
nc73569886,NC,MCS,,EHZ,-1,122.0,,358.0,,12.16472497004
nc73569886,NC,MQ1P,,EHZ,-1,121.0,,305.3,,12.99868691954
nc73569886,NC,MEM,,EHZ,-1,120.0,,345.7,,13.83264886904
nc73569886,NC,MDY,,HHZ,-1,118.0,,322.0,,15.9008745038
nc73569886,NC,MLH,,EHZ,1,117.0,,27.1,,16.6236415267
nc73569886,NC,MDPB,,HHZ,-1,114.0,,301.7,,18.46947730826
nc73569886,NC,MINS,,HHZ,1,114.0,,310.6,,18.55843324954
nc73569886,NC,MDC,2.0,EHZ,-1,109.0,,325.9,,22.08331242276
nc73569886,NC,MBS1,,EP1,1,107.0,,350.9,,24.25161349146
nc73569886,NC,MMT,,EHZ,1,101.0,,232.7,,31.00114553608
nc73569886,NC,MCO,,EHZ,1,136.0,,22.2,,8.839996664700001
nc73569886,NC,MCV,,EHZ,1,138.0,,51.9,,8.059408279968
nc73569886,NC,MGPB,,EHZ,-1,135.0,,358.9,,8.964534982492
nc73569886,NC,MLC,,EHZ,-1,141.0,,350.4,,7.519000936692
nc73569886,NC,MMLB,,HHZ,-1,120.0,,331.5,,14.38862350204
nc73569886,NC,MMP,,EHZ,-1,121.0,,302.5,,13.35451068466
nc73569891,NC,MCV,,EHZ,1,107.0,,16.1,,16.390132180840002
nc73569891,NP,1576,10.0,HNZ,1,106.0,,39.8,,17.59103738812
nc73569891,NC,MLC,,EHZ,-1,105.0,,350.5,,18.458357815600003
nc73569891,NC,MCO,,EHZ,-1,104.0,,4.7,,19.02545194126
nc73569891,NC,MMX1,,HN3,-1,103.0,,339.7,,20.015086788
nc73569891,NC,MDR,2.0,EHZ,-1,101.0,,10.6,,21.43838184848
nc73569891,NC,MCB,,HHZ,-1,101.0,,356.3,,21.82756409158
nc73569891,NC,MQ1P,,EHZ,-1,100.0,,325.9,,22.10555140808
nc73569891,NC,MCS,,EHZ,-1,99.0,,354.5,,23.05070828418
nc73569891,NC,MLI,,HHZ,-1,99.0,,330.1,,24.19601602816
nc73569891,NC,MEM,,EHZ,-1,98.0,,347.9,,24.7408711685
nc73569891,NC,MMLB,,HHZ,-1,98.0,,339.7,,24.97438051436
nc73569891,NC,MDH,,HNZ,-1,98.0,,354.5,,25.83058144918
nc73569891,NC,MDY,,HHZ,-1,97.0,,333.6,,26.03073231706
nc73569891,NC,MLH,,EHZ,-1,97.0,,12.7,,26.21976369228
nc73569891,NC,MDPB,,HHZ,-1,97.0,,319.5,,26.94253071518
nc73569891,NC,MMT,,EHZ,1,96.0,,253.2,,27.65417824542
nc73569891,NC,MDC,2.0,EHZ,-1,94.0,,334.0,,32.33548465528
nc73569891,NC,MBS1,,EP1,1,93.0,,350.8,,35.18207477624
nc73569891,NC,MCD,,EHZ,1,92.0,,73.8,,40.23032444388
nc73569891,NC,MRC,,EHZ,1,91.0,,52.6,,41.43122965116
nc73569891,BK,TOLH,0.0,HHZ,1,88.0,,222.0,,74.4450033587
nc73569891,BK,MMI,0.0,HHZ,-1,87.0,,267.9,,76.45763153016
nc73569891,NC,MHD,,EHZ,-1,86.0,,248.0,,97.17324635574
nc73569891,NC,MPR,,EHZ,1,86.0,,292.0,,107.59221097816
nc73569891,NC,MCY,,EHZ,-1,98.0,,328.9,,25.28572630884
nc73569891,NC,MGPB,,EHZ,-1,103.0,,354.4,,19.8482943981
nc73569891,NC,MINS,,HHZ,-1,96.0,,325.3,,27.832090127980003
nc73569891,NC,MMP,,EHZ,-1,100.0,,324.0,,22.19450734936
nc73569896,NC,MCV,,EHZ,-1,141.0,,338.1,,8.266230843444001
nc73569896,NC,MCO,,EHZ,-1,125.0,,330.9,,12.46495127186
nc73569896,NC,MCS,,EHZ,-1,118.0,,326.5,,17.835666226639997
nc73569896,NC,MMX1,,HN3,-1,118.0,,306.2,,18.1247730358
nc73569896,NC,MDH1,1.0,DP1,-1,115.0,,330.2,,20.32643258248
nc73569896,NC,MMLB,,HHZ,-1,111.0,,313.3,,22.4057777099
nc73569896,NC,MMP,,EHZ,-1,110.0,,295.6,,22.9617523429
nc73569896,NC,MCY,,EHZ,-1,109.0,,303.3,,24.7964686318
nc73569896,NC,MINS,,HHZ,-1,106.0,,302.2,,27.80985114266
nc73569896,NC,MDC,2.0,EHZ,-1,104.0,,313.9,,30.28949800584
nc73569896,NC,MRC,,EHZ,1,104.0,,56.0,,30.48964887372
nc73569896,NC,MCD,,EHZ,1,104.0,,84.3,,31.14569894066
nc73569896,NC,MMT,,EHZ,1,100.0,,244.8,,37.72843859538
nc73569896,BK,MMI,0.0,HHZ,1,90.0,,262.6,,84.77501203983999
nc73569896,NC,MMI,,EHZ,1,90.0,,262.6,,84.77501203983999
nc73569896,BK,TOLH,0.0,HHZ,-1,90.0,,222.3,,85.58673500402001
nc73569896,NC,MHD,,EHZ,1,88.0,,245.6,,107.40317960294
nc73569896,NC,MPR,,EHZ,1,88.0,,286.7,,112.1956809394
nc73569896,NC,MCB,,HHZ,-1,120.0,,326.6,,16.434610151479998
nc73569896,NC,MDPB,,HHZ,-1,106.0,,296.3,,28.0767189665
nc73569896,NC,MDR,2.0,EHZ,-1,124.0,,344.2,,13.49906408924
nc73569896,NC,MEM,,EHZ,-1,114.0,,321.5,,20.61553939164
nc73569896,NC,MGPB,,EHZ,-1,122.0,,320.6,,15.122510017600002
nc73569896,NC,MLC,,EHZ,-1,123.0,,313.5,,14.7333277745
nc73569896,NC,MLI,,HHZ,1,110.0,,303.2,,23.58444393186
nc73569956,NC,MLC,,EHZ,-1,145.0,,346.4,,6.409275569224
nc73569956,NC,MCO,,EHZ,1,140.0,,23.9,,7.652434848612001
nc73569956,NC,MMX1,,HN3,-1,136.0,,321.4,,8.695443260120001
nc73569956,NC,MDR,2.0,EHZ,1,130.0,,31.0,,10.631346932226
nc73569956,NC,MEM,,EHZ,-1,122.0,,343.3,,12.75405808102
nc73569956,NC,MMP,,EHZ,-1,122.0,,297.5,,12.97644793422
nc73569956,NC,MDPB,,HHZ,-1,115.0,,298.0,,18.10253405048
nc73569956,NC,MDC,2.0,EHZ,-1,110.0,,323.5,,21.26046996592
nc73569956,NC,MCV,,EHZ,1,142.0,,58.1,,7.175408613498001
nc73569956,NC,MGPB,,EHZ,-1,140.0,,356.9,,7.790316557596
nc73569976,NC,MMX1,,HN3,-1,135.0,,323.8,,8.763272165346
nc73569976,NC,MCB,,HHZ,1,130.0,,2.1,,10.09649933528
nc73569976,NC,MDR,2.0,EHZ,1,127.0,,31.4,,10.999402139272
nc73569976,NC,MMP,,EHZ,-1,120.0,,299.1,,12.88749199294
nc73569976,NC,MEM,,EHZ,-1,120.0,,344.7,,12.954208948900002
nc73569976,NC,MLH,,EHZ,-1,117.0,,28.6,,15.82303805518
nc73569976,NC,MDPB,,HHZ,-1,114.0,,299.2,,18.0135781092
nc73569976,NC,MDC,2.0,EHZ,-1,109.0,,324.5,,21.33830641454
nc73569976,NC,MBS1,,EP1,1,106.0,,350.6,,23.350934586
nc73569976,NC,MCV,,EHZ,1,139.0,,57.3,,7.535680175682
nc73569976,NC,MGPB,,EHZ,-1,137.0,,358.8,,8.058296330702001
nc73569976,NC,MLC,,EHZ,-1,143.0,,349.1,,6.62721762536
nc73570136,NC,MCV,,EHZ,-1,107.0,,5.9,,13.04316489018
nc73570136,NP,1576,10.0,HNZ,1,107.0,,37.0,,13.42122764062
nc73570136,NC,MCO,,EHZ,-1,104.0,,354.2,,16.26781776158
nc73570136,NC,MLC,,EHZ,-1,104.0,,338.0,,16.64588051202
nc73570136,CI,MLAC,,HHZ,-1,103.0,,2.4,,17.446483983540002
nc73570136,NC,MGPB,,EHZ,-1,103.0,,343.1,,17.74671028536
nc73570136,NC,MDR,2.0,EHZ,-1,102.0,,2.3,,18.30268491836
nc73570136,NC,MMX1,,EP1,1,102.0,,327.6,,18.9587349853
nc73570136,NC,MCB,,HHZ,-1,101.0,,346.4,,19.55918758894
nc73570136,NC,MCS,,EHZ,-1,99.0,,345.0,,20.88240721548
nc73570136,NC,MMP,,EHZ,-1,97.0,,313.1,,22.25010481266
nc73570136,NC,MLH,,EHZ,-1,96.0,,6.5,,22.95063285024
nc73570136,NC,MDH,,HNZ,-1,96.0,,346.1,,23.6289219025
nc73570136,NC,MMLB,,HHZ,-1,96.0,,330.2,,23.82907277038
nc73570136,NC,MDY,,HHZ,-1,95.0,,324.3,,25.319084786820003
nc73570136,NC,MDPB,,HHZ,-1,94.0,,310.6,,27.26499600232
nc73570136,NC,MINS,,HHZ,-1,94.0,,316.5,,27.72089520138
nc73570136,NC,MTU,2.0,EHZ,-1,93.0,,118.2,,28.221272371080005
nc73570136,NC,MMT,,EHZ,1,92.0,,250.1,,31.5793591544
nc73570136,NC,MDC,2.0,EHZ,-1,92.0,,326.6,,31.5237616911
nc73570136,NC,MFB,,EHZ,1,91.0,,97.4,,37.0835080211
nc73570161,NC,MCV,,EHZ,-1,130.0,,11.3,,4.4555807088620005
nc73570161,NC,MCO,,EHZ,-1,110.0,,344.5,,7.873712752546
nc73570161,NC,MLC,,EHZ,-1,104.0,,315.5,,9.588338520718
nc73570161,NC,MDR,2.0,EHZ,-1,104.0,,1.6,,9.693973700988
nc73570161,NC,MGPB,,EHZ,1,103.0,,326.1,,10.095387386014
nc73570196,NC,MLC,,EHZ,-1,131.0,,350.3,,8.02827370052
nc73570196,NC,MCV,,EHZ,1,130.0,,48.7,,8.298477372158
nc73570196,NC,MDR,2.0,EHZ,-1,115.0,,27.5,,12.1758444627
nc73570206,NC,MCO,,EHZ,1,98.0,,23.1,,7.947101404102001
nc73570206,NC,MCV,,EHZ,1,100.0,,56.1,,7.358880242388
nc73570206,NC,MDR,2.0,EHZ,-1,92.0,,30.3,,10.909334248726
nc73570226,NC,MDPB,,HHZ,1,136.0,,18.8,,6.462649133992
nc73570226,NC,MMP,,EHZ,-1,131.0,,61.0,,7.491202205042
nc73570226,NC,MINS,,HHZ,-1,124.0,,23.5,,9.27921662477
nc73570226,NC,MCY,,EHZ,-1,122.0,,41.6,,9.789601337864
nc73570226,NC,MDY,,HHZ,-1,112.0,,41.6,,12.04241055078
nc73570226,NC,MDC,2.0,EHZ,-1,108.0,,20.0,,15.66736515794
nc73570226,NC,MLC,,EHZ,1,107.0,,76.7,,17.02394326246
nc73570226,NC,MGPB,,EHZ,1,105.0,,72.8,,18.49171629358
nc73570226,NC,MCO,,EHZ,1,101.0,,77.5,,21.70524967232
nc73570226,NC,MCB,,HHZ,1,104.0,,67.6,,19.67038251554
nc73570226,NC,MCV,,EHZ,1,99.0,,86.5,,24.2404939988
nc73570296,NC,MCV,,EHZ,-1,128.0,,359.8,,5.978951203282
nc73570296,NP,1576,10.0,HNZ,1,119.0,,61.0,,7.675785783197999
nc73570296,NC,MCO,,EHZ,-1,111.0,,341.9,,9.675070563466
nc73570296,CI,MLAC,,HHZ,-1,109.0,,356.5,,10.455658948198
nc73570296,NC,MDR,2.0,EHZ,-1,106.0,,356.9,,11.31964352788
nc73570296,NC,MLC,,EHZ,-1,106.0,,318.0,,11.37524099118
nc73570296,NC,MGPB,,EHZ,-1,104.0,,326.9,,11.931215624180002
nc73570296,NC,MCB,,HHZ,-1,99.0,,333.6,,13.43234713328
nc73570296,NC,MMX1,,EP1,1,99.0,,308.0,,14.64437183322
nc73570296,NC,MCS,,EHZ,-1,99.0,,332.8,,14.82228371578
nc73570296,NC,MLH,,EHZ,-1,98.0,,4.4,,15.856396533160002
nc73570296,NC,MEM,,EHZ,-1,97.0,,325.9,,17.43536449088
nc73570296,NC,MDH,,HNZ,-1,97.0,,336.2,,17.43536449088
nc73570296,NC,MDH1,,DP1,1,97.0,,336.2,,17.43536449088
nc73570296,NC,MMLB,,HHZ,-1,96.0,,316.0,,19.03657143392
nc73570296,NC,MMP,,EHZ,-1,96.0,,295.0,,19.459112155
nc73570296,NC,MLI,,HHZ,-1,95.0,,303.9,,20.09292323662
nc73570296,NC,MDY,,HHZ,-1,94.0,,310.1,,21.093677576020003
nc73570296,NC,MCY,,EHZ,-1,94.0,,304.0,,21.2938284439
nc73570296,NC,MINS,,HHZ,-1,85.0,,302.7,,24.30721095476
nc73570296,NC,MDPB,,HHZ,-1,85.0,,295.9,,24.562959285940003
nc73570296,NC,MDC,2.0,EHZ,-1,83.0,,315.9,,26.92029172986
nc73570296,NC,MRC,,EHZ,1,81.0,,61.5,,32.25764820666
nc73570296,NC,MMT,,EHZ,1,79.0,,240.2,,35.77140788722
nc73570296,NC,MFB,,EHZ,1,79.0,,108.5,,37.3058978743
nc73570296,BK,OVRO,0.0,HHZ,-1,79.0,,125.0,,59.055625517260005
nc73570296,BK,MMI,0.0,HHZ,1,79.0,,261.2,,81.96178039686
nc73570296,NC,MMI,,EHZ,1,79.0,,261.2,,81.97289988952
nc73570296,NN,LHV,,HHZ,1,79.0,,19.6,,84.3413518261
nc73570296,BK,TOLH,0.0,HHZ,1,79.0,,219.9,,84.81949001048001
nc73570296,BK,HELL,0.0,HHZ,-1,78.0,,190.3,,96.56167425944
nc73570296,NC,MHD,,EHZ,1,78.0,,244.0,,105.32383447552
nc73570296,NC,MPR,,EHZ,1,78.0,,286.3,,108.73751872214
nc73570296,GS,MCA04,0.0,HHZ,1,78.0,,58.2,,115.5315287374
nc73570296,BK,BUCR,0.0,HHZ,1,78.0,,277.9,,117.6442323428
nc73570296,NN,WAK,,HHZ,-1,78.0,,333.8,,120.09052072800002
nc73570296,BK,LEGD,0.0,HHZ,1,78.0,,253.3,,122.31441926
nc73570296,BK,LIND,0.0,HHZ,-1,78.0,,188.8,,132.877937287
nc73570296,CI,CWC,,HHZ,1,78.0,,151.2,,138.7712683968
nc73570296,BK,MERC,0.0,HHZ,1,78.0,,264.0,,145.22057413960002
nc73570296,CI,POR,,HHZ,1,77.0,,185.6,,159.78710952420002
nc73570296,BK,WELL,0.0,HHZ,1,75.0,,301.7,,194.3687316968
nc73570296,CI,WNM,,EHZ,-1,75.0,,156.1,,205.2658345036
nc73570296,CI,ISA,,HHZ,-1,70.0,,171.2,,210.2696062006
nc73570296,CI,WOR,,HHZ,-1,69.0,,165.5,,210.9367757602
nc73570436,NC,MLC,,EHZ,1,150.0,,40.9,,2.295063285024
nc73570436,NC,MMX1,,HN3,1,140.0,,313.5,,3.331400000936
nc73570436,NC,MGPB,,EHZ,1,132.0,,38.3,,4.188712885022
nc73570436,NC,MCO,,EHZ,-1,116.0,,67.7,,6.6160981327
nc73570436,NC,MMP,,EHZ,-1,108.0,,279.8,,8.636509949022
nc73570436,NC,MCY,,EHZ,-1,104.0,,301.2,,9.980856611616002
nc73570436,NC,MINS,,HHZ,-1,93.0,,299.4,,13.0098064122
nc73570436,NC,MDPB,,HHZ,-1,94.0,,287.1,,13.57690053786
nc73570576,NC,MCV,,EHZ,-1,131.0,,0.2,,5.831061950904
nc73570576,NC,MCO,,EHZ,-1,114.0,,341.9,,9.520509615492
nc73570576,CI,MLAC,,HHZ,-1,112.0,,356.7,,10.305545797288
nc73570576,NC,MLC,,EHZ,-1,109.0,,317.6,,11.2306875866
nc73570576,NC,MGPB,,EHZ,-1,107.0,,326.7,,11.7866622196
nc73570576,NC,MCB,,HHZ,-1,102.0,,333.4,,13.276674236040002
nc73570576,NC,MMX1,,EP1,1,101.0,,307.6,,14.52205741396
nc73570576,NC,MCS,,EHZ,-1,101.0,,332.7,,14.6777303112
nc73570576,NC,MLH,,EHZ,-1,100.0,,4.6,,15.711843128580002
nc73570576,NC,MEM,,EHZ,-1,99.0,,325.8,,17.279691593640003
nc73570576,NC,MDH,,HNZ,-1,99.0,,336.1,,17.279691593640003
nc73570576,NC,MQ1P,,EHZ,1,97.0,,296.4,,18.903137522
nc73570576,NC,MMLB,,HHZ,-1,97.0,,315.8,,18.89201802934
nc73570576,NC,MDY,,HHZ,-1,94.0,,309.8,,20.97136315676
nc73570576,NC,MCY,,EHZ,1,94.0,,303.7,,21.17151402464
nc73570576,NC,MINS,,HHZ,-1,90.0,,302.4,,24.1848965355
nc73570576,NC,MDPB,,HHZ,-1,90.0,,295.6,,24.462883852
nc73570576,NC,MDC,2.0,EHZ,1,92.0,,315.7,,26.78685781794
nc73570576,NC,MRC,,EHZ,1,84.0,,61.8,,32.22428972868
nc73570576,NC,MCD,,EHZ,1,84.0,,87.9,,34.1368424662
nc73570576,NC,MMT,,EHZ,1,83.0,,240.0,,35.8047663652
nc73570576,BK,MMI,0.0,HHZ,1,82.0,,261.1,,81.93954141154
nc73570576,NC,MMP,,EHZ,1,96.0,,294.6,,19.3479172284
nc73570626,NC,MMX1,,HN3,-1,99.0,,307.7,,13.6769759718
nc73570626,NC,MCS,,EHZ,-1,99.0,,334.3,,13.921604810320002
nc73570626,NC,MLH,,EHZ,-1,98.0,,7.3,,15.27818291484
nc73570626,NC,MEM,,EHZ,-1,98.0,,326.8,,16.490207614779997
nc73570626,NC,MDH,,HNZ,1,98.0,,337.6,,16.55692457074
nc73570626,NC,MDH1,1.0,DP1,-1,98.0,,337.6,,16.55692457074
nc73570626,NC,MQ1P,,EHZ,-1,97.0,,295.9,,18.08029506516
nc73570626,NC,MMP,,EHZ,1,96.0,,294.1,,18.52507477156
nc73570626,NC,MCY,,EHZ,1,95.0,,303.6,,20.33755207514
nc73570626,NC,MINS,,HHZ,-1,93.0,,302.3,,23.350934586
nc73570626,NC,MDPB,,HHZ,-1,93.0,,295.2,,23.64004139516
nc73570626,NC,MDC,2.0,EHZ,-1,84.0,,316.0,,25.95289586844
nc73570626,NC,MBS1,,EP1,1,84.0,,338.8,,26.09744927302
nc73570626,NC,MMT,,EHZ,1,80.0,,238.7,,35.471181585400004
nc73570626,CI,MLAC,,HHZ,-1,111.0,,0.5,,9.789601337864
nc73570626,NC,MCB,,HHZ,-1,100.0,,335.2,,12.53166822782
nc73570626,NC,MCO,,EHZ,-1,114.0,,345.1,,8.848892258828
nc73570626,NC,MCV,,EHZ,-1,131.0,,7.4,,5.37627470111
nc73570626,NC,MGPB,,EHZ,-1,107.0,,328.2,,10.999402139272
nc73570626,NC,MLC,,EHZ,-1,109.0,,318.5,,10.411180977558
nc73570626,NC,MMLB,,HHZ,-1,97.0,,316.2,,18.0691755725
nc73570751,NC,MCV,,EHZ,-1,128.0,,0.1,,4.128667624658
nc73570751,NC,MCO,,EHZ,1,106.0,,338.0,,7.927086317314001
nc73570751,CI,MLAC,,HHZ,1,104.0,,356.0,,8.608711217372
nc73570751,NC,MLC,,EHZ,1,99.0,,311.0,,10.058693060236
nc73570751,NC,MGPB,,EHZ,1,99.0,,321.4,,10.416740723888
nc73570751,NC,MCB,,HHZ,-1,95.0,,329.7,,11.7866622196
nc73570751,NC,MCS,,EHZ,1,90.0,,329.3,,13.18771829476
nc73570751,NC,MMX1,,HN3,1,90.0,,301.9,,13.5657810452
nc73570751,NC,MLH,,EHZ,1,90.0,,5.1,,14.0105607516
nc73570751,NC,MMP,,EHZ,1,85.0,,289.8,,18.72522563944
nc73570751,NC,MMT,,EHZ,1,73.0,,237.7,,36.694325778
nc73570871,NC,MCV,,EHZ,1,122.0,,353.0,,7.888168093004
nc73570871,NC,MCO,,EHZ,1,108.0,,340.4,,11.7310647563
nc73570871,NC,MDR,2.0,EHZ,1,103.0,,353.2,,13.24331575806
nc73570871,NC,MLC,,EHZ,1,103.0,,320.3,,13.38786916264
nc73570871,NC,MGPB,,EHZ,1,102.0,,327.8,,13.99944125894
nc73570871,NC,MCB,,HHZ,-1,101.0,,333.5,,15.511692260700002
nc73570951,NC,MFB,,EHZ,1,132.0,,91.4,,6.146855542448001
nc73570951,NC,MTU,2.0,EHZ,-1,114.0,,213.7,,10.347799869396
nc73570951,NC,MCD,,EHZ,-1,104.0,,20.4,,13.91048531766
nc73570951,NP,1679,10.0,HNZ,1,103.0,,46.8,,15.83415754784
nc73570951,NP,1589,10.0,HNZ,1,101.0,,117.4,,16.92386782852
nc73570951,NC,MRC,,EHZ,-1,90.0,,358.4,,26.98700868582
nc73570951,NP,1587,10.0,HNZ,1,90.0,,53.5,,28.677171570140004
nc73570951,BK,OVRO,0.0,HHZ,-1,90.0,,139.4,,29.27762417378
nc73570951,NC,MCV,,EHZ,1,90.0,,301.4,,34.181320436840004
nc73570951,CI,MLAC,,HHZ,-1,91.0,,306.8,,37.17246396238
nc73570951,NC,MDR,2.0,EHZ,-1,91.0,,307.9,,37.68396062474
nc73570951,NC,MCO,,EHZ,1,91.0,,303.2,,38.4178471403
nc73570951,NC,MGPB,,EHZ,1,88.0,,301.5,,41.83153138692
nc73570951,NC,MLC,,EHZ,1,88.0,,298.9,,42.00944326948
nc73570951,NC,MCB,,HHZ,1,88.0,,304.2,,42.46534246854
nc73570951,NC,MCS,,EHZ,1,88.0,,304.9,,43.77744260242
nc73570951,NC,MDH,,HNZ,-1,88.0,,307.6,,45.61215889132
nc73570951,NC,MMX1,,EP1,-1,88.0,,297.1,,45.74559280324
nc73570951,NC,MEM,,EHZ,1,88.0,,304.1,,46.95761750318
nc73570951,CI,TIN,,HHZ,-1,88.0,,150.4,,48.0918057545
nc73570951,NC,MMLB,,HHZ,1,88.0,,301.1,,49.481742337
nc73570951,NC,MQ1P,,EHZ,1,88.0,,293.9,,50.46025769108
nc73570951,NC,MMP,,EHZ,1,88.0,,293.2,,50.9272763828
nc73570951,NC,MLI,,HHZ,1,88.0,,296.7,,51.30533913324
nc73570951,NC,MDY,,HHZ,1,88.0,,299.3,,51.95026970752
nc73570951,NC,MCY,,EHZ,1,88.0,,296.9,,52.50624434052
nc73570951,NC,MINS,,HHZ,1,88.0,,296.7,,55.55298532936
nc73570951,NC,MDPB,,HHZ,1,88.0,,293.8,,56.020004021080005
nc73570951,NC,MDC,2.0,EHZ,1,88.0,,303.1,,57.14307277974
nc73570951,NC,MMT,,EHZ,1,87.0,,264.4,,60.63459347498
nc73570951,NP,2021,10.0,HNZ,-1,87.0,,14.5,,62.6583411391
nc73570951,NP,1808,10.0,HNZ,-1,87.0,,159.4,,74.54507879264
nc73570951,NN,LHV,,HHZ,-1,85.0,,359.6,,91.10200336338
nc73570951,BK,HELL,0.0,HHZ,-1,85.0,,209.3,,95.48308347142
nc73570951,BK,TOLH,0.0,HHZ,1,85.0,,237.7,,99.33042793178
nc73570951,GS,MCA04,0.0,HHZ,-1,85.0,,43.8,,99.94200002808
nc73570951,BK,MMI,0.0,HHZ,1,85.0,,269.7,,110.26088921656
nc73570951,NC,MMI,,EHZ,1,85.0,,269.7,,110.26088921656
nc73570951,CI,CWC,,HHZ,1,84.0,,161.2,,116.0875033704
nc73570951,NC,MHD,,EHZ,1,84.0,,254.7,,128.6525300762
nc73570951,BK,KARE,0.0,HHZ,1,84.0,,224.2,,128.6525300762
nc73570951,BK,LIND,0.0,HHZ,-1,84.0,,202.7,,129.542089489
nc73570951,NN,SJC,,EHZ,-1,84.0,,321.3,,131.3212083146
nc73570951,CI,SPG2,,HHZ,-1,83.0,,190.0,,138.5488785436
nc73570951,NC,MPR,,EHZ,1,83.0,,287.7,,140.105607516
nc73570951,NC,MGS,1.0,EHZ,-1,83.0,,243.6,,141.43994663520002
nc73570951,CI,VOG,,HHZ,1,83.0,,212.8,,146.221328479
nc73570951,BK,LEGD,0.0,HHZ,1,83.0,,261.1,,148.3340320844
nc73570951,BK,BUCR,0.0,HHZ,1,83.0,,281.0,,148.445227011
nc73570951,BK,WINE,0.0,HHZ,1,82.0,,236.4,,151.1139052494
nc73570951,CI,POR,,HHZ,1,82.0,,197.1,,154.004973341
nc73570951,BK,MERC,0.0,HHZ,1,81.0,,269.1,,173.6864753492
nc73570951,CI,MPM,,HHZ,1,81.0,,149.2,,177.0223231472
nc73570951,BK,CMB,0.0,HHZ,1,81.0,,292.6,,179.46861153240002
nc73570951,CI,VES,,HHZ,-1,81.0,,196.7,,184.027603523
nc73570951,CI,ISA,,HHZ,-1,80.0,,179.4,,196.259045449
nc73570951,NC,BMS,,EHZ,1,48.0,,248.0,,221.1667090074
nc73570951,NC,PJC,1.0,EHZ,1,48.0,,228.9,,223.3906075394
nc73570951,NC,PCE,1.0,EHZ,1,48.0,,226.0,,224.5025568054
nc73570951,NC,HSL,2.0,EHZ,1,48.0,,259.5,,234.1765154196
nc73570951,CI,TEJ,,EHZ,1,48.0,,184.0,,244.7400334466
nc73570951,NC,PMPB,,HHZ,-1,48.0,,237.3,,245.740787786
nc73570951,BP,SMNB,40.0,DP1,1,48.0,,229.5,,246.5191522722
nc73570951,BP,VCAB,40.0,DP1,-1,48.0,,227.9,,247.29751675840004
nc73570951,NC,CSTC,,EHZ,-1,48.0,,275.9,,266.20065428040004
nc73571146,NC,MCD,,EHZ,-1,103.0,,21.3,,14.05503872224
nc73571146,NP,1679,10.0,HNZ,1,101.0,,47.3,,16.0676668937
nc73571146,NP,1589,10.0,HNZ,1,100.0,,116.8,,17.135138189059997
nc73571146,NC,MRC,,EHZ,-1,90.0,,358.9,,27.04260614912
nc73571146,NP,1587,10.0,HNZ,1,90.0,,53.7,,28.92180040866
nc73571146,BK,OVRO,0.0,HHZ,-1,90.0,,138.9,,29.4110580857
nc73571146,NC,MCV,,EHZ,1,90.0,,301.7,,33.98116956896
nc73571146,CI,MLAC,,HHZ,1,91.0,,307.1,,36.99455207982
nc73571146,NC,MDR,2.0,EHZ,1,88.0,,308.2,,37.50604874218
nc73571146,NC,MCO,,EHZ,1,88.0,,303.5,,38.22881576508
nc73571146,NC,MLH,,EHZ,-1,88.0,,315.1,,39.09613619256
nc73571146,NC,MGPB,,EHZ,1,88.0,,301.7,,41.63138051904
nc73571146,NC,MLC,,EHZ,1,88.0,,299.1,,41.79817290894
nc73571146,NC,MCB,,HHZ,1,88.0,,304.5,,42.27631109332
nc73571146,NC,MCS,,EHZ,1,88.0,,305.1,,43.588411227200005
nc73571146,NC,MDH,,HNZ,-1,88.0,,307.8,,45.43424700876
nc73571146,NC,MDH1,,DP1,1,88.0,,307.8,,45.43424700876
nc73571146,NC,MEM,,EHZ,1,88.0,,304.3,,46.76858612796
nc73571146,CI,TIN,,HHZ,-1,88.0,,150.0,,48.16964220312
nc73571146,NC,MMLB,,HHZ,1,88.0,,301.3,,49.28159146912
nc73571146,NC,MQ1P,,EHZ,1,88.0,,294.0,,50.23786783788
nc73571146,NC,MMP,,EHZ,1,88.0,,293.4,,50.7048865296
nc73571146,NC,MLI,,HHZ,1,88.0,,296.9,,51.094068772700005
nc73571146,NC,MDY,,HHZ,1,88.0,,299.5,,51.75011883964
nc73571146,NC,MCY,,EHZ,1,88.0,,297.1,,52.29497397998
nc73571146,NC,MINS,,HHZ,1,88.0,,296.9,,55.34171496882
nc73571146,NC,MDPB,,HHZ,1,88.0,,294.0,,55.80873366054
nc73571146,NC,MDC,2.0,EHZ,1,88.0,,303.3,,56.95404140452
nc73571146,NC,MMT,,EHZ,1,87.0,,264.5,,60.35660615848
nc73571146,NP,2021,10.0,HNZ,-1,87.0,,14.7,,62.78065555836
nc73571146,NP,1808,10.0,HNZ,-1,86.0,,159.2,,74.57843727062
nc73571146,NN,LHV,,HHZ,-1,85.0,,359.8,,91.15760082668
nc73571146,BK,HELL,0.0,HHZ,-1,85.0,,209.2,,95.2940520962
nc73571146,BK,TOLH,0.0,HHZ,-1,85.0,,237.6,,99.0746796006
nc73571146,GS,MCA04,0.0,HHZ,-1,85.0,,43.9,,100.16438988128
nc73571146,BK,MMI,0.0,HHZ,1,84.0,,269.8,,109.99402139272
nc73571146,CI,CWC,,HHZ,1,84.0,,161.1,,116.0875033704
nc73571146,NC,MHD,,EHZ,1,84.0,,254.7,,128.430140223
nc73571146,BK,KARE,0.0,HHZ,1,84.0,,224.2,,128.430140223
nc73571146,BK,LIND,0.0,HHZ,-1,84.0,,202.6,,129.4308945624
nc73571146,LB,TPH,1.0,HHZ,1,83.0,,57.1,,133.54510684660002
nc73571146,CI,SPG2,,HHZ,-1,83.0,,189.9,,138.5488785436
nc73571146,NC,MPR,,EHZ,1,83.0,,287.8,,139.8832176628
nc73571146,NC,MGS,1.0,EHZ,1,83.0,,243.6,,141.1063618554
nc73571146,NN,WAK,,HHZ,1,83.0,,325.8,,144.8869893598
nc73571146,CI,VOG,,HHZ,1,83.0,,212.7,,145.9989386258
nc73571146,BK,LEGD,0.0,HHZ,1,83.0,,261.1,,148.0004473046
nc73571146,BK,BUCR,0.0,HHZ,1,83.0,,281.0,,148.11164223120002
nc73571146,CI,POR,,HHZ,1,82.0,,197.0,,153.8937784144
nc73571146,CI,WCS2,,HHZ,1,81.0,,157.0,,169.2386782852
nc73571146,BK,MERC,0.0,HHZ,1,81.0,,269.1,,173.464085496
nc73571146,CI,MPM,,HHZ,1,81.0,,149.1,,177.1335180738
nc73571146,BK,CMB,0.0,HHZ,1,81.0,,292.6,,179.2462216792
nc73571146,CI,VES,,HHZ,1,81.0,,196.6,,183.9164085964
nc73571146,CI,WNM,,EHZ,-1,81.0,,163.1,,184.1387984496
nc73571146,CI,WAS2,,HHZ,-1,80.0,,181.5,,187.919425954
nc73571146,CI,ISA,,HHZ,-1,80.0,,179.3,,196.1478505224
nc73571146,NC,BMS,,EHZ,1,48.0,,247.9,,220.9443191542
nc73571146,NC,HLB,1.0,EHZ,1,48.0,,257.9,,221.0555140808
nc73571146,NC,PJC,1.0,EHZ,1,48.0,,228.9,,223.1682176862
nc73571146,NC,PCE,1.0,EHZ,1,48.0,,226.0,,224.2801669522
nc73571146,BK,WELL,0.0,HHZ,-1,48.0,,300.6,,225.169726365
nc73571146,NC,HSL,2.0,EHZ,1,48.0,,259.5,,233.9541255664
nc73571146,NC,PCA,,EHZ,1,48.0,,225.1,,233.7317357132
nc73571146,BP,JCNB,40.0,DP1,1,48.0,,226.6,,239.06909219
nc73571146,NC,PSM,,EHZ,1,48.0,,231.6,,240.5146262358
nc73571146,BP,MMNB,40.0,DP1,-1,48.0,,227.9,,241.96016028160005
nc73571146,BP,SMNB,40.0,DP1,1,48.0,,229.5,,246.296762419
nc73571146,NC,PPT,,EHZ,-1,48.0,,234.1,,246.7415421254
nc73571146,NC,CAO,1.0,EHZ,-1,48.0,,269.0,,268.7581375922
nc73571146,NC,AFL,1.0,EHZ,-1,48.0,,303.8,,272.09398539020003
nc73571146,BK,SCZ,0.0,HHZ,-1,48.0,,251.1,,274.2066889956
nc73571176,NC,MFB,,EHZ,1,135.0,,89.5,,6.100153673276
nc73571176,NC,MTU,2.0,EHZ,-1,117.0,,214.5,,10.204358414082
nc73571176,NC,MCD,,EHZ,-1,107.0,,19.9,,14.08839720022
nc73571176,NP,1679,10.0,HNZ,-1,105.0,,46.2,,15.93423298178
nc73571176,NP,1589,10.0,HNZ,-1,104.0,,116.9,,16.7904339166
nc73571176,NC,MRC,,EHZ,-1,94.0,,358.3,,27.198279046360003
nc73571176,NP,1587,10.0,HNZ,-1,93.0,,53.1,,28.76612751142
nc73571176,BK,OVRO,0.0,HHZ,-1,93.0,,139.2,,29.08859279856
nc73571176,NC,MCV,,EHZ,1,92.0,,301.6,,34.32587384142
nc73571176,NC,MDR,2.0,EHZ,1,91.0,,308.1,,37.83963352198
nc73571176,NC,MCO,,EHZ,1,91.0,,303.4,,38.57352003754
nc73571176,NC,MLH,,EHZ,-1,91.0,,314.9,,39.4186014797
nc73571176,NC,MGPB,,EHZ,1,91.0,,301.7,,41.9760847915
nc73571176,NC,MLC,,EHZ,1,91.0,,299.1,,42.1428771814
nc73571176,NC,MCB,,HHZ,1,90.0,,304.4,,42.62101536578
nc73571176,NC,MCS,,EHZ,1,90.0,,305.1,,43.921996007
nc73571176,NC,MMX1,,HN3,-1,90.0,,297.3,,45.87902671516
nc73571176,NC,MEM,,EHZ,1,89.0,,304.2,,47.10217090776
nc73571176,CI,TIN,,HHZ,-1,89.0,,150.3,,47.89165488662
nc73571176,NC,MMLB,,HHZ,1,88.0,,301.3,,49.62629574158
nc73571176,NC,MMP,,EHZ,1,88.0,,293.4,,51.04959080206
nc73571176,NC,MLI,,HHZ,-1,88.0,,296.9,,51.438773045160005
nc73571176,NC,MLM,,EHZ,1,89.0,,310.2,,51.73899934698
nc73571176,NC,MDY,,HHZ,1,89.0,,299.5,,52.0948231121
nc73571176,NC,MCY,,EHZ,-1,89.0,,297.1,,52.63967825244
nc73571176,NC,MINS,,HHZ,1,89.0,,296.9,,55.68641924128001
nc73571176,NC,MDPB,,HHZ,1,89.0,,294.0,,56.142318440340006
nc73571176,NC,MDC,2.0,EHZ,1,89.0,,303.2,,57.28762618432
nc73571176,NC,MMT,,EHZ,1,88.0,,264.6,,60.6568324603
nc73571176,NN,LHV,,HHZ,-1,86.0,,359.6,,91.30215423126
nc73571176,BK,HELL,0.0,HHZ,-1,86.0,,209.4,,95.32741057418
nc73571176,BK,TOLH,0.0,HHZ,1,85.0,,237.8,,99.25259148316
nc73571176,GS,MCA04,0.0,HHZ,-1,85.0,,43.7,,100.06431444734
nc73571176,BK,MMI,0.0,HHZ,1,85.0,,269.8,,110.3053671872
nc73571176,NC,MMI,,EHZ,1,85.0,,269.8,,110.3053671872
nc73571176,NC,MHD,,EHZ,1,84.0,,254.8,,128.6525300762
nc73571176,NC,MPR,,EHZ,1,83.0,,287.8,,140.2168024426
nc73571176,NC,MBUB,1.0,HNZ,-1,83.0,,276.4,,140.3279973692
nc73571176,NC,MGS,1.0,EHZ,1,83.0,,243.7,,141.32875170859998
nc73571176,BK,LEGD,0.0,HHZ,1,83.0,,261.2,,148.3340320844
nc73571176,BK,BUCR,0.0,HHZ,1,83.0,,281.1,,148.445227011
nc73571176,CI,POR,,HHZ,1,82.0,,197.1,,153.8937784144
nc73571176,BK,CMB,0.0,HHZ,1,81.0,,292.6,,179.579806459
nc73571176,CI,VES,,HHZ,1,81.0,,196.7,,183.9164085964
nc73571176,CI,ISA,,HHZ,1,80.0,,179.4,,196.0366555958
nc73571176,NC,HBC,1.0,EHZ,-1,48.0,,259.8,,233.06456615360003
nc73571176,NC,HSL,2.0,EHZ,-1,48.0,,259.5,,234.1765154196
nc73571236,NC,MCV,,EHZ,-1,167.0,,16.0,,1.716849666704
nc73571236,NC,MCO,,EHZ,-1,142.0,,332.8,,5.475238185784
nc73571236,NC,MLC,,EHZ,-1,129.0,,300.0,,8.229536517666
nc73571236,NC,MGPB,,EHZ,-1,129.0,,313.2,,8.271790589774
nc73571236,NC,MCB,,HHZ,-1,125.0,,324.5,,9.452680710266
nc73571236,NC,MCS,,EHZ,-1,120.0,,324.7,,10.857072633224
nc73571236,NC,MMX1,,HN3,-1,113.0,,293.0,,11.99793258014
nc73571271,NC,MCV,,EHZ,-1,147.0,,2.1,,3.0022630182
nc73571271,NC,MCO,,EHZ,-1,119.0,,335.2,,6.850719427826
nc73571271,CI,MLAC,,HHZ,-1,117.0,,356.1,,7.475634915317999
nc73571271,NC,MDR,2.0,EHZ,-1,113.0,,356.6,,8.335171697936
nc73571271,NC,MLC,,EHZ,1,110.0,,306.1,,9.274768827706
nc73571271,NC,MGPB,,EHZ,-1,109.0,,317.7,,9.491598934576
nc73571271,NC,MCB,,HHZ,1,105.0,,327.1,,10.775900336806
nc73571271,NC,MCS,,EHZ,1,97.0,,327.0,,12.1758444627
nc73571296,NC,MCD,,EHZ,-1,90.0,,24.6,,13.69921495712
nc73571296,NP,1679,10.0,HNZ,1,86.0,,50.5,,16.101025371680002
nc73571296,NC,MRC,,EHZ,-1,79.0,,0.2,,26.38655608218
nc73571296,BK,OVRO,0.0,HHZ,1,77.0,,138.8,,30.28949800584
nc73571296,NC,MCV,,EHZ,-1,75.0,,301.3,,33.124968634140004
nc73571296,NC,MDR,2.0,EHZ,1,73.0,,308.0,,36.62760882204
nc73571296,NC,MLH,,EHZ,1,72.0,,315.0,,38.206576779760006
nc73571296,NC,MGPB,,EHZ,1,72.0,,301.4,,40.775179584220005
nc73571296,NC,MLC,,EHZ,1,71.0,,298.7,,40.95309146678
nc73571296,NC,MCS,,EHZ,-1,71.0,,304.9,,42.72109079972
nc73571296,NC,MMX1,,HN3,1,71.0,,297.0,,44.7003604932
nc73571296,NC,MEM,,EHZ,-1,71.0,,304.0,,45.90126570048
nc73571296,NC,MDPB,,HHZ,1,71.0,,293.6,,54.9858912037
nc73571296,NC,MMT,,EHZ,1,71.0,,263.8,,59.82287051080001
nc73571296,BK,HELL,0.0,HHZ,-1,71.0,,208.7,,95.5720394127
nc73571296,BK,TOLH,0.0,HHZ,1,71.0,,237.1,,98.9078872107
nc73571296,BK,MMI,0.0,HHZ,1,71.0,,269.4,,109.39356878908
nc73571296,NC,MMI,,EHZ,1,71.0,,269.4,,109.39356878908
nc73571296,NC,MHD,,EHZ,1,70.0,,254.3,,127.9853605166
nc73571296,NC,MPR,,EHZ,1,70.0,,287.6,,139.1048531766
nc73571316,NP,1587,10.0,HNZ,-1,93.0,,53.7,,28.83284446738
nc73571316,BK,OVRO,0.0,HHZ,-1,93.0,,139.1,,29.39993859304
nc73571316,CI,MLAC,,HHZ,-1,83.0,,307.0,,37.01679106514
nc73571316,NC,MDR,2.0,EHZ,-1,83.0,,308.0,,37.5282877275
nc73571316,NC,MLC,,EHZ,1,83.0,,299.0,,41.842650879580006
nc73571316,NC,MCB,,HHZ,-1,83.0,,304.3,,42.3096695713
nc73571316,NC,MCS,,EHZ,-1,83.0,,305.0,,43.62176970518
nc73571316,NC,MEM,,EHZ,1,83.0,,304.2,,46.79082511328
nc73571316,CI,TIN,,HHZ,-1,83.0,,150.2,,48.18076169578001
nc73571316,NC,MMLB,,HHZ,-1,83.0,,301.2,,49.3149499471
nc73571316,NC,MMP,,EHZ,1,83.0,,293.3,,50.74936450024
nc73571316,NC,MDY,,HHZ,-1,83.0,,299.4,,51.78347731762
nc73571316,NC,MINS,,HHZ,-1,83.0,,296.8,,55.3750734468
nc73571316,NC,MDC,2.0,EHZ,1,83.0,,303.2,,56.98739988249999
nc73571316,CI,CWC,,HHZ,-1,81.0,,161.1,,116.198698297
nc73571316,BK,LIND,0.0,HHZ,-1,81.0,,202.6,,129.4308945624
nc73571316,BK,BUCR,0.0,HHZ,1,80.0,,281.0,,148.2228371578
nc73571316,CI,POR,,HHZ,1,80.0,,197.0,,154.004973341
nc73571316,BK,MERC,0.0,HHZ,1,79.0,,269.1,,173.464085496
nc73571316,BK,CMB,0.0,HHZ,1,79.0,,292.6,,179.2462216792
nc73571316,BK,HELL,0.0,HHZ,-1,82.0,,209.2,,95.38300803748
nc73571316,BK,LEGD,0.0,HHZ,1,80.0,,261.1,,148.11164223120002
nc73571316,BK,MMI,0.0,HHZ,1,82.0,,269.7,,110.06073834868
nc73571316,BK,TOLH,0.0,HHZ,1,82.0,,237.6,,99.16363554188
nc73571316,CI,SPG2,,HHZ,-1,81.0,,189.9,,138.5488785436
nc73571316,NC,MCD,,EHZ,-1,101.0,,21.1,,13.97720227362
nc73571316,NC,MCO,,EHZ,1,83.0,,303.3,,38.26217424306
nc73571316,NC,MCV,,EHZ,1,84.0,,301.5,,34.01452804694
nc73571316,NC,MDPB,,HHZ,1,83.0,,293.9,,55.85321163118
nc73571316,NC,MFB,,EHZ,1,128.0,,91.3,,6.3381108162
nc73571316,NC,MGPB,,EHZ,1,83.0,,301.6,,41.66473899702
nc73571316,NC,MHD,,EHZ,1,81.0,,254.6,,128.5413351496
nc73571316,NC,MMI,,EHZ,1,82.0,,269.7,,110.07185784134
nc73571316,NC,MMT,,EHZ,1,83.0,,264.4,,60.44556209976
nc73571316,NC,MPR,,EHZ,1,81.0,,287.8,,139.8832176628
nc73571316,NC,MRC,,EHZ,-1,92.0,,358.8,,26.98700868582
nc73571316,NC,MTU,2.0,EHZ,-1,112.0,,212.8,,10.242164689126
nc73571316,NN,LHV,,HHZ,-1,82.0,,359.8,,91.10200336338
nc73571426,NC,MCB,,HHZ,-1,100.0,,334.7,,12.43159279388
nc73571426,NC,MMX1,,HN3,-1,99.0,,307.2,,13.63249800116
nc73571426,NC,MLH,,EHZ,-1,99.0,,7.2,,15.14474900292
nc73571426,NC,MEM,,EHZ,-1,98.0,,326.4,,16.41237116616
nc73571426,NC,MDH,,HNZ,-1,98.0,,337.3,,16.4568491368
nc73571426,NC,MDH1,1.0,DP1,1,98.0,,337.3,,16.4568491368
nc73571426,NC,MMLB,,HHZ,-1,97.0,,315.8,,18.00245861654
nc73571426,NC,MQ1P,,EHZ,1,97.0,,295.5,,18.05805607984
nc73571426,NC,MDY,,HHZ,1,95.0,,309.6,,20.08180374396
nc73571426,NC,MDC,2.0,EHZ,-1,84.0,,315.7,,25.89729840514
nc73571426,NC,MBS1,,EP1,1,84.0,,338.6,,25.99737383908
nc73571426,BK,MMI,0.0,HHZ,1,79.0,,260.5,,81.41692525652
nc73571426,NC,MMI,,EHZ,1,79.0,,260.5,,81.41692525652
nc73571426,BK,TOLH,0.0,HHZ,-1,79.0,,219.2,,84.98628240038
nc73571426,NC,MHD,,EHZ,1,78.0,,243.5,,105.05696665168
nc73571426,NC,MPR,,EHZ,1,78.0,,286.0,,107.87019829466
nc73571426,CI,MLAC,,HHZ,-1,111.0,,0.2,,9.659503273742
nc73571426,NC,MCO,,EHZ,-1,115.0,,344.6,,8.735473433696
nc73571426,NC,MCS,,EHZ,1,99.0,,333.9,,13.82152937638
nc73571426,NC,MCV,,EHZ,-1,132.0,,7.1,,5.24284078919
nc73571426,NC,MDR,2.0,EHZ,-1,109.0,,0.3,,10.522375904158
nc73571426,NC,MGPB,,EHZ,-1,108.0,,327.6,,10.912670096524002
nc73571426,NC,MLC,,EHZ,-1,109.0,,317.9,,10.344464021598
nc73571441,NC,MCO,,EHZ,-1,141.0,,331.9,,5.563082177798
nc73571441,NC,MLC,,EHZ,-1,128.0,,299.8,,8.35073898766
nc73571441,NC,MGPB,,EHZ,-1,128.0,,312.9,,8.382985516374
nc73571441,NC,MCB,,HHZ,-1,124.0,,324.1,,9.55164419494
nc73571441,NC,MCS,,EHZ,1,119.0,,324.3,,10.956036117898002
nc73571441,NC,MLH,,EHZ,1,117.0,,7.9,,11.6198698297
nc73571441,NC,MMX1,,HN3,-1,113.0,,292.9,,12.1202469994
nc73571441,NC,MDH1,,DP1,-1,111.0,,330.3,,13.42122764062
nc73571441,NC,MEM,,EHZ,-1,111.0,,317.2,,13.82152937638
nc73571466,NC,MCO,,EHZ,-1,117.0,,345.5,,7.243237518724
nc73571466,NC,MLC,,EHZ,-1,110.0,,314.3,,8.974542525886001
nc73571466,NC,MGPB,,EHZ,1,108.0,,325.7,,9.456016558064
nc73571481,NC,MMX1,,HN3,-1,135.0,,325.4,,10.083155944088
nc73571481,NC,MDH,,HNZ,-1,123.0,,355.3,,15.2893024075
nc73571481,NC,MCY,,EHZ,-1,121.0,,313.3,,16.2900567469
nc73571481,NC,MDY,,HHZ,-1,121.0,,321.2,,16.50132710744
nc73571481,NC,MDPB,,HHZ,-1,117.0,,301.6,,19.11440788254
nc73571481,NC,MINS,,HHZ,-1,117.0,,310.2,,19.19224433116
nc73571481,NC,MBS1,,EP1,1,110.0,,349.8,,24.65191522722
nc73571481,NC,MMT,,EHZ,1,104.0,,233.7,,31.256893867260004
nc73571481,NC,MRC,,EHZ,1,101.0,,66.7,,37.1947029477
nc73571481,BK,MMI,0.0,HHZ,1,91.0,,259.9,,76.33531711090001
nc73571481,BK,TOLH,0.0,HHZ,1,90.0,,216.5,,81.76162952898
nc73571481,CI,MLAC,,HHZ,1,133.0,,27.9,,11.02497697239
nc73571481,NC,MCB,,HHZ,-1,132.0,,359.0,,11.30852403522
nc73571481,NC,MCO,,EHZ,1,139.0,,18.2,,8.941184047905999
nc73571481,NC,MCS,,EHZ,-1,126.0,,355.5,,12.5094292425
nc73571481,NC,MCV,,EHZ,1,143.0,,47.5,,7.834794528235999
nc73571481,NC,MDC,2.0,EHZ,-1,111.0,,325.2,,22.66152604108
nc73571481,NC,MDR,2.0,EHZ,1,130.0,,26.0,,11.79778171226
nc73571481,NC,MEM,,EHZ,-1,124.0,,343.9,,14.277428575439998
nc73571481,NC,MGPB,,EHZ,-1,138.0,,355.5,,9.305903407154
nc73571481,NC,MLC,,EHZ,-1,143.0,,346.8,,7.938205809974
nc73571481,NC,MLH,,EHZ,1,121.0,,24.9,,16.65700000468
nc73571481,NC,MMLB,,HHZ,-1,123.0,,330.2,,14.93347864238
nc73571481,NC,MMP,,EHZ,-1,124.0,,302.4,,13.99944125894
nc73571481,NC,MQ1P,,EHZ,-1,125.0,,305.0,,13.64361749382
nc73571566,NC,MFB,,EHZ,1,135.0,,87.8,,5.735434314028001
nc73571566,NC,MTU,2.0,EHZ,1,116.0,,216.7,,10.284418761234
nc73571566,NC,MDR,2.0,EHZ,1,91.0,,307.9,,38.22881576508
nc73571566,NC,MLC,,EHZ,1,91.0,,299.1,,42.54317891716
nc73571566,NC,MMT,,EHZ,1,88.0,,264.8,,61.01265622542
nc73571566,NP,1589,10.0,HNZ,1,103.0,,116.9,,16.390132180840002
nc73571566,NC,MRC,,EHZ,-1,92.0,,357.5,,27.37619092892
nc73571566,NC,MDPB,,HHZ,1,89.0,,294.0,,56.55373966876001
nc73571606,CI,MLAC,,HHZ,1,107.0,,357.2,,10.671377105802
nc73571606,NC,MCB,,HHZ,-1,98.0,,334.4,,13.57690053786
nc73571606,NC,MMX1,,HN3,1,98.0,,309.0,,14.68884980386
nc73571606,NC,MCS,,EHZ,-1,98.0,,333.6,,14.96683712036
nc73571606,NC,MDH,,HNZ,1,96.0,,336.9,,17.59103738812
nc73571606,NC,MDH1,,DP1,-1,96.0,,336.9,,17.59103738812
nc73571606,NC,MMP,,EHZ,1,95.0,,295.7,,19.43687316968
nc73571606,NC,MINS,,HHZ,-1,85.0,,303.3,,24.32944994008
nc73571606,NC,MDPB,,HHZ,-1,84.0,,296.5,,24.562959285940003
nc73571606,NC,MDC,2.0,EHZ,-1,83.0,,316.4,,26.99812817848
nc73571606,NC,MBS1,,EP1,-1,82.0,,338.3,,27.1315620904
nc73571606,NC,MTU,2.0,EHZ,-1,80.0,,130.4,,31.01226502874
nc73571606,NC,MRC,,EHZ,1,80.0,,61.3,,32.4689185672
nc73571606,NC,MCD,,EHZ,1,79.0,,87.3,,34.22579840748
nc73571606,NC,MMT,,EHZ,1,79.0,,240.4,,35.560137526679995
nc73571606,BK,MMI,0.0,HHZ,1,78.0,,261.3,,81.81722699228
nc73571606,NC,MCO,,EHZ,-1,109.0,,343.0,,9.850758547494
nc73571606,NC,MCV,,EHZ,-1,125.0,,0.9,,6.201341056482
nc73571606,NC,MDR,2.0,EHZ,-1,105.0,,357.5,,11.53091388842
nc73571606,NC,MEM,,EHZ,-1,96.0,,326.7,,17.54655941748
nc73571606,NC,MGPB,,EHZ,-1,99.0,,327.9,,12.05353004344
nc73571606,NC,MLC,,EHZ,-1,105.0,,319.1,,11.46419693246
nc73571606,NC,MMLB,,HHZ,-1,96.0,,316.7,,19.11440788254
nc73571641,NC,MMX1,,HN3,1,141.0,,319.0,,4.265437384376
nc73571641,NC,MCO,,EHZ,-1,126.0,,59.1,,6.6861509364580005
nc73571641,NC,MCV,,EHZ,-1,117.0,,88.6,,8.737697332228
nc73571641,NC,MMP,,EHZ,1,115.0,,285.1,,9.210275770278
nc73571641,NC,MDR,2.0,EHZ,1,113.0,,55.7,,9.83519125777
nc73571641,NC,MDH1,1.0,DP1,-1,112.0,,9.4,,10.306657746554
nc73571641,NC,MDPB,,HHZ,1,101.0,,290.2,,14.2329506048
nc73571641,NC,MMT,,EHZ,1,85.0,,223.3,,32.40220161124
nc73571641,NC,MLC,,EHZ,-1,152.0,,22.8,,2.8855083452700003
nc73571646,NC,MLC,,EHZ,-1,153.0,,19.2,,2.599737383908
nc73571646,NC,MMX1,,HN3,-1,139.0,,314.6,,4.298795862356
nc73571646,NC,MCV,,EHZ,-1,116.0,,90.0,,8.469717559122
nc73571646,NC,MEM,,EHZ,1,115.0,,351.3,,8.540882312146001
nc73571646,NC,MDR,2.0,EHZ,1,112.0,,55.8,,9.50160647797
nc73571646,NC,MDH1,,DP1,-1,110.0,,8.1,,10.064252806566
nc73571661,NC,MGPB,,EHZ,-1,105.0,,328.3,,11.53091388842
nc73571661,NC,MCB,,HHZ,-1,99.0,,335.0,,13.0654038755
nc73571661,NC,MMX1,,HN3,1,99.0,,308.5,,14.1773531415
nc73571661,NC,MCS,,EHZ,-1,99.0,,334.1,,14.455340458
nc73571661,NC,MEM,,EHZ,-1,97.0,,326.9,,17.02394326246
nc73571661,NC,MDH,,HNZ,1,97.0,,337.4,,17.079540725759998
nc73571661,NC,MDC,2.0,EHZ,-1,83.0,,316.3,,26.47551202346
nc73571661,NC,MCO,,EHZ,-1,112.0,,344.2,,9.364836718252
nc73571661,NC,MCV,,EHZ,-1,128.0,,4.2,,5.80993491485
nc73571661,NC,MDR,2.0,EHZ,-1,107.0,,359.1,,11.115044862936
nc73571661,NC,MLC,,EHZ,-1,107.0,,319.1,,10.933797132578
nc73571671,NC,MCO,,EHZ,1,152.0,,117.9,,1.7846785719299998
nc73571671,NC,MCB,,HHZ,-1,143.0,,324.7,,2.437392791072
nc73571671,NC,MLC,,EHZ,1,132.0,,242.2,,3.43592323194
nc73571671,NC,MDR,2.0,EHZ,1,125.0,,72.1,,4.167585848968
nc73571671,NC,MCV,,EHZ,-1,112.0,,131.7,,6.103489521074001
nc73571671,NC,MDH1,,DP1,-1,110.0,,337.4,,6.405939721426
nc73571761,NC,MCV,,EHZ,-1,108.0,,2.9,,11.51979439576
nc73571761,NC,MCO,,EHZ,1,101.0,,350.7,,14.922359149720002
nc73571761,NC,MLC,,EHZ,-1,100.0,,333.4,,15.63400667996
nc73571761,NC,MGPB,,EHZ,-1,99.0,,339.1,,16.61252203404
nc73571761,NC,MDR,2.0,EHZ,-1,99.0,,359.9,,16.83491188724
nc73571761,NC,MMX1,,HN3,1,98.0,,323.1,,18.19148999176
nc73571761,NC,MMT,,EHZ,-1,94.0,,248.1,,32.81362283966
nc73571761,BK,TOLH,0.0,HHZ,1,83.0,,222.1,,80.26049801988
nc73571761,BK,MMI,0.0,HHZ,-1,83.0,,265.0,,80.70527772628
nc73571761,NC,MMI,,EHZ,1,83.0,,265.0,,80.70527772628
nc73571761,NC,MHD,,EHZ,-1,82.0,,246.7,,102.47724435456
nc73571761,NC,MPR,,EHZ,1,82.0,,289.2,,109.83834849548
nc73571766,NC,MCV,,EHZ,1,103.0,,7.7,,12.36487583792
nc73571766,NC,MLC,,EHZ,-1,100.0,,338.0,,15.86751602582
nc73571766,NC,MGPB,,EHZ,-1,99.0,,343.4,,16.96834579916
nc73571766,NC,MMX1,,HN3,1,98.0,,327.2,,18.1803704991
nc73571766,NC,MDPB,,HHZ,1,90.0,,309.8,,26.56446796474
nc73571766,NC,MMT,,EHZ,1,92.0,,248.6,,31.54600067642
nc73571766,NC,MFB,,EHZ,1,84.0,,98.5,,37.483809756860005
nc73571781,NC,MCV,,EHZ,1,96.0,,12.2,,12.13136649206
nc73571781,NC,MLC,,EHZ,1,95.0,,340.7,,15.1781074809
nc73571781,NC,MQ1P,,EHZ,1,85.0,,315.1,,20.37091055312
nc73571781,NC,MDPB,,HHZ,-1,82.0,,310.4,,25.60819159598
nc73571781,NC,MMT,,EHZ,1,79.0,,247.3,,30.83435314618
nc73571796,NC,MGPB,,EHZ,-1,102.0,,331.4,,13.276674236040002
nc73571796,NC,MCB,,HHZ,1,100.0,,337.0,,14.87788117908
nc73571796,NC,MMX1,,HN3,-1,100.0,,313.2,,15.60064820198
nc73571796,NC,MCS,,EHZ,-1,99.0,,336.0,,16.25669826892
nc73571796,NC,MLH,,EHZ,1,98.0,,4.5,,17.52432043216
nc73571796,NC,MEM,,EHZ,-1,97.0,,329.2,,18.74746462476
nc73571796,NC,MDH,,HNZ,1,97.0,,338.7,,18.903137522
nc73571796,NC,MQ1P,,EHZ,-1,96.0,,301.3,,19.6815020082
nc73571796,NC,MMP,,EHZ,1,95.0,,299.5,,20.0706842513
nc73571796,NC,MCY,,EHZ,-1,90.0,,307.8,,22.13890988606
nc73571796,NC,MTU,2.0,EHZ,-1,94.0,,128.3,,30.133825108600004
nc73571796,NC,MRC,,EHZ,1,84.0,,59.1,,33.22504406808
nc73571796,NC,MMT,,EHZ,1,83.0,,242.5,,34.82625101112
nc73571796,NC,MMI,,EHZ,1,82.0,,262.3,,81.57259815376001
nc73571796,BK,HELL,0.0,HHZ,1,81.0,,190.4,,94.89375036044
nc73571796,NC,MHD,,EHZ,1,81.0,,244.8,,104.4676335407
nc73571796,NC,MPR,,EHZ,1,81.0,,287.2,,109.05998400928
nc73571796,NC,MCO,,EHZ,-1,109.0,,345.4,,11.2306875866
nc73571796,NC,MCV,,EHZ,1,122.0,,1.0,,7.64465120375
nc73571796,NC,MDPB,,HHZ,-1,91.0,,299.5,,25.19677036756
nc73571796,NC,MDR,2.0,EHZ,1,102.0,,358.0,,12.97644793422
nc73571796,NC,MLC,,EHZ,-1,102.0,,323.6,,12.5650267058
nc73571896,NC,MCO,,EHZ,1,164.0,,283.4,,2.082680975218
nc73571896,NC,MCV,,EHZ,1,159.0,,160.7,,2.898851736462
nc73571896,NC,MGPB,,EHZ,-1,141.0,,282.9,,5.695404140452
nc73571896,NC,MCB,,HHZ,1,140.0,,303.5,,6.0056379856660005
nc73571896,NC,MLC,,EHZ,1,136.0,,267.6,,6.653904407744
nc73571896,NC,MCS,,EHZ,1,134.0,,307.7,,7.32218591661
nc73571896,NC,MLH,,EHZ,1,133.0,,17.2,,7.42782109688
nc73571896,NC,MDH1,1.0,DP1,1,125.0,,320.1,,9.439337319074
nc73571896,NC,MMX1,,HN3,1,121.0,,271.5,,10.577973367458
nc73571896,NC,MQ1P,,EHZ,1,110.0,,269.3,,16.0120694304
nc73571896,NC,MMP,,EHZ,1,109.0,,268.2,,16.66811949734
nc73571896,NC,MINS,,HHZ,-1,105.0,,282.7,,19.98172831002
nc73571896,NC,MDC,2.0,EHZ,1,104.0,,300.8,,20.70449533292
nc73571896,NC,MDPB,,HHZ,1,103.0,,275.4,,21.22711148794
nc73572046,NC,MCV,,EHZ,1,154.0,,337.5,,4.1698097475
nc73572046,NC,MCO,,EHZ,1,134.0,,327.1,,8.425239588482
nc73572046,NC,MDR,2.0,EHZ,1,131.0,,346.6,,9.431553674212
nc73572046,NC,MLC,,EHZ,-1,125.0,,304.5,,11.16397063064
nc73572046,NC,MLH,,EHZ,1,118.0,,358.5,,13.6769759718
nc73572046,NC,MDPB,,HHZ,-1,104.0,,290.0,,25.19677036756
nc73572086,NC,MCB,,HHZ,1,120.0,,339.3,,7.802547999522
nc73572086,NC,MCS,,EHZ,-1,115.0,,337.3,,9.175805343032
nc73572086,NC,MMX1,,HN3,1,114.0,,297.3,,9.354829174858
nc73572086,NC,MEM,,EHZ,-1,107.0,,326.1,,11.70882577098
nc73572086,NC,MQ1P,,EHZ,-1,100.0,,285.5,,14.277428575439998
nc73572086,NC,MMP,,EHZ,1,100.0,,283.5,,14.82228371578
nc73572086,NC,MCY,,EHZ,-1,99.0,,296.4,,16.11214486434
nc73572086,NC,MINS,,HHZ,-1,96.0,,295.9,,19.158885853180003
nc73572086,NC,MDPB,,HHZ,-1,96.0,,287.6,,19.803816427460003
nc73572086,NC,MDC,2.0,EHZ,-1,93.0,,313.2,,21.30494793656
nc73572086,NC,MBS1,,EP1,1,93.0,,341.1,,21.4050233705
nc73572086,NC,MCO,,EHZ,1,139.0,,2.9,,4.482267491246
nc73572086,NC,MCV,,EHZ,1,147.0,,68.5,,3.45260247093
nc73572086,NC,MDR,2.0,EHZ,1,124.0,,21.6,,7.082004875154
nc73572086,NC,MGPB,,EHZ,-1,128.0,,328.0,,6.212460549142
nc73572086,NC,MLC,,EHZ,-1,131.0,,310.3,,5.75433745155
nc73572086,NC,MLH,,EHZ,1,106.0,,21.8,,11.9534546095
nc73572296,NC,MQ1P,,EHZ,1,151.0,,330.5,,2.2906154879600003
nc73572296,NC,MMP,,EHZ,1,149.0,,312.9,,2.430721095476
nc73572296,NC,MLI,,HHZ,-1,128.0,,349.9,,4.728008279032
nc73572296,NC,MMX1,,HN3,1,127.0,,60.0,,4.964853472690001
nc73572296,NC,MCY,,EHZ,1,122.0,,341.2,,5.640918626418
nc73572296,NC,MDPB,,HHZ,1,112.0,,303.7,,7.510105342564
nc73572296,NC,MINS,,HHZ,1,110.0,,324.8,,8.013818360062
nc73572296,NC,MLC,,EHZ,1,109.0,,76.8,,8.453038320132
nc73572296,NC,MCO,,EHZ,1,94.0,,78.1,,13.13212083146
nc73572296,NC,MCV,,EHZ,1,94.0,,91.9,,15.856396533160002
nc73572431,NC,MCY,,EHZ,-1,137.0,,204.4,,1.0247724435456
nc73572431,NC,MLI,,HHZ,-1,124.0,,160.7,,1.714625768172
nc73572431,NC,MINS,,HHZ,-1,102.0,,274.8,,3.24133211039
nc73572431,NC,MMP,,EHZ,1,96.0,,184.8,,4.63682843922
nc73572431,NC,MDY,,HHZ,-1,132.0,,55.2,,1.307652336816
nc73572431,NC,MBS1,,EP1,1,40.0,,29.9,,14.0661582149
nc73572561,NC,MCO,,EHZ,1,134.0,,356.7,,5.280647064234
nc73572561,NC,MLC,,EHZ,-1,126.0,,312.6,,6.678367291596
nc73572561,NC,MGPB,,EHZ,-1,124.0,,327.8,,7.168736917902
nc73572561,NC,MMX1,,HN3,1,112.0,,299.9,,10.199910617018
nc73572561,NC,MCV,,EHZ,1,148.0,,52.4,,3.381437717906
nc73572561,NC,MDR,2.0,EHZ,1,121.0,,15.7,,7.66689018907
nc73572586,NP,1576,10.0,HNZ,-1,130.0,,54.0,,11.5086749031
nc73572586,NC,MMX1,,HN3,-1,122.0,,323.4,,14.98907610568
nc73572586,NC,MDH,,HNZ,-1,116.0,,346.8,,19.49247063298
nc73572586,NC,MDH1,1.0,DP1,-1,116.0,,346.8,,19.49247063298
nc73572586,NC,MLI,,HHZ,-1,115.0,,315.4,,20.015086788
nc73572586,NC,MCY,,EHZ,-1,113.0,,314.8,,21.19375300996
nc73572586,NC,MDPB,,HHZ,1,110.0,,305.2,,23.8513117557
nc73572586,NC,MDC,2.0,EHZ,-1,107.0,,324.2,,27.56522230414
nc73572586,NC,MBS1,,EP1,1,105.0,,344.9,,29.010756349940003
nc73572586,NC,MFB,,EHZ,1,100.0,,103.0,,39.00718025128
nc73572586,NC,MMI,,EHZ,1,90.0,,263.0,,78.97063687132001
nc73572586,BK,TOLH,0.0,HHZ,1,90.0,,219.9,,80.81647265288001
nc73572586,BK,BUCR,0.0,HHZ,1,87.0,,279.5,,115.5315287374
nc73572586,CI,CWC,,HHZ,-1,85.0,,149.6,,137.4369292776
nc73572586,BK,MERC,0.0,HHZ,1,85.0,,265.1,,142.329506048
nc73572586,BK,WELL,0.0,HHZ,-1,83.0,,302.9,,193.7015621372
nc73572586,NC,BMS,,EHZ,-1,84.0,,241.9,,195.9254606692
nc73572586,CI,WAS2,,HHZ,1,76.0,,172.1,,198.3717490544
nc73572586,BK,HELL,0.0,HHZ,-1,89.0,,189.0,,93.13687052016
nc73572586,BK,LEGD,0.0,HHZ,1,87.0,,254.4,,118.978571462
nc73572586,BK,LIND,0.0,HHZ,-1,86.0,,187.9,,129.4308945624
nc73572586,BK,MMI,0.0,HHZ,1,90.0,,263.0,,78.97063687132001
nc73572586,BK,WINE,0.0,HHZ,-1,86.0,,225.3,,131.765988021
nc73572586,CI,MLAC,,HHZ,-1,124.0,,8.3,,13.61025901584
nc73572586,CI,SPG2,,HHZ,-1,85.0,,176.7,,145.4429639928
nc73572586,NC,MCB,,HHZ,-1,122.0,,347.3,,15.422736319419998
nc73572586,NC,MCD,,EHZ,1,100.0,,83.1,,36.93895461652
nc73572586,NC,MCO,,EHZ,-1,126.0,,358.1,,12.231441926
nc73572586,NC,MCS,,EHZ,-1,120.0,,345.6,,16.745955945960002
nc73572586,NC,MCV,,EHZ,-1,137.0,,15.9,,9.374844261646
nc73572586,NC,MDR,2.0,EHZ,-1,123.0,,7.8,,14.46645995066
nc73572586,NC,MDY,,HHZ,-1,113.0,,320.8,,21.42726235582
nc73572586,NC,MEM,,EHZ,-1,117.0,,337.7,,18.86977904402
nc73572586,NC,MGPB,,EHZ,-1,124.0,,343.3,,13.599139523180002
nc73572586,NC,MHD,,EHZ,1,88.0,,244.9,,101.66552139038
nc73572586,NC,MINS,,HHZ,-1,110.0,,312.1,,24.06258211624
nc73572586,NC,MLC,,EHZ,-1,125.0,,336.4,,12.52054873516
nc73572586,NC,MLH,,EHZ,-1,116.0,,11.4,,19.22560280914
nc73572586,NC,MMLB,,HHZ,-1,116.0,,327.6,,19.7926969348
nc73572586,NC,MMP,,EHZ,-1,117.0,,306.8,,18.75858411742
nc73572586,NC,MMT,,EHZ,1,103.0,,242.6,,32.0241388608
nc73572586,NC,MPR,,EHZ,1,88.0,,288.2,,107.1363117791
nc73572586,NC,MRC,,EHZ,1,101.0,,59.2,,36.0271562184
nc73572586,NC,MTU,2.0,EHZ,1,104.0,,123.5,,31.312491330560004
nc73572596,NC,MCB,,HHZ,-1,97.0,,335.3,,12.99868691954
nc73572596,NC,MMX1,,HN3,-1,96.0,,308.6,,14.07727770756
nc73572596,NC,MCS,,EHZ,-1,96.0,,334.4,,14.38862350204
nc73572596,NC,MLH,,EHZ,-1,96.0,,6.4,,15.678484650599998
nc73572596,NC,MEM,,EHZ,-1,95.0,,327.0,,16.94610681384
nc73572596,NC,MDY,,HHZ,-1,85.0,,310.6,,20.53770294302
nc73572596,NC,MCY,,EHZ,-1,85.0,,304.3,,20.71561482558
nc73572596,NC,MDC,2.0,EHZ,-1,82.0,,316.4,,26.38655608218
nc73572596,NC,MMT,,EHZ,1,77.0,,239.5,,35.40446462944
nc73572596,BK,MMI,0.0,HHZ,-1,76.0,,260.9,,81.46140322716
nc73572596,BK,TOLH,0.0,HHZ,-1,76.0,,219.6,,84.64157812792
nc73572596,NC,MHD,,EHZ,1,75.0,,243.8,,104.93465223242
nc73572596,CI,MLAC,,HHZ,-1,106.0,,359.5,,10.215477906742
nc73572596,NC,MCO,,EHZ,-1,109.0,,344.7,,9.305903407154
nc73572596,NC,MCV,,EHZ,-1,125.0,,5.1,,5.779912284668
nc73572596,NC,MDPB,,HHZ,-1,84.0,,296.0,,23.98474566762
nc73572596,NC,MDR,2.0,EHZ,-1,104.0,,359.6,,11.077238587892
nc73572596,NC,MGPB,,EHZ,-1,102.0,,328.6,,11.4530774398
nc73572596,NC,MLC,,EHZ,-1,104.0,,319.3,,10.848177039096
nc73572596,NC,MMLB,,HHZ,-1,95.0,,316.7,,18.49171629358
nc73572831,NC,MLC,,EHZ,-1,130.0,,353.9,,8.813309882316
nc73572831,NC,MCV,,EHZ,1,129.0,,46.5,,9.188036784958
nc73572831,NC,MCO,,EHZ,1,125.0,,21.1,,10.214365957476
nc73572831,NC,MGPB,,EHZ,-1,125.0,,0.9,,10.314441391416
nc73572831,NC,MMX1,,HN3,-1,124.0,,332.5,,10.512368360764
nc73572831,NC,MDR,2.0,EHZ,1,115.0,,27.5,,13.1210013388
nc73572831,NC,MMP,,EHZ,-1,115.0,,307.9,,13.86600734702
nc73572831,NC,MEM,,EHZ,-1,113.0,,348.2,,15.066912554300002
nc73572831,NC,MDPB,,HHZ,-1,109.0,,305.7,,18.94761549264
nc73572831,NC,MINS,,HHZ,-1,108.0,,314.3,,19.22560280914
nc73572831,NC,MDC,2.0,EHZ,1,103.0,,328.4,,23.03958879152
nc73572831,NC,MBS1,,EP1,1,101.0,,352.1,,25.54147464002
nc73572831,NC,MMT,,EHZ,-1,98.0,,234.3,,29.93367424072
nc73572896,NC,MCV,,EHZ,1,143.0,,58.4,,6.031212818784
nc73572896,NC,MLC,,EHZ,-1,143.0,,336.3,,6.119056810798001
nc73572896,NC,MCO,,EHZ,1,140.0,,18.6,,6.717285515906
nc73572896,CI,MLAC,,HHZ,1,131.0,,30.7,,8.852228106626
nc73572896,NC,MDR,2.0,EHZ,1,128.0,,28.1,,9.610577506038
nc73572916,NC,MCB,,HHZ,-1,154.0,,345.9,,1.99038918614
nc73572916,NC,MCO,,EHZ,1,146.0,,109.6,,2.658670695006
nc73572916,NC,MLC,,EHZ,1,146.0,,231.9,,2.6842455281240003
nc73572916,NC,MCS,,EHZ,-1,139.0,,337.7,,3.345855341394
nc73572916,CI,MLAC,,HHZ,-1,126.0,,85.8,,4.893688719666
nc73572916,NC,MDR,2.0,EHZ,1,125.0,,76.0,,5.044913819842
nc73572916,NC,MCV,,EHZ,-1,114.0,,126.9,,6.858503072688
nc73572956,NC,MCV,,EHZ,-1,77.0,,18.2,,11.86449866822
nc73572956,NC,MLC,,EHZ,-1,77.0,,344.2,,14.26630908278
nc73572956,NC,MCO,,EHZ,-1,76.0,,2.9,,14.49981842864
nc73572956,NC,MGPB,,EHZ,-1,76.0,,349.7,,15.52281175336
nc73572956,NC,MMX1,,HN3,-1,76.0,,331.4,,16.27893725424
nc73572956,NC,MDR,2.0,EHZ,-1,75.0,,10.6,,16.87938985788
nc73572956,NC,MDPB,,HHZ,-1,72.0,,311.1,,24.3516889254
nc73572961,NC,MCV,,EHZ,-1,101.0,,17.7,,10.047573567576
nc73572961,NC,MCO,,EHZ,-1,90.0,,0.3,,12.787416559
nc73572961,NC,MLC,,EHZ,-1,90.0,,339.4,,12.85413351496
nc73572961,NC,MDR,2.0,EHZ,-1,93.0,,9.4,,15.08915153962
nc73572961,NC,MMX1,,HN3,-1,93.0,,326.2,,15.16698798824
nc73572961,NC,MDPB,,HHZ,1,82.0,,307.0,,23.78459479974
nc73572961,NC,MMT,,EHZ,1,77.0,,243.1,,31.34584980854
nc73573041,NC,MDH1,1.0,DP1,1,118.0,,287.9,,2.330645661536
nc73573041,NC,MCB,,HHZ,-1,104.0,,199.8,,3.415908145152
nc73573041,NC,MGPB,,EHZ,1,66.0,,197.9,,5.513044460828
nc73573041,NC,MDR,2.0,EHZ,-1,65.0,,133.1,,5.762121096412
nc73573041,NC,MLH,,EHZ,-1,62.0,,84.5,,6.089034180616
nc73573041,NC,MCO,,EHZ,-1,61.0,,163.2,,6.302528439688
nc73573041,CI,MLAC,,HHZ,-1,60.0,,138.8,,6.37146929418
nc73573041,NC,MLC,,EHZ,1,57.0,,202.2,,7.346648800462001
nc73573056,NC,MINS,,HHZ,-1,127.0,,336.3,,2.277272096768
nc73573056,NC,MDPB,,HHZ,-1,124.0,,263.2,,2.565266956662
nc73573056,NC,MMP,,EHZ,1,112.0,,145.7,,3.403676703226
nc73573056,NC,MDY,,HHZ,1,101.0,,52.8,,4.24208644979
nc73573056,NC,MCO,,EHZ,1,82.0,,96.1,,16.65700000468
nc73573056,NC,MCY,,EHZ,1,132.0,,64.9,,2.081569025952
nc73573056,NC,MDC,2.0,EHZ,1,87.0,,5.2,,8.326276103808
nc73573321,NP,1576,10.0,HNZ,-1,154.0,,78.5,,3.295817624424
nc73573321,NC,MCV,,EHZ,-1,145.0,,309.9,,4.572335381792
nc73573321,CI,MLAC,,HHZ,-1,126.0,,330.9,,8.458598066462
nc73573321,NC,MCO,,EHZ,-1,124.0,,313.5,,8.944519895704
nc73573321,NC,MDR,2.0,EHZ,-1,123.0,,333.6,,9.214723567342
nc73573321,NC,MLC,,EHZ,1,110.0,,295.9,,12.35375634526
nc73573321,NC,MLH,,EHZ,-1,110.0,,350.0,,12.954208948900002
nc73573321,NC,MCB,,HHZ,-1,110.0,,313.5,,13.05428438284
nc73573321,NC,MCS,,EHZ,-1,108.0,,314.7,,14.43310147268
nc73573321,NC,MMX1,,EP1,1,107.0,,291.6,,16.1788618203
nc73573321,NC,MDH,,HNZ,1,106.0,,320.8,,16.65700000468
nc73573321,NC,MDH1,,DP1,-1,106.0,,320.8,,16.65700000468
nc73573321,NC,MEM,,EHZ,1,105.0,,310.7,,17.47984246152
nc73573321,NC,MMP,,EHZ,1,100.0,,283.7,,21.74972764296
nc73573321,NC,MDY,,HHZ,-1,99.0,,298.2,,22.2945827833
nc73573321,NC,MLM,,EHZ,-1,98.0,,322.8,,22.93951335758
nc73573321,NC,MINS,,HHZ,1,97.0,,292.8,,25.98625434642
nc73573321,NC,MDPB,,HHZ,1,96.0,,286.7,,26.720140861980003
nc73573321,NC,MDC,2.0,EHZ,-1,96.0,,306.2,,27.56522230414
nc73573321,NC,MRC,,EHZ,1,96.0,,63.7,,27.75425367936
nc73573321,NC,MCD,,EHZ,1,94.0,,93.2,,30.62308278564
nc73573321,NC,MTU,2.0,EHZ,-1,94.0,,139.5,,30.75651669756
nc73573321,NC,MMT,,EHZ,1,91.0,,238.9,,40.31928038516
nc73573321,NC,MMI,,EHZ,1,87.0,,259.5,,85.92031978382
nc73573321,NC,MHD,,EHZ,1,85.0,,243.4,,109.8049900175
nc73573601,NP,1576,10.0,HNZ,1,118.0,,57.1,,8.394105009034
nc73573601,NC,MDR,2.0,EHZ,1,102.0,,358.7,,12.13136649206
nc73573601,NC,MCB,,HHZ,-1,101.0,,336.3,,14.04391922958
nc73573601,NC,MMX1,,HN3,-1,100.0,,311.3,,14.91123965706
nc73573601,NC,MLH,,EHZ,1,99.0,,5.3,,16.71259746798
nc73573601,NC,MDH1,1.0,DP1,-1,98.0,,338.3,,18.0691755725
nc73573601,NC,MMLB,,HHZ,1,96.0,,318.4,,19.41463418436
nc73573601,NC,MMP,,EHZ,-1,96.0,,297.6,,19.5147096183
nc73573601,NC,MDY,,HHZ,-1,93.0,,312.3,,21.39390387784
nc73573601,NC,MCY,,EHZ,-1,93.0,,306.3,,21.49397931178
nc73573601,NC,MINS,,HHZ,-1,91.0,,304.7,,24.48512283732
nc73573601,NC,MDPB,,HHZ,-1,91.0,,298.0,,24.64079573456
nc73573601,NC,MDC,2.0,EHZ,-1,93.0,,317.6,,27.2983544803
nc73573601,NC,MRC,,EHZ,1,84.0,,60.5,,32.95817624424
nc73573601,NC,MMT,,EHZ,1,83.0,,241.1,,35.07087984964
nc73573601,CI,MLAC,,HHZ,-1,108.0,,358.5,,11.27516555724
nc73573601,NC,MCO,,EHZ,-1,111.0,,345.1,,10.376710550312
nc73573601,NC,MCS,,EHZ,-1,100.0,,335.4,,15.422736319419998
nc73573601,NC,MCV,,EHZ,-1,125.0,,2.6,,6.818472899112
nc73573601,NC,MEM,,EHZ,-1,98.0,,328.3,,17.94686115324
nc73573601,NC,MGPB,,EHZ,-1,102.0,,330.3,,12.46495127186
nc73573601,NC,MLC,,EHZ,-1,107.0,,321.9,,11.79778171226
nc73573606,NC,MDC,2.0,EHZ,-1,97.0,,334.2,,34.0256475396
nc73573606,NC,MCV,,EHZ,1,111.0,,12.7,,17.75782977802
nc73573606,NP,1576,10.0,HNZ,1,110.0,,35.2,,18.44723832294
nc73573606,NC,MLC,,EHZ,-1,108.0,,349.5,,20.11516222194
nc73573606,NC,MCO,,EHZ,1,107.0,,2.6,,20.55994192834
nc73573606,NC,MGPB,,EHZ,-1,106.0,,353.1,,21.48285981912
nc73573606,NC,MMX1,,HN3,-1,105.0,,339.5,,21.70524967232
nc73573606,CI,MLAC,,HHZ,1,105.0,,8.6,,22.02771495946
nc73573606,NC,MDR,2.0,EHZ,1,104.0,,8.3,,22.88391589428
nc73573606,NC,MCB,,HHZ,1,103.0,,355.0,,23.43989052728
nc73573606,NC,MMP,,EHZ,-1,103.0,,325.0,,23.8513117557
nc73573606,NC,MLI,,HHZ,-1,102.0,,330.6,,25.87505941982
nc73573606,NC,MEM,,EHZ,-1,101.0,,347.3,,26.41991456016
nc73573606,NC,MMLB,,HHZ,-1,101.0,,339.6,,26.67566289134
nc73573606,NC,MCY,,EHZ,-1,101.0,,329.5,,26.9647697005
nc73573606,NC,MDY,,HHZ,-1,100.0,,333.9,,27.72089520138
nc73573606,NC,MLH,,EHZ,1,100.0,,10.7,,27.6319392601
nc73573606,NC,MMT,,EHZ,1,100.0,,256.7,,27.8543291133
nc73573606,NC,MDPB,,HHZ,-1,100.0,,320.6,,28.55485715088
nc73573606,NC,MINS,,HHZ,-1,99.0,,326.0,,29.48889453432
nc73573606,BK,TOLH,0.0,HHZ,-1,89.0,,223.2,,73.7222363358
nc73573606,NC,MRC,,EHZ,1,94.0,,50.4,,41.90936783554
nc73573606,BK,MMI,0.0,HHZ,1,88.0,,269.1,,77.0580841338
nc73573606,BK,HELL,0.0,HHZ,1,89.0,,189.0,,84.71941457654
nc73573926,NC,MLC,,EHZ,-1,141.0,,289.1,,2.42404939988
nc73573926,NC,MGPB,,EHZ,1,139.0,,333.0,,2.628648064824
nc73573926,NC,MCO,,EHZ,-1,137.0,,56.2,,2.7998882517880004
nc73573926,NC,MQ1P,,EHZ,1,93.0,,274.3,,11.68658678566
nc73573926,NC,MDPB,,HHZ,-1,85.0,,280.3,,17.04618224778
nc73573976,NP,1576,10.0,HNZ,-1,94.0,,42.1,,12.576146198460002
nc73573976,NC,MMX1,,HN3,-1,94.0,,326.1,,17.60215688078
nc73573976,NC,MCB,,HHZ,-1,94.0,,346.4,,18.13589252846
nc73573976,NC,MCS,,EHZ,-1,85.0,,345.0,,19.459112155
nc73573976,NC,MMP,,EHZ,-1,85.0,,311.0,,21.06031909804
nc73573976,NC,MCY,,EHZ,-1,83.0,,317.7,,23.66228038048
nc73573976,NC,MDY,,HHZ,-1,83.0,,323.1,,23.99586516028
nc73573976,NC,MTU,2.0,EHZ,-1,79.0,,120.3,,29.21090721782
nc73573976,NC,MDC,2.0,EHZ,-1,79.0,,325.7,,30.17830307924
nc73573976,NC,MMT,,EHZ,1,77.0,,247.5,,31.7461515443
nc73573976,NC,MBS1,,EP1,1,77.0,,344.6,,31.72391255898
nc73573976,NC,MMI,,EHZ,1,74.0,,265.0,,79.58220896762
nc73573976,BK,TOLH,0.0,HHZ,1,74.0,,221.6,,79.44877505570001
nc73573976,BK,HELL,0.0,HHZ,-1,74.0,,189.9,,90.74617959826
nc73573976,NC,MHD,,EHZ,-1,74.0,,246.4,,101.42089255186
nc73573976,NC,MPR,,EHZ,1,73.0,,289.4,,108.8042356781
nc73573976,CI,MLAC,,HHZ,1,94.0,,3.9,,16.07878638636
nc73573976,NC,MCO,,EHZ,1,94.0,,355.0,,14.85564219376
nc73573976,NC,MCV,,EHZ,1,99.0,,8.3,,11.70882577098
nc73573976,NC,MDPB,,HHZ,-1,81.0,,308.7,,26.10856876568
nc73573976,NC,MDR,2.0,EHZ,1,94.0,,3.7,,16.93498732118
nc73573976,NC,MGPB,,EHZ,1,94.0,,342.9,,16.31229573222
nc73573976,NC,MLC,,EHZ,-1,94.0,,337.2,,15.2337049442
nc73573976,NC,MLH,,EHZ,1,85.0,,7.8,,21.61629373104
nc73574436,NC,MCB,,HHZ,1,157.0,,274.6,,1.726857210098
nc73574436,NC,MCS,,EHZ,-1,145.0,,297.5,,2.825463084906
nc73574436,NC,MCO,,EHZ,-1,143.0,,154.8,,2.96890454022
nc73574436,CI,MLAC,,HHZ,1,133.0,,111.6,,3.918509213384
nc73574436,NC,MLC,,EHZ,1,127.0,,224.1,,4.806956676917999
nc73574436,NC,MEM,,EHZ,1,118.0,,294.9,,6.0679071445620005
nc73574436,NC,MLH,,EHZ,1,114.0,,54.4,,6.761763486546
nc73574436,NC,MCV,,EHZ,-1,112.0,,144.3,,7.275484047438001
nc73574436,NC,MMP,,EHZ,1,93.0,,254.5,,13.86600734702
nc73574436,NC,MDPB,,HHZ,1,85.0,,266.2,,17.869024704620003
nc73574436,NC,MGPB,,EHZ,1,143.0,,229.8,,2.9466655549
nc73574656,NC,MCV,,EHZ,-1,101.0,,3.4,,9.324806544676
nc73574656,NC,MCO,,EHZ,-1,90.0,,349.0,,12.75405808102
nc73574656,NC,MLC,,EHZ,-1,90.0,,329.1,,13.72145394244
nc73574656,CI,MLAC,,HHZ,1,90.0,,359.7,,13.76593191308
nc73574656,NC,MGPB,,EHZ,1,91.0,,336.0,,14.58877436992
nc73574656,NC,MCB,,HHZ,1,86.0,,340.6,,16.27893725424
nc73574656,NC,MMT,,EHZ,1,74.0,,244.6,,33.725421237780004
nc73577090,NC,MMP,,EHZ,1,146.0,,323.2,,2.5052216962980003
nc73577090,NC,MMX1,,HN3,-1,120.0,,58.2,,5.385170295238
nc73577090,NC,MCY,,EHZ,1,117.0,,344.9,,5.895555008332
nc73577090,NC,MDPB,,HHZ,1,110.0,,307.2,,7.485642458712
nc73577090,NC,MDC,2.0,EHZ,1,91.0,,348.6,,13.36563017732
nc73577095,NC,MMT,,EHZ,1,80.0,,274.2,,50.7048865296
nc73577095,NP,1589,10.0,HNZ,1,93.0,,85.7,,24.88542457308
nc73577095,BK,TOLH,0.0,HHZ,1,80.0,,239.5,,85.99815623244
nc73577125,NC,MCV,,EHZ,-1,123.0,,325.2,,8.109445996938
nc73577125,CI,MLAC,,HHZ,1,106.0,,334.8,,12.2870393893
nc73577125,NC,MCO,,EHZ,1,106.0,,322.4,,12.47607076452
nc73577125,NC,MLC,,EHZ,1,103.0,,306.7,,15.26706342218
nc73577125,NC,MGPB,,EHZ,1,103.0,,313.8,,15.422736319419998
nc73577125,NC,MCS,,EHZ,-1,101.0,,320.6,,17.94686115324
nc73577125,NC,MDPB,,HHZ,1,90.0,,293.1,,29.05523432058
nc73577140,NC,MQ1P,,EHZ,1,94.0,,357.8,,16.212220298280002
nc73577140,NC,MMX1,,HN3,1,94.0,,16.0,,17.36864753492
nc73577140,NC,MMT,,EHZ,1,94.0,,235.4,,17.76894927068
nc73577140,NC,MLC,,EHZ,-1,85.0,,28.4,,18.347162889
nc73577140,NC,MCY,,EHZ,1,85.0,,356.2,,19.59254606692
nc73577140,NC,MGPB,,EHZ,-1,85.0,,29.0,,20.2374766412
nc73577140,NC,MINS,,HHZ,1,85.0,,348.8,,21.149275039320003
nc73577140,NC,MCV,,EHZ,1,85.0,,50.0,,21.33830641454
nc73577140,NC,MDC,2.0,EHZ,1,81.0,,354.9,,27.06484513444
nc73577140,BK,MMI,0.0,HHZ,1,74.0,,265.6,,64.7710447445
nc73577140,NC,MCO,,EHZ,1,85.0,,38.2,,21.54957677508
nc73577140,NC,MDPB,,HHZ,1,85.0,,342.7,,19.2367223018
nc73577140,NC,MMP,,EHZ,1,94.0,,355.4,,15.91199399646
nc73577145,NC,MMX1,,HN3,-1,93.0,,15.1,,16.745955945960002
nc73577145,NC,MDPB,,HHZ,1,85.0,,341.0,,18.88089853668
nc73577145,NC,MCY,,EHZ,1,85.0,,354.8,,19.103288389880003
nc73577145,NC,MCO,,EHZ,-1,84.0,,38.2,,20.87128772282
nc73577145,NC,MINS,,HHZ,1,84.0,,347.4,,20.7378538109
nc73577145,NC,MDC,2.0,EHZ,-1,80.0,,353.9,,26.59782644272
nc73577145,NC,MMT,,EHZ,1,85.0,,234.8,,18.41387984496
nc73577145,NC,MCV,,EHZ,1,84.0,,50.3,,20.67113685494
nc73577145,BK,MMI,0.0,HHZ,1,72.0,,265.1,,65.23806343622
nc73577165,NC,MQ1P,,EHZ,1,104.0,,359.0,,16.07878638636
nc73577165,NC,MMT,,EHZ,1,103.0,,234.4,,17.5687984028
nc73577165,NC,MLC,,EHZ,-1,102.0,,29.5,,18.4027603523
nc73577165,NC,MGPB,,EHZ,1,100.0,,30.0,,20.2930741045
nc73577165,NC,MINS,,HHZ,1,99.0,,349.7,,20.9602436641
nc73577165,NC,MCV,,EHZ,1,98.0,,50.8,,21.5162182971
nc73577165,NC,MMLB,,HHZ,1,98.0,,9.2,,21.49397931178
nc73577165,NC,MCO,,EHZ,-1,98.0,,39.1,,21.66077170168
nc73577165,NC,MCB,,HHZ,1,96.0,,28.6,,22.32794126128
nc73577165,NC,MCS,,EHZ,-1,96.0,,25.5,,22.99511082088
nc73577165,NC,MEM,,EHZ,-1,96.0,,17.4,,23.05070828418
nc73577165,NC,MDR,2.0,EHZ,1,95.0,,40.3,,24.80758812446
nc73577165,NC,MDC,2.0,EHZ,1,94.0,,355.6,,26.9091722372
nc73577165,BK,MMI,0.0,HHZ,1,87.0,,265.4,,64.4374599647
nc73577165,NC,MCY,,EHZ,1,101.0,,357.2,,19.43687316968
nc73577165,NC,MDPB,,HHZ,1,101.0,,343.6,,19.0143324486
nc73577165,NC,MMP,,EHZ,1,105.0,,356.6,,15.75632109922
nc73577240,NC,MGPB,,EHZ,-1,154.0,,169.2,,2.628648064824
nc73577240,NC,MDPB,,HHZ,1,100.0,,262.9,,15.20034646622
nc73577240,NC,MMP,,EHZ,1,107.0,,247.4,,11.48643591778
nc73577255,NC,MGPB,,EHZ,1,172.0,,258.5,,0.9805168627588
nc73577255,NC,MCB,,HHZ,1,165.0,,347.0,,1.886977904402
nc73577255,NC,MLC,,EHZ,-1,159.0,,229.6,,2.69647697005
nc73577255,NC,MCO,,EHZ,1,159.0,,111.0,,2.745402737754
nc73577255,NC,MCS,,EHZ,-1,155.0,,338.1,,3.237996262592
nc73577255,NC,MDR,2.0,EHZ,1,143.0,,77.1,,5.080496196354
nc73577255,NC,MEM,,EHZ,1,138.0,,315.3,,5.981175101814
nc73577255,NC,MMX1,,HN3,1,138.0,,258.7,,6.09904172401
nc73577255,NC,MCV,,EHZ,-1,133.0,,127.2,,6.960802405160001
nc73577255,NC,MLH,,EHZ,1,125.0,,50.2,,8.826653273508
nc73577255,NC,MMP,,EHZ,1,111.0,,260.5,,12.231441926
nc73577255,NC,MDC,2.0,EHZ,1,108.0,,304.7,,16.045427908380002
nc73577255,NC,MDPB,,HHZ,1,107.0,,271.8,,16.545805078079997
nc73577255,NC,MMT,,EHZ,1,92.0,,222.3,,37.79515555134
nc73577330,NC,MCB,,HHZ,-1,166.0,,343.9,,1.741312550556
nc73577330,NC,MCO,,EHZ,-1,158.0,,114.7,,2.756522230414
nc73577330,NC,MDR,2.0,EHZ,1,143.0,,78.9,,4.988204407276
nc73577330,NC,MEM,,EHZ,1,138.0,,313.8,,5.9066745009920005
nc73577330,NC,MMX1,,HN3,-1,137.0,,257.3,,6.191333513088
nc73577330,NC,MLH,,EHZ,1,126.0,,50.8,,8.676540122598
nc73577330,NC,MDY,,HHZ,1,117.0,,286.7,,11.13061215266
nc73577330,NC,MINS,,HHZ,1,108.0,,280.4,,15.211465958880002
nc73577330,NC,MBS1,,EP1,-1,108.0,,342.3,,15.35601936346
nc73577330,NC,MDC,2.0,EHZ,1,108.0,,304.0,,16.00094993774
nc73577330,NC,MMT,,EHZ,-1,92.0,,222.2,,37.95082844858
nc73577330,NC,MHD,,EHZ,-1,86.0,,237.6,,105.53510483606
nc73577330,NC,MCV,,EHZ,-1,133.0,,128.5,,7.016399868460001
nc73577330,NC,MDPB,,HHZ,1,107.0,,271.2,,16.60140254138
nc73577330,NC,MGPB,,EHZ,-1,171.0,,250.4,,1.0819266358180002
nc73577330,NC,MLC,,EHZ,-1,158.0,,227.8,,2.851037918024
nc73577330,NC,MMP,,EHZ,1,111.0,,259.8,,12.32039786728
nc73577470,NC,MCO,,EHZ,-1,97.0,,138.7,,5.571977771926
nc73577470,NC,MDR,2.0,EHZ,1,94.0,,108.9,,6.417059214086
nc73577470,NC,MMP,,EHZ,1,89.0,,244.5,,12.13136649206
nc73577480,NC,MLC,,EHZ,-1,159.0,,156.0,,2.35733244392
nc73577480,NC,MCO,,EHZ,-1,136.0,,104.0,,5.751001603752
nc73577480,NC,MMP,,EHZ,1,120.0,,255.0,,9.370396464582
nc73577480,NC,MINS,,HHZ,1,108.0,,281.8,,12.15360547738
nc73577480,NC,MDC,2.0,EHZ,1,107.0,,310.5,,13.3989886553
nc73577480,NC,MDPB,,HHZ,1,107.0,,270.4,,13.52130307456
nc73577585,NC,MCV,,EHZ,-1,118.0,,339.6,,8.516419428294
nc73577585,NC,MCO,,EHZ,-1,102.0,,332.0,,12.68734112506
nc73577585,CI,MLAC,,HHZ,-1,102.0,,343.9,,12.94308945624
nc73577585,NC,MLC,,EHZ,-1,101.0,,314.7,,14.866761686420002
nc73577585,NC,MGPB,,EHZ,-1,100.0,,321.7,,15.2893024075
nc73577585,NC,MCB,,HHZ,1,99.0,,327.5,,16.634761019360003
nc73577585,NC,MCS,,EHZ,-1,98.0,,327.4,,18.03581709452
nc73577585,NC,MMX1,,HN3,-1,98.0,,307.3,,18.21372897708
nc73577585,NC,MMP,,EHZ,-1,90.0,,296.4,,22.98399132822
nc73577585,NC,MINS,,HHZ,-1,92.0,,302.9,,27.87656809862
nc73577585,NC,MDPB,,HHZ,-1,92.0,,297.0,,28.11007744448
nc73577595,NC,MLC,,EHZ,1,177.0,,8.8,,0.1246495127186
nc73577595,NC,MMX1,,HN3,-1,140.0,,279.9,,3.966323031822
nc73577595,NC,MCS,,EHZ,1,133.0,,10.0,,4.944838385902
nc73577595,NC,MEM,,EHZ,-1,123.0,,340.8,,6.474880575918
nc73577595,NC,MDH,,HNZ,-1,117.0,,4.4,,7.654658747144
nc73577595,NC,MDH1,1.0,DP1,-1,117.0,,4.4,,7.654658747144
nc73577595,NC,MCV,,EHZ,-1,116.0,,107.0,,7.977124034284
nc73577595,NC,MQ1P,,EHZ,1,111.0,,271.3,,9.34593358073
nc73577595,NC,MMP,,EHZ,1,109.0,,269.2,,9.997535850606
nc73577595,NC,MDY,,HHZ,-1,109.0,,301.6,,10.003095596936
nc73577595,NC,MCY,,EHZ,-1,107.0,,289.6,,10.640242526354
nc73577595,NC,MLH,,EHZ,1,104.0,,49.7,,11.6198698297
nc73577595,NC,MINS,,HHZ,-1,98.0,,290.4,,13.68809546446
nc73577595,NC,MDPB,,HHZ,-1,98.0,,279.4,,14.65549132588
nc73577595,NC,MDC,2.0,EHZ,-1,97.0,,314.7,,15.63400667996
nc73577595,NC,MBS1,,EP1,1,97.0,,351.3,,16.8460313799
nc73577595,NC,MMT,,EHZ,1,78.0,,221.8,,35.015282386340004
nc73577595,CI,MLAC,,HHZ,1,119.0,,73.0,,7.331081510738
nc73577595,NC,MCB,,HHZ,1,139.0,,23.9,,4.056390922368
nc73577595,NC,MCO,,EHZ,1,134.0,,79.1,,4.723560481968
nc73577595,NC,MGPB,,EHZ,1,158.0,,33.5,,2.010404272928
nc73577595,NC,MMLB,,HHZ,-1,117.0,,313.7,,7.74472663769
nc73577675,NC,MGPB,,EHZ,-1,171.0,,255.8,,1.0973827306154
nc73577675,NC,MCO,,EHZ,-1,160.0,,113.3,,2.678685781794
nc73577675,NC,MLC,,EHZ,-1,159.0,,229.8,,2.823239186374
nc73577675,NC,MDR,2.0,EHZ,-1,145.0,,77.7,,4.963741523424
nc73577675,NC,MEM,,EHZ,1,139.0,,314.1,,6.002302137868
nc73577675,NC,MMX1,,HN3,1,138.0,,258.2,,6.214684447674
nc73577675,NC,MCV,,EHZ,-1,135.0,,128.2,,6.924108079382
nc73577675,NC,MLH,,EHZ,1,127.0,,50.2,,8.70100300645
nc73577675,NC,MDY,,HHZ,-1,119.0,,287.1,,11.19732910862
nc73577675,NC,MMP,,EHZ,1,113.0,,260.3,,12.35375634526
nc73577675,NC,MINS,,HHZ,1,110.0,,280.7,,15.27818291484
nc73577675,NC,MBS1,,EP1,1,110.0,,342.2,,15.456094797400002
nc73577675,NC,MDC,2.0,EHZ,-1,109.0,,304.2,,16.08990587902
nc73577675,NC,MDPB,,HHZ,1,109.0,,271.5,,16.64588051202
nc73577675,NC,MMT,,EHZ,1,93.0,,222.3,,37.9174699706
nc73577685,NC,MDR,2.0,EHZ,-1,147.0,,132.2,,2.76875367234
nc73577685,NC,MCB,,HHZ,-1,139.0,,251.0,,3.514871629826
nc73577685,NC,MCO,,EHZ,-1,135.0,,184.8,,3.974106676684
nc73577685,NC,MLH,,EHZ,1,129.0,,55.7,,4.7157768371060005
nc73577685,NC,MGPB,,EHZ,-1,127.0,,230.5,,4.995988052138
nc73577685,NC,MLC,,EHZ,-1,116.0,,226.3,,6.845159681496
nc73577685,NC,MCV,,EHZ,1,113.0,,159.8,,7.65021095008
nc73577910,NC,MCO,,EHZ,-1,161.0,,353.4,,0.9861878040154
nc73577910,NC,MCV,,EHZ,-1,121.0,,128.0,,3.642745795416
nc73577910,NC,MDR,2.0,EHZ,-1,119.0,,36.3,,3.834001069168
nc73577910,NC,MGPB,,EHZ,-1,117.0,,296.0,,4.045271429708
nc73577910,NC,MLC,,EHZ,-1,112.0,,272.6,,4.739127771692
nc73577910,NC,MCB,,HHZ,-1,111.0,,320.9,,4.907032110858
nc73577910,NC,MBS1,,EP1,1,83.0,,336.5,,18.26932644038
nc73577975,NC,MCV,,EHZ,-1,122.0,,8.5,,5.895555008332
nc73577975,CI,MLAC,,HHZ,-1,104.0,,1.4,,10.292202406096
nc73577975,NC,MGPB,,EHZ,-1,101.0,,330.3,,11.3418825132
nc73577975,NC,MMX1,,HN3,-1,95.0,,309.8,,13.85488785436
nc73577975,NC,MCS,,EHZ,-1,95.0,,335.8,,14.29966756076
nc73577975,NC,MEM,,EHZ,-1,95.0,,328.2,,16.81267290192
nc73577975,NC,MMLB,,HHZ,1,94.0,,317.7,,18.31380441102
nc73577975,NC,MCY,,EHZ,-1,85.0,,305.0,,20.47098598706
nc73577975,NC,MDPB,,HHZ,-1,84.0,,296.5,,23.69563885846
nc73577975,NC,MDC,2.0,EHZ,-1,81.0,,317.0,,26.19752470696
nc73577975,NC,MMT,,EHZ,1,76.0,,239.3,,35.07087984964
nc73577975,NC,MCO,,EHZ,-1,107.0,,346.9,,9.29033611743
nc73577975,NC,MDR,2.0,EHZ,-1,101.0,,1.4,,11.15285113798
nc73577975,NC,MLC,,EHZ,-1,103.0,,321.0,,10.676936852132
nc73578026,NC,MCV,,EHZ,1,153.0,,57.9,,3.634962150554
nc73578026,NC,MCO,,EHZ,1,143.0,,1.0,,5.14276535525
nc73578026,NC,MLC,,EHZ,1,137.0,,314.2,,6.300304541156001
nc73578026,NC,MGPB,,EHZ,1,134.0,,330.0,,6.851831377092
nc73578026,NC,MDR,2.0,EHZ,1,131.0,,18.8,,7.661330442740001
nc73578026,NC,MMX1,,HN3,-1,122.0,,300.4,,9.791825236396
nc73578026,NC,MLH,,EHZ,1,112.0,,20.1,,12.52054873516
nc73578026,NC,MDPB,,HHZ,-1,104.0,,289.3,,20.13740120726
nc73578026,NC,MDC,2.0,EHZ,1,101.0,,314.3,,21.86092256956
nc73578031,NP,1576,10.0,HNZ,-1,112.0,,53.5,,9.037923634048
nc73578031,NC,MCO,,EHZ,-1,106.0,,347.3,,11.115044862936
nc73578031,NC,MCB,,HHZ,1,98.0,,338.4,,14.71108878918
nc73578031,NC,MMX1,,HN3,1,97.0,,314.2,,15.30042190016
nc73578031,NC,MCS,,EHZ,1,97.0,,337.3,,16.07878638636
nc73578031,NC,MLH,,EHZ,1,96.0,,5.8,,17.54655941748
nc73578031,NC,MDH,,HNZ,-1,96.0,,339.8,,18.74746462476
nc73578031,NC,MQ1P,,EHZ,1,95.0,,301.8,,19.32567824308
nc73578031,NC,MCY,,EHZ,1,86.0,,308.4,,21.81644459892
nc73578031,NC,MDC,2.0,EHZ,-1,82.0,,319.1,,27.75425367936
nc73578031,NC,MBS1,,EP1,1,82.0,,340.2,,28.2991088197
nc73578031,NC,MTU,2.0,EHZ,1,80.0,,127.8,,30.45629039574
nc73578031,NC,MMT,,EHZ,1,79.0,,242.1,,34.48154673866
nc73578031,NC,MFB,,EHZ,1,78.0,,105.8,,37.361495337600005
nc73578031,BK,TOLH,0.0,HHZ,-1,77.0,,220.4,,83.20716357478
nc73578031,BK,MMI,0.0,HHZ,1,77.0,,262.2,,81.172296418
nc73578031,CI,MLAC,,HHZ,1,99.0,,359.6,,12.08688852142
nc73578031,NC,MCV,,EHZ,-1,117.0,,4.0,,7.643539254484
nc73578031,NC,MDPB,,HHZ,1,84.0,,299.9,,24.84094660244
nc73578031,NC,MDR,2.0,EHZ,-1,98.0,,359.7,,12.94308945624
nc73578031,NC,MDY,,HHZ,1,86.0,,314.3,,21.78308612094
nc73578031,NC,MEM,,EHZ,1,96.0,,330.2,,18.53619426422
nc73578031,NC,MGPB,,EHZ,1,98.0,,332.9,,13.07652336816
nc73578031,NC,MINS,,HHZ,1,84.0,,306.6,,24.77422964648
nc73578031,NC,MLC,,EHZ,1,99.0,,325.0,,12.309278374620002
nc73578031,NC,MMLB,,HHZ,1,95.0,,320.4,,19.88165287608
nc73578031,NC,MMP,,EHZ,1,95.0,,300.0,,19.71486048618
nc73578031,NC,MRC,,EHZ,1,79.0,,59.5,,33.55862884788
nc73578085,NC,MCV,,EHZ,-1,106.0,,15.3,,10.40228538343
nc73578085,NC,MCO,,EHZ,-1,97.0,,359.0,,13.24331575806
nc73578085,NC,MLC,,EHZ,-1,97.0,,338.8,,13.38786916264
nc73578085,NC,MGPB,,EHZ,-1,96.0,,345.1,,14.52205741396
nc73578085,CI,MLAC,,HHZ,1,96.0,,8.4,,14.64437183322
nc73578085,NC,MMX1,,HN3,-1,96.0,,326.2,,15.72296262124
nc73578085,NC,MCB,,HHZ,-1,96.0,,348.7,,16.390132180840002
nc73578085,NC,MCS,,EHZ,-1,95.0,,347.0,,17.69111282206
nc73578085,NC,MEM,,EHZ,-1,85.0,,339.3,,19.75933845682
nc73578085,NC,MLH,,EHZ,-1,85.0,,11.3,,20.25971562652
nc73578085,NC,MDH,,HNZ,-1,85.0,,348.0,,20.448747001740003
nc73578085,NC,MDPB,,HHZ,1,84.0,,307.4,,24.318330447420003
nc73578085,NC,MINS,,HHZ,-1,83.0,,314.2,,24.6296762419
nc73578085,NC,MDC,2.0,EHZ,-1,81.0,,325.7,,28.28798932704
nc73578085,NC,MMT,,EHZ,1,79.0,,244.1,,31.4125667645
nc73578125,NC,MCV,,EHZ,1,72.0,,301.1,,33.70318225246
nc73578125,CI,MLAC,,HHZ,1,71.0,,306.6,,36.683206285340006
nc73578125,NC,MCO,,EHZ,-1,70.0,,303.0,,37.92858946326
nc73578125,NC,MLH,,EHZ,1,70.0,,314.7,,38.74031242744
nc73578125,NC,MGPB,,EHZ,1,69.0,,301.3,,41.34227370988
nc73578125,NC,MCB,,HHZ,-1,68.0,,304.0,,41.9760847915
nc73578125,NC,MMP,,EHZ,-1,68.0,,293.0,,50.47137718374
nc73578125,NC,MINS,,HHZ,1,68.0,,296.6,,55.08596663764
nc73578125,NC,MDPB,,HHZ,-1,68.0,,293.6,,55.56410482202
nc73578125,NC,MDC,2.0,EHZ,-1,68.0,,303.0,,56.6538151027
nc73578125,NC,MMT,,EHZ,1,68.0,,264.1,,60.33436717316
nc73578125,NP,1589,10.0,HNZ,-1,83.0,,118.0,,17.4020060129
nc73578125,NC,MRC,,EHZ,-1,77.0,,359.1,,26.62006542804
nc73578125,NN,LHV,,HHZ,-1,67.0,,359.8,,90.72394061294
nc73578125,BK,HELL,0.0,HHZ,-1,67.0,,209.0,,95.63875636866
nc73578140,NC,MCV,,EHZ,-1,107.0,,17.2,,10.33000868114
nc73578140,NC,MCO,,EHZ,-1,97.0,,0.3,,13.07652336816
nc73578140,NC,MLC,,EHZ,-1,97.0,,339.8,,13.13212083146
nc73578140,NC,MGPB,,EHZ,-1,97.0,,346.1,,14.2885480681
nc73578140,CI,MLAC,,HHZ,1,97.0,,9.7,,14.53317690662
nc73578140,NC,MMX1,,HN3,-1,97.0,,326.8,,15.41161682676
nc73578140,NC,MDPB,,HHZ,-1,84.0,,307.6,,23.9625066823
nc73578140,NC,MINS,,HHZ,-1,84.0,,314.4,,24.2960914621
nc73578140,NC,MMT,,EHZ,1,79.0,,243.6,,31.21241589662
nc73578145,NC,MCV,,EHZ,-1,118.0,,340.3,,7.88928004227
nc73578145,NC,MCO,,EHZ,-1,100.0,,332.1,,12.05353004344
nc73578145,CI,MLAC,,HHZ,-1,100.0,,344.6,,12.33151735994
nc73578145,NC,MLC,,EHZ,-1,99.0,,314.0,,14.25518959012
nc73578145,NC,MGPB,,EHZ,-1,99.0,,321.3,,14.66661081854
nc73578145,NC,MCB,,HHZ,1,98.0,,327.4,,16.00094993774
nc73578145,NC,MCS,,EHZ,-1,97.0,,327.3,,17.4020060129
nc73578145,NC,MMX1,,HN3,-1,97.0,,306.4,,17.63551535876
nc73578145,NC,MEM,,EHZ,-1,95.0,,322.0,,20.15964019258
nc73578145,NC,MMLB,,HHZ,-1,93.0,,313.6,,21.93875901818
nc73578145,NC,MDY,,HHZ,1,86.0,,308.7,,24.06258211624
nc73578145,NC,MINS,,HHZ,-1,83.0,,302.2,,27.32059346562
nc73578145,NC,MDPB,,HHZ,-1,83.0,,296.2,,27.58746128946
nc73578145,NC,MMT,,EHZ,1,79.0,,244.2,,37.45045127888
nc73578151,NC,MDR,2.0,EHZ,-1,103.0,,355.8,,11.18620961596
nc73578151,NC,MLC,,EHZ,1,102.0,,316.8,,11.3974799765
nc73578151,NC,MCB,,HHZ,1,96.0,,332.5,,13.38786916264
nc73578151,NC,MMX1,,HN3,1,96.0,,307.1,,14.71108878918
nc73578151,NC,MMP,,EHZ,1,85.0,,294.3,,19.5703070816
nc73578151,NC,MBS1,,EP1,1,81.0,,337.4,,26.9091722372
nc73578151,NC,MDC,2.0,EHZ,-1,81.0,,315.4,,26.953650207840003
nc73578151,NC,MRC,,EHZ,1,78.0,,61.6,,32.0241388608
nc73578151,NC,MMT,,EHZ,1,76.0,,240.2,,36.00491723308
nc73578151,NC,MCO,,EHZ,-1,108.0,,340.6,,9.597234114846
nc73578151,NC,MCV,,EHZ,-1,124.0,,357.9,,5.834397798702001
nc73578151,NC,MDPB,,HHZ,1,83.0,,295.4,,24.67415421254
nc73578151,NC,MGPB,,EHZ,1,100.0,,325.7,,11.92009613152
nc73578166,NC,MCV,,EHZ,-1,131.0,,22.7,,3.093442858012
nc73578166,NC,MCO,,EHZ,-1,105.0,,343.6,,6.325879374274001
nc73578166,NC,MLC,,EHZ,1,98.0,,309.7,,8.32294025601
nc73578186,CI,MLAC,,HHZ,1,89.0,,5.2,,9.775145997406
nc73578186,NC,MLC,,EHZ,1,89.0,,321.8,,9.848534648962
nc73578186,NC,MMX1,,HN3,1,87.0,,309.7,,13.0098064122
nc73578186,NC,MDPB,,HHZ,1,78.0,,296.0,,22.88391589428
nc73578186,NC,MMT,,EHZ,1,71.0,,237.9,,34.81513151846
nc73578186,NC,MCO,,EHZ,-1,91.0,,350.1,,8.618718760765999
nc73578186,NC,MCV,,EHZ,-1,98.0,,15.9,,5.4863576784440005
nc73578250,NC,MCB,,HHZ,1,159.0,,344.9,,2.3072947269500004
nc73578250,NC,MCO,,EHZ,-1,158.0,,104.0,,2.4607437256580003
nc73578250,NC,MLC,,EHZ,-1,157.0,,238.6,,2.611968825834
nc73578250,NC,MLH,,EHZ,1,120.0,,47.6,,8.948967692767999
nc73578250,NC,MMP,,EHZ,1,106.0,,262.5,,12.35375634526
nc73578250,NC,MBS1,,EP1,1,103.0,,342.5,,15.92311348912
nc73578250,NC,MMT,,EHZ,1,91.0,,222.9,,37.62836316144
nc73578366,NC,MLI,,HHZ,-1,79.0,,60.4,,1.260950467644
nc73578366,NC,MCY,,EHZ,1,80.0,,4.6,,1.309876235348
nc73578366,NC,MMP,,EHZ,-1,86.0,,176.6,,2.386243124836
nc73578366,NC,MDY,,HHZ,1,85.0,,28.2,,3.3869974642360003
nc73578366,NC,MDPB,,HHZ,-1,85.0,,271.6,,4.328818492538
nc73578426,NC,MCV,,EHZ,1,90.0,,11.6,,12.787416559
nc73578426,NC,MCO,,EHZ,-1,87.0,,358.5,,15.74520160656
nc73578426,NC,MLC,,EHZ,-1,86.0,,341.5,,15.80079906986
nc73578426,NC,MGPB,,EHZ,1,85.0,,346.7,,16.99058478448
nc73578426,NC,MMX1,,HN3,1,85.0,,330.1,,17.93574166058
nc73578426,NC,MCS,,EHZ,-1,83.0,,348.1,,20.17075968524
nc73578426,NC,MEM,,EHZ,-1,82.0,,341.2,,22.16114887138
nc73578426,NC,MDPB,,HHZ,-1,79.0,,311.6,,26.04185180972
nc73578426,NC,MDC,2.0,EHZ,-1,76.0,,328.0,,30.478529381060003
nc73578475,NC,MCO,,EHZ,1,113.0,,349.2,,13.22107677274
nc73578475,CI,MLAC,,HHZ,1,112.0,,359.5,,14.2329506048
nc73578475,NC,MLC,,EHZ,-1,112.0,,329.9,,14.14399466352
nc73578475,NC,MDR,2.0,EHZ,-1,111.0,,359.6,,15.08915153962
nc73578475,NC,MDPB,,HHZ,-1,100.0,,304.0,,26.00849333174
nc73578475,NC,MMT,,EHZ,1,95.0,,245.4,,33.5808678332
nc73578485,NC,MCV,,EHZ,-1,135.0,,355.9,,4.195384580618
nc73578485,NC,MCO,,EHZ,-1,112.0,,336.1,,8.099438453544
nc73578485,CI,MLAC,,HHZ,-1,110.0,,354.0,,8.690995463056
nc73578485,NC,MDR,2.0,EHZ,-1,108.0,,354.6,,9.547196397876
nc73578485,NC,MLC,,EHZ,-1,105.0,,310.1,,10.33000868114
nc73578485,NC,MGPB,,EHZ,-1,104.0,,320.3,,10.654697866812
nc73578485,NC,MCB,,HHZ,1,99.0,,328.5,,11.99793258014
nc73578485,NC,MCS,,EHZ,-1,96.0,,328.3,,13.3989886553
nc73578485,NC,MMX1,,HN3,-1,96.0,,301.4,,13.85488785436
nc73578485,NC,MLH,,EHZ,-1,96.0,,3.8,,14.04391922958
nc73578485,NC,MEM,,EHZ,-1,95.0,,321.6,,16.14550334232
nc73578485,NC,MQ1P,,EHZ,1,95.0,,291.4,,18.53619426422
nc73578485,NC,MMP,,EHZ,1,95.0,,289.7,,19.03657143392
nc73578485,NC,MLI,,HHZ,-1,85.0,,299.1,,19.39239519904
nc73578485,NC,MINS,,HHZ,1,84.0,,298.6,,23.6289219025
nc73578485,NC,MDPB,,HHZ,1,84.0,,291.8,,24.09594059422
nc73578485,NC,MDC,2.0,EHZ,-1,82.0,,312.7,,25.87505941982
nc73578485,NC,MMT,,EHZ,-1,76.0,,238.0,,36.92783512386
nc73578546,NP,1576,10.0,HNZ,1,124.0,,52.2,,8.894482178734
nc73578546,NC,MCB,,HHZ,-1,108.0,,337.6,,14.866761686420002
nc73578546,NC,MMX1,,HN3,-1,107.0,,313.8,,15.52281175336
nc73578546,NC,MCS,,EHZ,-1,107.0,,336.6,,16.24557877626
nc73578546,NC,MLH,,EHZ,1,105.0,,5.0,,17.59103738812
nc73578546,NC,MDH,,HNZ,-1,104.0,,339.2,,18.903137522
nc73578546,NC,MMP,,EHZ,1,102.0,,299.9,,19.9594893247
nc73578546,NC,MINS,,HHZ,-1,97.0,,306.4,,25.00773899234
nc73578546,NC,MDPB,,HHZ,1,97.0,,299.8,,25.08557544096
nc73578546,NC,MDC,2.0,EHZ,-1,95.0,,318.8,,27.9655240399
nc73578546,NC,MBS1,,EP1,1,95.0,,339.8,,28.45478171694
nc73578546,NC,MTU,2.0,EHZ,-1,94.0,,128.0,,30.22278104988
nc73578546,NC,MRC,,EHZ,1,93.0,,59.2,,33.39183645798
nc73578546,NC,MMT,,EHZ,1,93.0,,242.4,,34.65945862122
nc73578546,NC,MFB,,EHZ,-1,92.0,,105.8,,37.11686649908
nc73578546,BK,MMI,0.0,HHZ,1,87.0,,262.3,,81.3946862712
nc73578546,CI,MLAC,,HHZ,-1,110.0,,358.5,,12.16472497004
nc73578546,NC,MCO,,EHZ,-1,116.0,,346.2,,11.24180707926
nc73578546,NC,MCV,,EHZ,-1,129.0,,2.2,,7.704696464114001
nc73578546,NC,MDR,2.0,EHZ,-1,109.0,,358.7,,13.02092590486
nc73578546,NC,MEM,,EHZ,-1,104.0,,329.7,,18.71410614678
nc73578546,NC,MGPB,,EHZ,-1,109.0,,332.1,,13.25443525072
nc73578546,NC,MHD,,EHZ,1,86.0,,244.8,,104.28972165814
nc73578546,NC,MLC,,EHZ,-1,110.0,,324.4,,12.5094292425
nc73578546,NC,MMLB,,HHZ,-1,102.0,,320.0,,20.09292323662
nc73578580,NC,MLH,,EHZ,-1,96.0,,349.0,,19.5147096183
nc73578580,NC,MMX1,,HN3,-1,95.0,,306.9,,20.63777837696
nc73578580,NC,MEM,,EHZ,-1,90.0,,320.4,,23.10630574748
nc73578580,NC,MRC,,EHZ,1,90.0,,51.3,,29.93367424072
nc73578580,NC,MINS,,HHZ,1,90.0,,303.0,,30.300617498500003
nc73578580,NC,MDPB,,HHZ,-1,90.0,,297.5,,30.5230073517
nc73578580,NC,MBS1,,EP1,1,90.0,,331.9,,32.12421429474
nc73578580,NC,MDC,2.0,EHZ,-1,91.0,,313.7,,32.81362283966
nc73578580,CI,MLAC,,HHZ,-1,101.0,,337.9,,14.88900067174
nc73578580,NC,MCB,,HHZ,-1,97.0,,324.6,,18.88089853668
nc73578580,NC,MCO,,EHZ,-1,101.0,,327.6,,14.87788117908
nc73578580,NC,MCS,,EHZ,-1,95.0,,324.7,,20.2930741045
nc73578580,NC,MCV,,EHZ,-1,112.0,,331.9,,10.584645063054
nc73578580,NC,MGPB,,EHZ,-1,99.0,,319.3,,17.61327637344
nc73578580,NC,MLC,,EHZ,-1,99.0,,313.2,,17.25745260832
nc73578586,NC,MTU,2.0,EHZ,-1,139.0,,161.8,,9.39041155137
nc73578586,NC,MFB,,EHZ,1,125.0,,91.8,,14.8445227011
nc73578586,NC,MCD,,EHZ,1,119.0,,46.6,,18.58067223486
nc73578586,NC,MCV,,EHZ,-1,109.0,,310.4,,26.92029172986
nc73578586,CI,MLAC,,HHZ,-1,106.0,,316.1,,30.411812425100003
nc73578586,NC,MDR,2.0,EHZ,-1,105.0,,317.2,,31.023384521400004
nc73578586,NC,MCO,,EHZ,-1,105.0,,311.4,,31.29025234524
nc73578586,NC,MLH,,EHZ,-1,104.0,,324.8,,33.35847798
nc73578586,NC,MLC,,EHZ,-1,103.0,,305.3,,34.45930775334
nc73578586,NC,MGPB,,EHZ,1,103.0,,308.5,,34.50378572398
nc73578586,NC,MCB,,HHZ,-1,103.0,,311.6,,35.393345136780006
nc73578586,NC,MMX1,,HN3,-1,101.0,,302.6,,38.03978438986
nc73578586,NC,MDC,2.0,EHZ,1,97.0,,308.2,,49.88204407276
nc73578586,NC,MMT,,EHZ,1,96.0,,263.1,,52.02810615614
nc73578586,NC,MHD,,EHZ,1,87.0,,253.4,,120.4241055078
nc73578610,NP,1576,10.0,HNZ,1,120.0,,17.5,,7.924862418782
nc73578610,NC,MMX1,,HN3,-1,95.0,,309.1,,20.43762750908
nc73578610,NC,MDH,,HNZ,-1,90.0,,330.2,,22.82831843098
nc73578610,NC,MDH1,1.0,DP1,-1,90.0,,330.2,,22.82831843098
nc73578610,NC,MEM,,EHZ,-1,90.0,,322.4,,23.09518625482
nc73578610,NC,MQ1P,,EHZ,-1,91.0,,300.2,,24.65191522722
nc73578610,NC,MMP,,EHZ,-1,92.0,,298.8,,25.06333645564
nc73578610,NC,MCY,,EHZ,-1,93.0,,305.7,,27.05372564178
nc73578610,NC,MINS,,HHZ,-1,94.0,,304.4,,30.04486916732
nc73578610,NC,MDPB,,HHZ,-1,94.0,,298.9,,30.189422571900003
nc73578610,NC,MBS1,,EP1,1,84.0,,333.4,,32.26876769932
nc73578610,NC,MDC,2.0,EHZ,-1,84.0,,315.2,,32.70242791306
nc73578610,NC,MMT,,EHZ,-1,82.0,,248.6,,38.0286648972
nc73578610,BK,TOLH,0.0,HHZ,1,81.0,,223.9,,84.86396798112
nc73578610,CI,CWC,,HHZ,1,80.0,,152.0,,133.3227169934
nc73578610,BK,LEGD,0.0,HHZ,1,81.0,,255.6,,125.42787720479998
nc73578610,BK,MMI,0.0,HHZ,1,81.0,,264.2,,85.77576637924
nc73578610,CI,MLAC,,HHZ,-1,100.0,,340.9,,15.122510017600002
nc73578610,NC,MCB,,HHZ,-1,97.0,,327.1,,18.93649599998
nc73578610,NC,MCO,,EHZ,-1,100.0,,330.7,,14.96683712036
nc73578610,NC,MCS,,EHZ,-1,95.0,,327.0,,20.33755207514
nc73578610,NC,MCV,,EHZ,-1,110.0,,336.2,,10.748101605156
nc73578610,NC,MDY,,HHZ,-1,93.0,,310.4,,26.88693325188
nc73578610,NC,MGPB,,EHZ,-1,98.0,,322.0,,17.59103738812
nc73578610,NC,MLC,,EHZ,-1,98.0,,315.9,,17.14625768172
nc73578610,NC,MLH,,EHZ,-1,96.0,,351.1,,19.89277236874
nc73578610,NC,MMLB,,HHZ,-1,92.0,,315.0,,24.81870761712
nc73578610,NC,MRC,,EHZ,1,84.0,,51.4,,30.75651669756
nc73578801,NC,MLC,,EHZ,-1,98.0,,340.6,,16.8460313799
nc73578801,NC,MCO,,EHZ,-1,98.0,,356.6,,16.679238989999998
nc73578801,NC,MGPB,,EHZ,1,97.0,,345.5,,18.0135781092
nc73578801,NC,MMX1,,HN3,-1,96.0,,330.0,,19.0143324486
nc73578801,NC,MQ1P,,EHZ,1,92.0,,317.0,,21.89428104754
nc73578801,NC,MMP,,EHZ,-1,92.0,,315.1,,22.10555140808
nc73578801,NC,MDPB,,HHZ,-1,94.0,,312.2,,27.0759646271
nc73578801,NC,MCV,,EHZ,-1,100.0,,8.4,,13.57690053786
nc73578801,NC,MDR,2.0,EHZ,1,96.0,,4.2,,18.80306208806
nc73578826,NC,MCV,,EHZ,1,84.0,,312.2,,31.03450401406
nc73578826,NC,MCO,,EHZ,-1,82.0,,312.8,,35.40446462944
nc73578826,NC,MDR,2.0,EHZ,1,82.0,,318.0,,35.20431376156
nc73578826,NC,MLC,,EHZ,-1,82.0,,307.3,,38.4734446036
nc73578826,NC,MMLB,,HHZ,1,82.0,,308.3,,46.11253606102
nc73578826,NC,MINS,,HHZ,1,82.0,,302.8,,51.68340188368
nc73578826,NC,MDPB,,HHZ,1,82.0,,299.6,,51.86131376624
nc73578826,NC,MMT,,EHZ,1,82.0,,267.0,,54.21864621016
nc73578826,NP,1589,10.0,HNZ,-1,92.0,,102.5,,21.74972764296
nc73578826,NP,1679,10.0,HNZ,1,90.0,,51.9,,22.53921162182
nc73578826,NC,MRC,,EHZ,-1,84.0,,10.2,,30.534126844360003
nc73578826,CI,MLAC,,HHZ,1,82.0,,317.0,,34.5816221726
nc73578826,NC,MEM,,EHZ,-1,82.0,,311.9,,43.933115499660005
nc73578830,NP,1576,10.0,HNZ,1,131.0,,81.7,,8.575352739391999
nc73578830,NC,MMX1,,HN3,1,121.0,,303.7,,11.76442323428
nc73578830,NC,MCS,,EHZ,1,121.0,,334.9,,11.82002069758
nc73578830,NC,MEM,,EHZ,-1,115.0,,326.2,,14.38862350204
nc73578830,NC,MDH,,HNZ,-1,115.0,,338.6,,14.46645995066
nc73578830,NC,MMLB,,HHZ,-1,113.0,,314.3,,16.034308415719998
nc73578830,NC,MMP,,EHZ,1,112.0,,289.8,,16.87938985788
nc73578830,NC,MDY,,HHZ,1,110.0,,307.6,,18.16925100644
nc73578830,NC,MCY,,EHZ,-1,110.0,,300.6,,18.48059680092
nc73578830,NC,MINS,,HHZ,1,105.0,,299.6,,21.50509880444
nc73578830,NC,MDC,2.0,EHZ,-1,103.0,,314.7,,23.918028711660003
nc73578830,NC,MBS1,,EP1,-1,103.0,,339.5,,24.0181041456
nc73578830,NC,MRC,,EHZ,1,97.0,,66.8,,32.780264361680004
nc73578830,NC,MTU,2.0,EHZ,-1,97.0,,132.1,,34.0256475396
nc73578830,NC,MMT,,EHZ,1,96.0,,235.3,,35.59349600466
nc73578830,NC,MCD,,EHZ,1,96.0,,91.7,,35.849244335840005
nc73578830,NC,MMI,,EHZ,1,88.0,,259.2,,80.64968026298
nc73578830,BK,TOLH,0.0,HHZ,1,89.0,,218.0,,85.63121297466
nc73578830,BK,HELL,0.0,HHZ,-1,87.0,,189.0,,98.70773634282
nc73578830,NC,MPR,,EHZ,1,86.0,,285.3,,106.3579472929
nc73578830,BK,BUCR,0.0,HHZ,1,86.0,,276.8,,115.5315287374
nc73578830,BK,MMI,0.0,HHZ,1,88.0,,259.2,,80.63856077032
nc73578830,CI,MLAC,,HHZ,1,133.0,,8.0,,8.037169294648
nc73578830,NC,MCB,,HHZ,1,125.0,,336.1,,10.434531912144
nc73578830,NC,MCO,,EHZ,1,138.0,,349.5,,6.8295923917720005
nc73578830,NC,MCV,,EHZ,1,154.0,,26.4,,3.909613619256
nc73578830,NC,MDPB,,HHZ,1,105.0,,292.1,,21.94987851084
nc73578830,NC,MDR,2.0,EHZ,1,130.0,,7.4,,8.894482178734
nc73578830,NC,MGPB,,EHZ,1,130.0,,327.7,,8.892258280202
nc73578830,NC,MHD,,EHZ,1,86.0,,242.4,,104.86793527646
nc73578830,NC,MLC,,EHZ,1,132.0,,315.5,,8.358522632522
nc73578830,NC,MLH,,EHZ,1,115.0,,12.6,,13.65473698648
nc73578836,NP,1576,10.0,HNZ,1,130.0,,18.8,,6.263610215378
nc73578836,NC,MMX1,,HN3,-1,96.0,,304.7,,19.748218964160003
nc73578836,NC,MDH,,HNZ,-1,92.0,,327.2,,21.63853271636
nc73578836,NC,MDH1,1.0,DP1,1,92.0,,327.2,,21.63853271636
nc73578836,NC,MQ1P,,EHZ,-1,90.0,,296.5,,24.20713552082
nc73578836,NC,MLI,,HHZ,-1,90.0,,302.2,,25.2412483382
nc73578836,NC,MCY,,EHZ,-1,90.0,,302.3,,26.44215354548
nc73578836,NC,MBS1,,EP1,1,90.0,,331.4,,31.00114553608
nc73578836,NC,MMT,,EHZ,1,88.0,,246.5,,38.98494126596
nc73578836,NP,1589,10.0,HNZ,1,88.0,,113.5,,43.17698999878
nc73578836,BK,OVRO,0.0,HHZ,-1,88.0,,126.0,,53.929539401
nc73578836,BK,TOLH,0.0,HHZ,1,86.0,,223.3,,86.29838253426
nc73578836,NN,SJC,,EHZ,-1,84.0,,328.0,,109.37132980376
nc73578836,GS,MCA04,0.0,HHZ,1,84.0,,56.1,,112.7516555724
nc73578836,BK,KARE,0.0,HHZ,1,84.0,,212.5,,120.7576902876
nc73578836,BK,BUCR,0.0,HHZ,1,84.0,,278.6,,122.6480040398
nc73578836,NN,WAK,,HHZ,-1,84.0,,332.4,,124.2047330122
nc73578836,NC,MGS,1.0,EHZ,1,84.0,,234.5,,125.20548735159998
nc73578836,CI,CWC,,HHZ,-1,83.0,,152.5,,134.545861186
nc73578836,BK,WINE,0.0,BHZ,1,83.0,,227.2,,137.6593191308
nc73578836,CI,CGO,,HHZ,1,83.0,,140.9,,137.77051405740002
nc73578836,CI,SPG2,,HHZ,-1,83.0,,179.7,,145.9989386258
nc73578836,CI,WAS2,,HHZ,-1,80.0,,174.3,,198.3717490544
nc73578836,NC,BMS,,EHZ,-1,81.0,,242.7,,202.8195461184
nc73578836,NC,HSL,2.0,EHZ,-1,61.0,,255.6,,212.2711148794
nc73578836,NC,PCE,1.0,EHZ,1,55.0,,219.5,,214.7174032646
nc73578836,NC,CDG,1.0,EHZ,1,48.0,,267.0,,222.3898532
nc73578836,BK,MTOS,0.0,HHZ,1,48.0,,270.5,,225.6145060714
nc73578836,NC,BBGB,,HHZ,1,48.0,,243.3,,226.7264553374
nc73578836,NC,HPC,,EHZ,1,48.0,,257.8,,227.393624897
nc73578836,BK,HELL,0.0,HHZ,1,85.0,,193.3,,95.36076905216
nc73578836,BK,LEGD,0.0,HHZ,1,84.0,,255.0,,126.206241691
nc73578836,BK,LIND,0.0,HHZ,1,84.0,,191.0,,131.5435981678
nc73578836,BK,MERC,0.0,HHZ,1,82.0,,265.1,,149.6683712036
nc73578836,BK,MMI,0.0,HHZ,1,86.0,,263.1,,86.32062151958
nc73578836,CI,ISA,,HHZ,-1,71.0,,172.5,,207.4897330356
nc73578836,CI,MLAC,,HHZ,-1,103.0,,337.2,,13.7325734351
nc73578836,CI,SRT,,HHZ,1,48.0,,155.4,,222.1674633468
nc73578836,CI,WMF,,HHZ,-1,81.0,,151.9,,175.5767891014
nc73578836,CI,WOR,,HHZ,-1,71.0,,166.6,,207.6009279622
nc73578836,NC,BJC,2.0,EHZ,1,48.0,,245.9,,256.6378905928
nc73578836,NC,MCB,,HHZ,-1,99.0,,323.2,,17.813427241320003
nc73578836,NC,MCO,,EHZ,-1,103.0,,326.1,,13.77705140574
nc73578836,NC,MCS,,EHZ,-1,97.0,,323.4,,19.214483316480003
nc73578836,NC,MCV,,EHZ,-1,116.0,,330.2,,9.461576304394
nc73578836,NC,MDC,2.0,EHZ,-1,90.0,,312.6,,31.84622697824
nc73578836,NC,MDPB,,HHZ,-1,90.0,,295.8,,29.76688185082
nc73578836,NC,MDR,2.0,EHZ,-1,102.0,,338.6,,14.53317690662
nc73578836,NC,MDY,,HHZ,-1,90.0,,307.2,,26.16416622898
nc73578836,NC,MEM,,EHZ,-1,90.0,,319.1,,22.06107343744
nc73578836,NC,MGPB,,EHZ,-1,100.0,,317.5,,16.59028304872
nc73578836,NC,MINS,,HHZ,-1,90.0,,301.4,,29.466655549
nc73578836,NC,MLC,,EHZ,-1,100.0,,311.0,,16.30117623956
nc73578836,NC,MLH,,EHZ,-1,98.0,,349.2,,18.35828238166
nc73578836,NC,MMLB,,HHZ,-1,90.0,,311.6,,23.973626174960003
nc73578836,NC,MMP,,EHZ,-1,90.0,,295.1,,24.65191522722
nc73578836,NC,MRC,,EHZ,1,90.0,,53.4,,29.47777504166
nc73578841,NP,1576,10.0,HNZ,1,133.0,,20.6,,5.980063152548
nc73578841,NC,MMX1,,HN3,-1,98.0,,304.1,,19.49247063298
nc73578841,NC,MDH,,HNZ,-1,95.0,,326.9,,21.30494793656
nc73578841,NC,MDH1,1.0,DP1,1,95.0,,326.9,,21.30494793656
nc73578841,NC,MQ1P,,EHZ,-1,91.0,,295.8,,23.98474566762
nc73578841,NC,MLI,,HHZ,-1,90.0,,301.7,,24.99661949968
nc73578841,NC,MCY,,EHZ,-1,90.0,,301.8,,26.19752470696
nc73578841,NC,MBS1,,EP1,-1,90.0,,331.3,,30.66756075628
nc73578841,NP,1679,10.0,HNZ,1,91.0,,88.3,,36.193948608300005
nc73578841,NP,1589,10.0,HNZ,1,88.0,,113.9,,43.38826035932
nc73578841,BK,OVRO,0.0,BHZ,-1,88.0,,126.2,,54.19640722484
nc73578841,CI,TIN,,HHZ,-1,87.0,,136.7,,70.79780976622001
nc73578841,NN,LHV,,HHZ,1,86.0,,16.2,,84.71941457654
nc73578841,NN,SJC,,EHZ,1,85.0,,328.0,,109.03774502396
nc73578841,GS,MCA04,0.0,HHZ,1,84.0,,56.2,,112.6404606458
nc73578841,NC,MBUB,1.0,HNZ,-1,84.0,,272.6,,114.8643591778
nc73578841,BK,BUCR,0.0,HHZ,1,84.0,,278.5,,122.4256141866
nc73578841,NN,WAK,,HHZ,-1,84.0,,332.3,,123.87114823240002
nc73578841,NC,MGS,1.0,EHZ,1,84.0,,234.4,,125.3166822782
nc73578841,BK,LIND,0.0,HHZ,-1,84.0,,190.9,,131.765988021
nc73578841,BK,WINE,0.0,BHZ,1,83.0,,227.1,,137.77051405740002
nc73578841,CI,CGO,,HHZ,1,83.0,,141.0,,138.1040988372
nc73578841,CI,SPG2,,HHZ,-1,83.0,,179.6,,146.3325234056
nc73578841,BK,CMB,0.0,HHZ,-1,82.0,,292.5,,152.893024075
nc73578841,CI,WMF,,HHZ,-1,81.0,,152.0,,175.9103738812
nc73578841,CI,WCS2,,HHZ,-1,80.0,,151.2,,188.8089853668
nc73578841,CI,WAS2,,HHZ,1,80.0,,174.3,,198.7053338342
nc73578841,CI,WNM,,EHZ,-1,81.0,,157.1,,201.7075968524
nc73578841,NC,BMS,,EHZ,-1,81.0,,242.6,,202.930741045
nc73578841,CI,WOR,,HHZ,1,69.0,,166.6,,207.934512742
nc73578841,NC,HSL,2.0,EHZ,-1,60.0,,255.5,,212.2711148794
nc73578841,NC,PCE,1.0,EHZ,1,54.0,,219.4,,214.9397931178
nc73578841,NC,CDG,1.0,EHZ,1,48.0,,266.9,,222.27865827340003
nc73578841,NC,BBGB,,HHZ,-1,48.0,,243.2,,226.7264553374
nc73578841,NC,HPC,,EHZ,-1,48.0,,257.8,,227.393624897
nc73578841,NC,HMP,1.0,EHZ,-1,48.0,,261.6,,231.841421961
nc73578841,BK,HELL,0.0,HHZ,-1,85.0,,193.2,,95.66099535398
nc73578841,BK,KARE,0.0,HHZ,1,84.0,,212.4,,121.0912750674
nc73578841,BK,LEGD,0.0,HHZ,1,84.0,,254.8,,126.206241691
nc73578841,BK,MERC,0.0,HHZ,1,83.0,,264.9,,149.557176277
nc73578841,BK,MMI,0.0,HHZ,1,86.0,,262.9,,86.27614354894
nc73578841,BK,TOLH,0.0,HHZ,1,86.0,,223.1,,86.47629441682
nc73578841,CI,CWC,,HHZ,1,83.0,,152.5,,134.87944596580002
nc73578841,CI,ISA,,HHZ,-1,70.0,,172.5,,207.8233178154
nc73578841,CI,MLAC,,HHZ,-1,104.0,,337.0,,13.3989886553
nc73578841,CI,SRT,,HHZ,1,48.0,,155.4,,222.5010481266
nc73578841,NC,MCB,,HHZ,-1,100.0,,322.8,,17.49096195418
nc73578841,NC,MCO,,EHZ,-1,104.0,,325.6,,13.4545861186
nc73578841,NC,MCS,,EHZ,-1,99.0,,323.0,,18.89201802934
nc73578841,NC,MCV,,EHZ,-1,118.0,,329.6,,9.12910347386
nc73578841,NC,MDC,2.0,EHZ,-1,90.0,,312.3,,31.55712016908
nc73578841,NC,MDPB,,HHZ,-1,90.0,,295.3,,29.54449199762
nc73578841,NC,MDR,2.0,EHZ,-1,104.0,,338.5,,14.18847263416
nc73578841,NC,MDY,,HHZ,-1,90.0,,306.7,,25.88617891248
nc73578841,NC,MEM,,EHZ,-1,94.0,,318.7,,21.76084713562
nc73578841,NC,MGPB,,EHZ,-1,102.0,,316.9,,16.2900567469
nc73578841,NC,MINS,,HHZ,-1,90.0,,300.9,,29.22202671048
nc73578841,NC,MLC,,EHZ,-1,102.0,,310.3,,16.0120694304
nc73578841,NC,MLH,,EHZ,-1,100.0,,349.2,,18.0135781092
nc73578841,NC,MMLB,,HHZ,-1,91.0,,311.2,,23.6845193658
nc73578841,NC,MMP,,EHZ,-1,90.0,,294.5,,24.42952537402
nc73578841,NC,MMT,,EHZ,1,91.0,,246.0,,39.04053872926001
nc73578841,NC,MRC,,EHZ,1,90.0,,54.0,,29.34434112974
nc73578845,NC,MTU,2.0,EHZ,-1,134.0,,129.2,,8.451926370866
nc73578845,NC,MFB,,EHZ,1,111.0,,80.3,,18.71410614678
nc73578845,NC,MCD,,EHZ,1,105.0,,46.3,,23.673399873140003
nc73578845,NC,MCV,,EHZ,-1,102.0,,321.2,,26.9647697005
nc73578845,NC,MCO,,EHZ,-1,99.0,,320.7,,31.34584980854
nc73578845,NC,MDR,2.0,EHZ,-1,99.0,,326.4,,31.60159813972
nc73578845,NC,MLC,,EHZ,-1,98.0,,313.8,,33.947811090980004
nc73578845,NC,MCB,,HHZ,1,97.0,,319.8,,35.42670361476
nc73578845,NC,MCS,,EHZ,1,96.0,,320.1,,36.82775968992
nc73578845,NP,1679,10.0,HNZ,-1,102.0,,59.3,,27.72089520138
nc73578845,NC,MEM,,EHZ,-1,96.0,,317.9,,39.74106676684
nc73578845,NC,MDPB,,HHZ,-1,94.0,,303.5,,46.74634714264
nc73578846,NP,1576,10.0,HNZ,-1,131.0,,14.6,,6.604978640040001
nc73578846,NC,MCS,,EHZ,-1,100.0,,323.4,,19.7926969348
nc73578846,NC,MMX1,,HN3,-1,99.0,,305.2,,20.30419359716
nc73578846,NC,MDH,,HNZ,1,96.0,,327.1,,22.21674633468
nc73578846,NC,MDH1,1.0,DP1,1,96.0,,327.1,,22.21674633468
nc73578846,NC,MEM,,EHZ,-1,95.0,,319.2,,22.65040654842
nc73578846,NC,MQ1P,,EHZ,-1,94.0,,297.1,,24.72975167584
nc73578846,NC,MMP,,EHZ,-1,94.0,,295.7,,25.17453138224
nc73578846,NC,MDY,,HHZ,-1,94.0,,307.5,,26.720140861980003
nc73578846,NC,MCY,,EHZ,1,93.0,,302.8,,26.99812817848
nc73578846,NC,MRC,,EHZ,1,91.0,,52.3,,29.466655549
nc73578846,NC,MINS,,HHZ,-1,91.0,,301.8,,30.01151068934
nc73578846,NC,MDPB,,HHZ,-1,91.0,,296.3,,30.28949800584
nc73578846,NC,MBS1,,EP1,-1,91.0,,331.3,,31.5793591544
nc73578846,NC,MDC,2.0,EHZ,-1,91.0,,312.8,,32.4133211039
nc73578846,NC,MMT,,EHZ,1,91.0,,247.4,,39.12949467054
nc73578846,BK,MMI,0.0,HHZ,1,86.0,,263.5,,86.6208478214
nc73578846,CI,MLAC,,HHZ,-1,106.0,,336.7,,14.29966756076
nc73578846,NC,MCB,,HHZ,-1,102.0,,323.2,,18.39164085964
nc73578846,NC,MCO,,EHZ,-1,106.0,,326.0,,14.35526502406
nc73578846,NC,MCV,,EHZ,-1,117.0,,329.7,,10.038677973448
nc73578846,NC,MDR,2.0,EHZ,-1,105.0,,338.0,,15.08915153962
nc73578846,NC,MGPB,,EHZ,-1,103.0,,317.7,,17.168496667040003
nc73578846,NC,MLC,,EHZ,-1,103.0,,311.4,,16.86827036522
nc73578846,NC,MLH,,EHZ,-1,101.0,,348.4,,18.88089853668
nc73578846,NC,MMLB,,HHZ,-1,95.0,,311.9,,24.54072030062
nc73578856,NC,MCV,,EHZ,-1,120.0,,327.7,,9.470471898522
nc73578856,NC,MLC,,EHZ,-1,105.0,,309.6,,16.434610151479998
nc73578856,NC,MGPB,,EHZ,-1,105.0,,316.1,,16.679238989999998
nc73578856,NC,MLH,,EHZ,-1,103.0,,348.0,,18.22484846974
nc73578856,NC,MCS,,EHZ,-1,102.0,,322.2,,19.27008077978
nc73578856,NC,MMX1,,HN3,-1,101.0,,303.7,,19.92613084672
nc73578856,NC,MDH1,1.0,DP1,-1,98.0,,326.1,,21.66077170168
nc73578856,NC,MEM,,EHZ,-1,98.0,,318.1,,22.15002937872
nc73578856,NC,MMLB,,HHZ,-1,96.0,,310.7,,24.10706008688
nc73578856,NC,MQ1P,,EHZ,1,96.0,,295.7,,24.44064486668
nc73578856,NC,MMP,,EHZ,1,96.0,,294.3,,24.88542457308
nc73578856,NC,MRC,,EHZ,1,93.0,,53.3,,29.066353813240003
nc73578856,NC,MINS,,HHZ,1,93.0,,300.7,,29.66680641688
nc73578856,NC,MDPB,,HHZ,1,93.0,,295.2,,30.00039119668
nc73578856,NC,MBS1,,EP1,-1,93.0,,330.7,,30.99002604342
nc73578856,NC,MDC,2.0,EHZ,-1,93.0,,311.9,,31.9685413975
nc73578856,NC,MMT,,EHZ,1,91.0,,246.5,,39.39636249438
nc73578856,BK,MMI,0.0,HHZ,1,86.0,,263.0,,86.69868427002
nc73578856,CI,MLAC,,HHZ,-1,107.0,,335.6,,13.68809546446
nc73578856,NC,MCB,,HHZ,-1,103.0,,321.9,,17.869024704620003
nc73578856,NC,MCO,,EHZ,-1,107.0,,324.4,,13.81040988372
nc73578856,NC,MDR,2.0,EHZ,-1,107.0,,337.0,,14.477579443320002
nc73578861,NC,MCV,,EHZ,-1,120.0,,13.7,,10.023110683724
nc73578861,NC,MCO,,EHZ,-1,110.0,,357.4,,12.96532844156
nc73578861,NC,MLC,,EHZ,-1,109.0,,336.9,,13.25443525072
nc73578861,NC,MGPB,,EHZ,-1,109.0,,343.4,,14.3441455314
nc73578861,NC,MDR,2.0,EHZ,-1,108.0,,6.8,,15.15586849558
nc73578861,NC,MQ1P,,EHZ,1,104.0,,310.2,,19.05881041924
nc73578861,NC,MDPB,,HHZ,1,98.0,,306.4,,24.42952537402
nc73578861,NC,MMT,,EHZ,1,94.0,,243.9,,31.879585456220003
nc73578890,CI,MLAC,,HHZ,-1,97.0,,2.4,,11.20844860128
nc73578890,NC,MGPB,,EHZ,-1,90.0,,333.3,,12.04241055078
nc73578890,NC,MMX1,,HN3,-1,91.0,,313.1,,14.29966756076
nc73578890,NC,MEM,,EHZ,-1,85.0,,330.3,,17.49096195418
nc73578890,NC,MQ1P,,EHZ,-1,85.0,,300.4,,18.4027603523
nc73578890,NC,MMLB,,HHZ,-1,85.0,,320.0,,18.85865955136
nc73578890,NC,MDY,,HHZ,-1,84.0,,313.6,,20.78233178154
nc73578890,NC,MINS,,HHZ,-1,82.0,,305.6,,23.80683378506
nc73578890,NC,MDPB,,HHZ,-1,82.0,,298.7,,23.92914820432
nc73578890,NC,MDC,2.0,EHZ,-1,79.0,,318.7,,26.73126035464
nc73578890,NC,MCO,,EHZ,-1,100.0,,349.2,,10.134305610324
nc73578890,NC,MCV,,EHZ,-1,111.0,,9.1,,6.822920696176
nc73578890,NC,MLC,,EHZ,-1,97.0,,324.7,,11.27516555724
nc73578960,NC,MCV,,EHZ,1,157.0,,26.8,,3.695007410918
nc73578960,NC,MCO,,EHZ,1,142.0,,348.6,,6.64389686435
nc73578960,CI,MLAC,,HHZ,1,138.0,,7.7,,7.825898934108
nc73578960,NC,MLC,,EHZ,1,136.0,,314.2,,8.26734279271
nc73578960,NC,MDR,2.0,EHZ,1,134.0,,7.1,,8.683211818194001
nc73578960,NC,MGPB,,EHZ,1,134.0,,326.5,,8.761048266814
nc73578960,NC,MCB,,HHZ,1,129.0,,335.3,,10.27997096417
nc73578960,NC,MMX1,,HN3,-1,124.0,,302.7,,11.70882577098
nc73578960,NC,MLH,,EHZ,1,119.0,,12.5,,13.44346662594
nc73578960,NC,MINS,,HHZ,1,108.0,,299.0,,21.47174032646
nc73578960,NC,MDPB,,HHZ,-1,107.0,,291.5,,21.93875901818
nc73578960,NC,MDC,2.0,EHZ,1,106.0,,314.3,,23.82907277038
nc73578960,NC,MMT,,EHZ,1,98.0,,235.1,,35.77140788722
nc73579041,NC,MLH,,EHZ,1,133.0,,65.0,,3.748380975686
nc73579041,NC,MCB,,HHZ,-1,128.0,,239.8,,4.418886383084
nc73579041,NC,MCO,,EHZ,-1,122.0,,189.4,,5.101623232408
nc73579041,NC,MGPB,,EHZ,-1,116.0,,225.6,,6.0856983328180005
nc73579041,NC,MLC,,EHZ,1,108.0,,223.2,,7.959332846028
nc73579041,NC,MCV,,EHZ,-1,106.0,,165.4,,8.524203073156
nc73579041,NC,MDR,2.0,EHZ,-1,138.0,,152.1,,3.314720761946
nc73579051,CI,MLAC,,HHZ,1,148.0,,50.0,,2.889956142334
nc73579051,NC,MDH,,HNZ,-1,111.0,,330.4,,8.471941457654
nc73579051,NC,MDH1,1.0,DP1,-1,111.0,,330.4,,8.471941457654
nc73579051,NC,MMX1,,HN3,1,111.0,,272.7,,8.714346397642
nc73579051,NC,MEM,,EHZ,-1,110.0,,310.2,,9.064610416432
nc73579051,NC,MQ1P,,EHZ,1,96.0,,269.7,,14.14399466352
nc73579051,NC,MDC,2.0,EHZ,1,95.0,,304.0,,19.19224433116
nc73579051,NC,MDPB,,HHZ,1,84.0,,276.3,,19.38127570638
nc73579051,NC,MRC,,EHZ,-1,78.0,,77.8,,31.95742190484
nc73579051,NC,MMT,,EHZ,1,76.0,,226.9,,38.57352003754
nc73579051,NC,MCB,,HHZ,-1,132.0,,317.6,,4.655731576742
nc73579051,NC,MCO,,EHZ,1,172.0,,345.6,,0.6296968693357999
nc73579051,NC,MCS,,EHZ,-1,123.0,,319.5,,6.04900400704
nc73579051,NC,MCV,,EHZ,-1,138.0,,132.7,,3.84734446036
nc73579051,NC,MDR,2.0,EHZ,1,141.0,,39.3,,3.514871629826
nc73579051,NC,MGPB,,EHZ,-1,138.0,,290.9,,3.9396362494380006
nc73579051,NC,MLC,,EHZ,1,131.0,,268.2,,4.781381843799999
nc73579051,NC,MLH,,EHZ,1,112.0,,29.3,,8.292917625828
nc73579051,NC,MMP,,EHZ,1,96.0,,268.4,,14.80004473046
nc73579080,NC,MMX1,,HN3,-1,120.0,,61.5,,5.477462084316
nc73579080,NC,MCY,,EHZ,1,119.0,,346.6,,5.622015488896
nc73579080,NC,MDPB,,HHZ,1,111.0,,306.9,,7.164289120838
nc73579080,NC,MLC,,EHZ,1,104.0,,76.7,,8.983438120014
nc73579080,NC,MDC,2.0,EHZ,1,90.0,,349.4,,13.10988184614
nc73579080,NC,MCV,,EHZ,1,93.0,,91.4,,16.36789319552
nc73579080,NC,MINS,,HHZ,1,108.0,,328.5,,7.838130376034
nc73579080,NC,MMP,,EHZ,-1,150.0,,324.6,,2.186092256956
nc73579260,NC,MCB,,HHZ,-1,101.0,,335.6,,12.37599533058
nc73579260,NC,MMX1,,HN3,-1,100.0,,307.7,,13.49906408924
nc73579260,NC,MLH,,EHZ,-1,99.0,,7.9,,15.18922697356
nc73579260,NC,MEM,,EHZ,-1,99.0,,327.0,,16.31229573222
nc73579260,NC,MQ1P,,EHZ,-1,97.0,,295.8,,17.9023831826
nc73579260,NC,MMLB,,HHZ,-1,97.0,,316.3,,17.88014419728
nc73579260,NC,MMP,,EHZ,1,97.0,,293.9,,18.347162889
nc73579260,NC,MINS,,HHZ,-1,91.0,,302.2,,23.16190321078
nc73579260,NC,MDPB,,HHZ,-1,92.0,,295.2,,23.45101001994
nc73579260,NC,MDC,2.0,EHZ,-1,93.0,,316.1,,25.77498398588
nc73579260,CI,MLAC,,HHZ,-1,112.0,,1.4,,9.680630309796
nc73579260,NC,MCO,,EHZ,-1,116.0,,345.8,,8.704338854248
nc73579260,NC,MCV,,EHZ,-1,133.0,,9.1,,5.288430709096
nc73579260,NC,MGPB,,EHZ,-1,109.0,,328.5,,10.827050003042
nc73579260,NC,MLC,,EHZ,-1,111.0,,318.7,,10.231045196466
nc73579351,CI,MLAC,,HHZ,1,141.0,,347.3,,3.815097931646
nc73579351,NP,1576,10.0,HNZ,-1,120.0,,114.9,,7.173184714966
nc73579351,NC,MDH,,HNZ,-1,104.0,,321.9,,11.74218424896
nc73579351,NC,MDH1,1.0,DP1,-1,104.0,,321.9,,11.74218424896
nc73579351,NC,MMX1,,HN3,-1,103.0,,281.0,,11.986813087480002
nc73579351,NC,MQ1P,,EHZ,-1,96.0,,276.0,,17.30193057896
nc73579351,NC,MLI,,HHZ,-1,96.0,,284.9,,17.47984246152
nc73579351,NC,MCY,,EHZ,-1,96.0,,286.1,,18.61403071284
nc73579351,NC,MBS1,,EP1,-1,85.0,,330.4,,21.00472163474
nc73579351,NC,MDPB,,HHZ,-1,86.0,,280.2,,22.67264553374
nc73579351,NC,MDC,2.0,EHZ,-1,86.0,,303.6,,22.77272096768
nc73579351,NC,MRC,,EHZ,-1,81.0,,73.0,,29.466655549
nc73579351,NC,MMT,,EHZ,1,78.0,,231.9,,39.68546930354
nc73579351,NC,MCB,,HHZ,-1,115.0,,310.6,,8.162819561706
nc73579351,NC,MCO,,EHZ,-1,139.0,,307.7,,4.063062617964
nc73579351,NC,MCS,,EHZ,-1,110.0,,312.9,,9.524957412556
nc73579351,NC,MCV,,EHZ,1,171.0,,197.3,,0.772248765237
nc73579351,NC,MDR,2.0,EHZ,1,135.0,,349.8,,4.657955475274
nc73579351,NC,MDY,,HHZ,-1,96.0,,292.7,,17.74671028536
nc73579351,NC,MEM,,EHZ,-1,98.0,,307.8,,12.6206241691
nc73579351,NC,MGPB,,EHZ,-1,118.0,,295.9,,7.493426103574
nc73579351,NC,MINS,,HHZ,-1,86.0,,287.2,,21.64965220902
nc73579351,NC,MLC,,EHZ,-1,116.0,,282.4,,8.026049801988
nc73579351,NC,MLH,,EHZ,1,112.0,,6.4,,9.14578271285
nc73579351,NC,MMLB,,HHZ,-1,97.0,,297.4,,15.14474900292
nc73579351,NC,MMP,,EHZ,-1,96.0,,274.7,,17.91350267526
nc73579356,CI,MLAC,,HHZ,-1,111.0,,2.6,,9.354829174858
nc73579356,NC,MGPB,,EHZ,-1,108.0,,328.5,,10.443427506272
nc73579356,NC,MCB,,HHZ,-1,103.0,,335.7,,11.986813087480002
nc73579356,NC,MMX1,,HN3,-1,99.0,,307.1,,13.14324032412
nc73579356,NC,MLH,,EHZ,-1,98.0,,8.8,,14.88900067174
nc73579356,NC,MEM,,EHZ,-1,97.0,,326.9,,15.93423298178
nc73579356,NC,MMP,,EHZ,-1,96.0,,293.2,,18.03581709452
nc73579356,NC,MDY,,HHZ,-1,95.0,,309.6,,19.58142657426
nc73579356,NC,MCY,,EHZ,1,95.0,,303.1,,19.803816427460003
nc73579356,NC,MINS,,HHZ,-1,86.0,,301.8,,22.82831843098
nc73579356,NC,MDPB,,HHZ,-1,86.0,,294.6,,23.13966422546
nc73579356,NC,MDC,2.0,EHZ,-1,84.0,,315.9,,25.39692123544
nc73579356,NC,MCO,,EHZ,-1,115.0,,346.5,,8.33405974867
nc73579356,NC,MCV,,EHZ,-1,133.0,,11.9,,4.995988052138
nc73579356,NC,MDR,2.0,EHZ,-1,108.0,,2.4,,10.216589856008
nc73579356,NC,MLC,,EHZ,-1,109.0,,318.3,,9.854094395292
nc73579356,NC,MMLB,,HHZ,-1,96.0,,316.0,,17.5132009395
nc73579361,NP,1679,10.0,HNZ,1,93.0,,57.7,,21.54957677508
nc73579361,NP,1589,10.0,HNZ,-1,90.0,,108.1,,22.83943792364
nc73579361,NC,MGPB,,EHZ,-1,82.0,,307.7,,36.70544527066
nc73579361,NC,MCB,,HHZ,-1,82.0,,310.7,,37.56164620548
nc73579361,NC,MMX1,,HN3,-1,82.0,,302.3,,40.26368292186
nc73579361,NC,MEM,,EHZ,-1,82.0,,309.9,,42.00944326948
nc73579361,NC,MQ1P,,EHZ,-1,82.0,,298.1,,44.74483846384
nc73579361,NC,MMP,,EHZ,-1,82.0,,297.3,,45.16737918492
nc73579361,NC,MDY,,HHZ,-1,82.0,,304.0,,46.61291323072
nc73579361,NC,MCY,,EHZ,-1,82.0,,301.3,,46.99097598116
nc73579361,NC,MINS,,HHZ,-1,82.0,,300.8,,50.01547798468
nc73579361,NC,MDC,2.0,EHZ,1,82.0,,307.7,,52.08370361944
nc73579361,NC,MMT,,EHZ,1,82.0,,264.4,,53.929539401
nc73579361,BK,HELL,0.0,HHZ,1,81.0,,205.8,,91.7914119083
nc73579361,BK,TOLH,0.0,HHZ,1,81.0,,235.8,,93.38149935868
nc73579361,BK,MMI,0.0,HHZ,1,81.0,,270.0,,103.58919362056
nc73579361,BK,KARE,0.0,HHZ,-1,80.0,,222.2,,123.64875837920002
nc73579361,CI,MLAC,,HHZ,-1,84.0,,314.7,,32.53563552316
nc73579361,NC,MCO,,EHZ,-1,83.0,,310.4,,33.45855341394
nc73579361,NC,MCS,,EHZ,-1,82.0,,311.3,,38.91822431
nc73579361,NC,MCV,,EHZ,-1,94.0,,309.3,,29.11083178388
nc73579361,NC,MDPB,,HHZ,-1,82.0,,297.5,,50.29346530118
nc73579361,NC,MDR,2.0,EHZ,-1,83.0,,315.8,,33.1360881268
nc73579361,NC,MLC,,EHZ,-1,82.0,,304.8,,36.67208679268
nc73579361,NC,MLH,,EHZ,-1,82.0,,323.1,,35.33774767348
nc73579361,NC,MMLB,,HHZ,-1,82.0,,306.2,,44.28893926478
nc73579575,NC,MLC,,EHZ,-1,163.0,,103.6,,2.230570227596
nc73579575,NC,MGPB,,EHZ,1,155.0,,72.5,,3.420355942216
nc73579575,NC,MCO,,EHZ,1,135.0,,87.9,,6.792898065994
nc73579580,NC,MCV,,EHZ,1,156.0,,25.7,,3.867359547148
nc73579580,NC,MCO,,EHZ,1,142.0,,349.0,,6.822920696176
nc73579580,CI,MLAC,,HHZ,1,137.0,,7.6,,8.010482512264002
nc73579580,NC,MLC,,EHZ,1,135.0,,315.2,,8.387433313438
nc73579580,NP,1576,10.0,HNZ,1,135.0,,81.8,,8.515307479028
nc73579580,NC,MDR,2.0,EHZ,1,134.0,,7.0,,8.867795396350001
nc73579580,NC,MGPB,,EHZ,1,133.0,,327.3,,8.907825569926
nc73579580,NC,MCB,,HHZ,1,128.0,,335.8,,10.44120360774
nc73579580,NC,MLH,,EHZ,1,119.0,,12.4,,13.6213785085
nc73579580,NC,MEM,,EHZ,-1,118.0,,326.0,,14.3997429947
nc73579580,NC,MMLB,,HHZ,-1,116.0,,314.1,,16.05654740104
nc73579580,NC,MQ1P,,EHZ,1,115.0,,291.6,,16.434610151479998
nc73579580,NC,MINS,,HHZ,-1,108.0,,299.5,,21.54957677508
nc73579580,NC,MDPB,,HHZ,1,107.0,,292.0,,21.99435648148
nc73579580,NC,MDC,2.0,EHZ,-1,105.0,,314.6,,23.95138718964
nc73579580,NC,MRC,,EHZ,1,99.0,,66.8,,32.71354740572
nc73579580,NC,MMT,,EHZ,1,98.0,,235.3,,35.64909346796
nc73579580,BK,MMI,0.0,HHZ,1,89.0,,259.2,,80.70527772628
nc73579580,BK,TOLH,0.0,HHZ,1,89.0,,218.0,,85.68681043795999
nc73579611,NC,MMP,,EHZ,1,119.0,,149.7,,1.969262150086
nc73579611,NC,MCY,,EHZ,-1,112.0,,25.6,,2.209443191542
nc73579611,NC,MDPB,,HHZ,1,100.0,,283.1,,3.567133245328
nc73579630,NC,MQ1P,,EHZ,1,117.0,,127.6,,2.4696393197860003
nc73579630,NC,MDPB,,HHZ,1,107.0,,281.8,,3.2335484655280005
nc73579630,NC,MDC,2.0,EHZ,1,56.0,,0.9,,9.253641791652
nc73579630,NC,MLC,,EHZ,1,56.0,,97.9,,11.43083845448
nc73579630,NC,MGPB,,EHZ,-1,56.0,,90.1,,12.40935380856
nc73579630,NC,MCO,,EHZ,1,56.0,,92.9,,15.9564719671
nc73579630,NC,MCY,,EHZ,-1,119.0,,34.4,,2.236129973926
nc73579630,NC,MINS,,HHZ,-1,104.0,,333.3,,3.412572297354
nc73579630,NC,MMLB,,HHZ,1,58.0,,57.3,,6.750643993886
nc73579630,NC,MMP,,EHZ,1,119.0,,144.8,,2.261704807044
nc73579746,NC,MCB,,HHZ,-1,163.0,,331.1,,2.060441989898
nc73579746,NC,MCO,,EHZ,-1,162.0,,117.2,,2.236129973926
nc73579746,NC,MLC,,EHZ,-1,156.0,,235.8,,3.1768390529620003
nc73579746,CI,MLAC,,HHZ,-1,147.0,,87.0,,4.371072564646
nc73579746,NC,MEM,,EHZ,1,136.0,,311.4,,6.373693192712
nc73579746,NC,MCV,,EHZ,-1,135.0,,130.5,,6.536037785548
nc73579746,NC,MMX1,,HN3,-1,134.0,,259.4,,6.669471697468
nc73579746,NC,MMLB,,HHZ,1,125.0,,292.7,,8.943407946438
nc73579746,NC,MDY,,HHZ,1,116.0,,286.6,,11.66434780034
nc73579746,NC,MQ1P,,EHZ,1,111.0,,261.9,,12.10912750674
nc73579746,NC,MMP,,EHZ,1,111.0,,260.8,,12.80965554432
nc73579746,NC,MINS,,HHZ,1,108.0,,280.5,,15.74520160656
nc73579746,NC,MDC,2.0,EHZ,1,107.0,,303.4,,16.50132710744
nc73579746,NC,MDPB,,HHZ,1,107.0,,271.6,,17.1240186964
nc73579746,NC,MGPB,,EHZ,-1,167.0,,261.4,,1.552281175336
nc73579746,NC,MLH,,EHZ,1,127.0,,47.9,,8.368530175916
nc73579756,NP,1576,10.0,HNZ,-1,104.0,,48.6,,13.13212083146
nc73579756,NC,MMX1,,HN3,-1,102.0,,329.0,,16.26781776158
nc73579756,NC,MQ1P,,EHZ,-1,98.0,,314.3,,19.30343925776
nc73579756,NC,MMP,,EHZ,-1,98.0,,312.2,,19.54806809628
nc73579756,NC,MDH,,HNZ,-1,95.0,,349.4,,21.2382309806
nc73579756,NC,MDH1,1.0,DP1,1,95.0,,349.4,,21.2382309806
nc73579756,NC,MCY,,EHZ,-1,93.0,,319.3,,22.21674633468
nc73579756,NC,MDC,2.0,EHZ,-1,90.0,,327.3,,28.83284446738
nc73579756,NC,MBS1,,EP1,1,90.0,,346.8,,30.72315821958
nc73579756,NC,MRC,,EHZ,1,91.0,,57.2,,37.483809756860005
nc73579756,CI,SPG2,,HHZ,-1,83.0,,176.5,,143.5526502406
nc73579756,BK,HELL,0.0,HHZ,-1,85.0,,188.9,,91.16872031934
nc73579756,BK,LIND,0.0,HHZ,-1,84.0,,187.7,,127.5405808102
nc73579756,BK,MMI,0.0,HHZ,1,86.0,,264.4,,78.21451137044001
nc73579756,CI,CWC,,HHZ,-1,83.0,,149.0,,135.9913952318
nc73579756,CI,MLAC,,HHZ,-1,102.0,,9.2,,15.57840921666
nc73579756,NC,MCB,,HHZ,-1,101.0,,350.5,,17.190735652359997
nc73579756,NC,MCO,,EHZ,-1,104.0,,0.6,,14.132875170859998
nc73579756,NC,MCS,,EHZ,-1,99.0,,348.7,,18.48059680092
nc73579756,NC,MCV,,EHZ,-1,111.0,,15.9,,11.35300200586
nc73579756,NC,MDPB,,HHZ,-1,90.0,,309.6,,24.5740787786
nc73579756,NC,MDY,,HHZ,-1,91.0,,324.9,,22.60592857778
nc73579756,NC,MEM,,EHZ,-1,97.0,,341.1,,20.47098598706
nc73579756,NC,MGPB,,EHZ,-1,103.0,,347.3,,15.30042190016
nc73579756,NC,MINS,,HHZ,-1,90.0,,316.2,,24.99661949968
nc73579756,NC,MLC,,EHZ,-1,104.0,,341.5,,14.09951669288
nc73579756,NC,MLH,,EHZ,-1,95.0,,11.8,,21.20487250262
nc73579756,NC,MMLB,,HHZ,-1,95.0,,331.6,,21.16039453198
nc73579756,NC,MMT,,EHZ,1,90.0,,245.3,,30.70091923426
nc73579811,NC,MGPB,,EHZ,1,155.0,,292.1,,1.799133912388
nc73579811,NC,MLC,,EHZ,1,142.0,,252.3,,2.897739787196
nc73579811,NC,MCS,,EHZ,-1,128.0,,333.7,,4.321034847676
nc73579811,CI,MLAC,,HHZ,1,127.0,,75.0,,4.382192057306
nc73579811,NC,MCV,,EHZ,-1,117.0,,124.6,,5.8799877186080005
nc73579811,NC,MDH,,HNZ,-1,111.0,,341.8,,6.985265289012
nc73579811,NC,MDH1,1.0,DP1,1,111.0,,341.8,,6.985265289012
nc73579811,NC,MLH,,EHZ,1,104.0,,43.0,,8.908937519192
nc73579811,NC,MDY,,HHZ,-1,90.0,,290.6,,12.07576902876
nc73579811,NC,MMP,,EHZ,1,90.0,,264.9,,12.83189452964
nc73579811,NC,MINS,,HHZ,1,93.0,,283.6,,16.05654740104
nc73579811,NC,MDPB,,HHZ,1,85.0,,274.6,,17.30193057896
nc73579811,NC,MCB,,HHZ,-1,141.0,,337.4,,2.9355460622400003
nc73579811,NC,MCO,,EHZ,1,154.0,,93.5,,1.861403071284
nc73579811,NC,MDR,2.0,EHZ,1,125.0,,64.8,,4.693537851786
nc73579846,NC,MCV,,EHZ,1,126.0,,50.1,,6.5972
nc73579846,NC,MLC,,EHZ,-1,124.0,,339.2,,7.1398
nc73579846,NC,MCO,,EHZ,1,121.0,,15.6,,7.7214
nc73579846,CI,MLAC,,HHZ,-1,113.0,,27.1,,9.7562
nc73579846,NC,MDR,2.0,EHZ,1,111.0,,25.0,,10.5368
nc73579846,NC,MLH,,EHZ,1,100.0,,24.1,,15.4005
nc73579846,NC,MMT,,EHZ,1,84.0,,233.0,,32.4689
nc73580021,NC,MCV,,EHZ,-1,93.0,,16.3,,7.3133
nc73580021,NC,MCO,,EHZ,-1,88.0,,354.9,,10.2711
nc73580021,NC,MLC,,EHZ,-1,87.0,,329.8,,10.9716
nc73580021,CI,MLAC,,HHZ,-1,86.0,,7.2,,11.5643
nc73580021,NC,MGPB,,EHZ,1,86.0,,338.1,,11.8867
nc73580021,NC,MCS,,EHZ,-1,85.0,,341.8,,14.9668
nc73580021,NC,MQ1P,,EHZ,-1,82.0,,302.8,,17.7022
nc73580021,NC,MDPB,,HHZ,1,78.0,,300.5,,23.2064
nc73580036,NC,MGPB,,EHZ,-1,100.0,,320.5,,17.869
nc73580036,NC,MCB,,HHZ,-1,99.0,,325.6,,19.17
nc73580036,NC,MLH,,EHZ,-1,97.0,,349.5,,19.915
nc73580036,NC,MCS,,EHZ,-1,96.0,,325.6,,20.5711
nc73580036,NC,MMX1,,HN3,-1,96.0,,308.0,,20.8046
nc73580036,NC,MDH1,1.0,DP1,1,91.0,,329.0,,23.0396
nc73580036,NC,MEM,,EHZ,-1,91.0,,321.3,,23.3621
nc73580036,NC,MQ1P,,EHZ,-1,90.0,,299.5,,25.0856
nc73580036,NC,MMP,,EHZ,1,90.0,,298.1,,25.4859
nc73580036,NC,MLI,,HHZ,-1,90.0,,304.9,,26.2309
nc73580036,NC,MDY,,HHZ,-1,90.0,,309.6,,27.2539
nc73580036,NC,MCY,,EHZ,-1,90.0,,304.9,,27.4429
nc73580036,NC,MRC,,EHZ,1,90.0,,50.9,,30.3006
nc73580036,NC,MINS,,HHZ,-1,90.0,,303.8,,30.4341
nc73580036,NC,MDPB,,HHZ,-1,90.0,,298.3,,30.612
nc73580036,NC,MBS1,,EP1,-1,90.0,,332.5,,32.4467
nc73580036,NC,MDC,2.0,EHZ,-1,90.0,,314.4,,33.0249
nc73580036,NC,MMT,,EHZ,1,91.0,,248.7,,38.5513
nc73580036,BK,MMI,0.0,HHZ,1,86.0,,264.2,,86.3095
nc73580036,CI,MLAC,,HHZ,-1,103.0,,339.0,,15.2337
nc73580036,NC,MCO,,EHZ,-1,103.0,,328.9,,15.167
nc73580036,NC,MCV,,EHZ,-1,112.0,,333.5,,10.9082
nc73580036,NC,MLC,,EHZ,-1,100.0,,314.5,,17.4687
nc73580036,NC,MMLB,,HHZ,-1,90.0,,314.0,,25.1412
nc73580046,NC,MCV,,EHZ,-1,113.0,,340.2,,9.0902
nc73580046,NC,MLC,,EHZ,-1,98.0,,315.9,,15.3449
nc73580046,NC,MGPB,,EHZ,-1,98.0,,322.7,,15.8008
nc73580046,NC,MCB,,HHZ,-1,97.0,,328.3,,17.1796
nc73580046,NC,MLH,,EHZ,-1,96.0,,354.3,,18.4695
nc73580046,NC,MCS,,EHZ,-1,96.0,,328.1,,18.5807
nc73580046,NC,MMX1,,HN3,-1,96.0,,308.5,,18.6474
nc73580046,NC,MEM,,EHZ,-1,94.0,,323.0,,21.3049
nc73580046,NC,MQ1P,,EHZ,-1,86.0,,299.1,,22.9284
nc73580046,NC,MMLB,,HHZ,-1,86.0,,315.0,,23.0173
nc73580046,NC,MMP,,EHZ,1,86.0,,297.6,,23.3398
nc73580046,NC,MDY,,HHZ,-1,84.0,,310.1,,25.0967
nc73580046,NC,MINS,,HHZ,-1,82.0,,303.7,,28.2769
nc73580046,NC,MDPB,,HHZ,-1,82.0,,297.9,,28.4659
nc73580046,NC,MBS1,,EP1,1,81.0,,334.4,,30.5675
nc73580046,NC,MDC,2.0,EHZ,-1,81.0,,315.1,,30.9011
nc73580046,NC,MMT,,EHZ,1,79.0,,246.0,,37.3504
nc73580046,CI,MLAC,,HHZ,-1,99.0,,344.2,,13.5213
nc73580046,NC,MCO,,EHZ,-1,99.0,,332.8,,13.2433
nc73580096,NC,MCV,,EHZ,1,153.0,,58.2,,2.7554
nc73580096,NC,MCO,,EHZ,1,138.0,,352.2,,4.7058
nc73580096,CI,MLAC,,HHZ,1,129.0,,16.3,,6.1535
nc73580096,NC,MLC,,EHZ,-1,127.0,,306.6,,6.5505
nc73580096,NC,MDR,2.0,EHZ,1,125.0,,14.4,,6.9886
nc73580096,NC,MLH,,EHZ,1,107.0,,17.6,,11.8311
nc73580101,NP,1576,10.0,HNZ,1,137.0,,18.5,,5.6665
nc73580101,CI,MLAC,,HHZ,-1,107.0,,335.5,,13.3212
nc73580101,NC,MCO,,EHZ,-1,107.0,,324.0,,13.4435
nc73580101,NC,MDR,2.0,EHZ,-1,107.0,,337.0,,14.0995
nc73580101,NC,MGPB,,EHZ,-1,105.0,,315.6,,16.3345
nc73580101,NC,MCB,,HHZ,-1,103.0,,321.5,,17.5021
nc73580101,NC,MLH,,EHZ,-1,103.0,,348.1,,17.8579
nc73580101,NC,MCS,,EHZ,-1,102.0,,321.9,,18.9031
nc73580101,NC,MMX1,,HN3,-1,101.0,,303.0,,19.6259
nc73580101,NC,MDH,,HNZ,-1,98.0,,325.9,,21.2938
nc73580101,NC,MDH1,1.0,DP1,-1,98.0,,325.9,,21.2938
nc73580101,NC,MMLB,,HHZ,-1,96.0,,310.3,,23.7735
nc73580101,NC,MQ1P,,EHZ,-1,96.0,,295.1,,24.1738
nc73580101,NC,MRD,2.0,EHZ,1,94.0,,288.8,,26.6312
nc73580101,NC,MBS1,,EP1,1,92.0,,330.6,,30.6231
nc73580101,NC,MFB,,EHZ,1,92.0,,108.5,,32.1131
nc73580101,NP,1589,10.0,HNZ,1,90.0,,114.3,,43.1992
nc73580101,NP,1587,10.0,HNZ,-1,89.0,,81.5,,47.8917
nc73580101,BK,OVRO,0.0,HHZ,-1,89.0,,126.6,,54.0852
nc73580101,NP,2021,10.0,HNZ,-1,87.0,,38.1,,64.4931
nc73580101,NN,LHV,,HHZ,1,86.0,,16.1,,84.4192
nc73580101,NN,SJC,,EHZ,-1,85.0,,327.8,,109.0155
nc73580101,GS,MCA04,0.0,HHZ,1,85.0,,56.2,,112.1957
nc73580101,NC,MBUB,1.0,HNZ,-1,85.0,,272.5,,115.1979
nc73580101,BK,KARE,0.0,HHZ,1,84.0,,212.5,,121.4249
nc73580101,BK,BUCR,0.0,HHZ,1,84.0,,278.4,,122.7592
nc73580101,NN,WAK,,HHZ,-1,84.0,,332.1,,123.76
nc73580101,CI,CWC,,HHZ,-1,83.0,,152.7,,134.9906
nc73580101,CI,CGO,,HHZ,1,83.0,,141.1,,138.1041
nc73580101,CI,SPG2,,HHZ,-1,83.0,,179.8,,146.5549
nc73580101,LB,TPH,1.0,HHZ,-1,83.0,,65.2,,149.7796
nc73580101,BK,MERC,0.0,HHZ,1,83.0,,264.9,,149.8908
nc73580101,BK,CMB,0.0,HHZ,-1,82.0,,292.4,,153.1154
nc73580101,CI,WMF,,HHZ,-1,81.0,,152.1,,176.0216
nc73580101,BK,WELL,0.0,HHZ,1,80.0,,301.4,,199.3725
nc73580101,CI,WAS2,,HHZ,1,80.0,,174.4,,198.8165
nc73580101,NC,HLB,1.0,EHZ,-1,80.0,,253.5,,200.2621
nc73580101,NC,BMS,,EHZ,1,81.0,,242.6,,203.2643
nc73580101,NC,HBC,1.0,EHZ,1,58.0,,255.7,,211.4928
nc73580101,NC,PJC,1.0,EHZ,1,56.0,,222.4,,213.0495
nc73580101,NC,PCE,1.0,EHZ,-1,53.0,,219.4,,215.2734
nc73580101,NC,CDG,1.0,EHZ,1,48.0,,266.9,,222.6122
nc73580101,CI,SRT,,HHZ,1,48.0,,155.5,,222.6122
nc73580101,NC,PCA,,EHZ,-1,48.0,,218.7,,225.0585
nc73580101,BK,MTOS,0.0,HHZ,1,48.0,,270.3,,225.8369
nc73580101,NC,BBGB,,HHZ,-1,48.0,,243.2,,227.1712
nc73580101,NC,HPC,,EHZ,-1,48.0,,257.7,,227.7272
nc73580101,NC,PSM,,EHZ,-1,48.0,,225.7,,229.0615
nc73580101,BK,HELL,0.0,HHZ,1,86.0,,193.4,,95.9501
nc73580101,BK,LEGD,0.0,HHZ,1,84.0,,254.7,,126.5398
nc73580101,BK,LIND,0.0,HHZ,1,84.0,,191.1,,132.0996
nc73580101,BK,MMI,0.0,HHZ,1,86.0,,262.8,,86.6097
nc73580101,BK,TOLH,0.0,HHZ,1,86.0,,223.2,,86.8544
nc73580101,BK,WINE,0.0,HHZ,1,83.0,,227.1,,138.2153
nc73580101,CI,ISA,,HHZ,-1,67.0,,172.5,,207.9345
nc73580101,CI,WOR,,HHZ,-1,67.0,,166.7,,208.0457
nc73580101,NC,MCV,,EHZ,-1,121.0,,327.2,,9.1024
nc73580101,NC,MCY,,EHZ,-1,95.0,,301.1,,26.3421
nc73580101,NC,MDC,2.0,EHZ,-1,92.0,,311.6,,31.635
nc73580101,NC,MDPB,,HHZ,-1,92.0,,294.7,,29.7335
nc73580101,NC,MDY,,HHZ,-1,95.0,,305.9,,26.0085
nc73580101,NC,MEM,,EHZ,-1,98.0,,317.7,,21.7942
nc73580101,NC,MINS,,HHZ,-1,92.0,,300.3,,29.3777
nc73580101,NC,MLI,,HHZ,-1,95.0,,300.9,,25.1412
nc73580101,NC,MMP,,EHZ,-1,95.0,,293.7,,24.6297
nc73580101,NC,MMT,,EHZ,1,91.0,,245.9,,39.4075
nc73580101,NC,MRC,,EHZ,1,93.0,,54.0,,28.9663
nc73580101,NC,MTU,2.0,EHZ,-1,95.0,,135.2,,26.3198
nc73580106,NP,1576,10.0,HNZ,1,121.0,,20.4,,7.0398
nc73580106,NC,MGPB,,EHZ,-1,97.0,,320.2,,16.8016
nc73580106,NC,MCB,,HHZ,-1,96.0,,325.6,,18.0914
nc73580106,NC,MLH,,EHZ,-1,96.0,,350.8,,18.9365
nc73580106,NC,MCS,,EHZ,-1,95.0,,325.6,,19.4925
nc73580106,NC,MMX1,,HN3,-1,95.0,,307.0,,19.7816
nc73580106,NC,MDH1,1.0,DP1,1,86.0,,329.1,,21.961
nc73580106,NC,MEM,,EHZ,-1,86.0,,321.1,,22.2946
nc73580106,NC,MCY,,EHZ,1,83.0,,304.1,,26.4422
nc73580106,NC,MINS,,HHZ,1,81.0,,303.0,,29.4444
nc73580106,NC,MDPB,,HHZ,1,81.0,,297.4,,29.6668
nc73580106,NC,MBS1,,EP1,-1,80.0,,332.7,,31.3792
nc73580106,NC,MDC,2.0,EHZ,1,80.0,,314.0,,31.9797
nc73580106,NC,MMT,,EHZ,1,78.0,,247.2,,38.3178
nc73580106,BK,MMI,0.0,HHZ,1,78.0,,263.5,,85.798
nc73580106,BK,TOLH,0.0,HHZ,1,78.0,,223.4,,85.5089
nc73580106,CI,MLAC,,HHZ,-1,98.0,,339.9,,14.1885
nc73580106,NC,GDXB,,HHZ,-1,47.0,,293.6,,
nc73580106,NC,MCO,,EHZ,-1,98.0,,329.1,,14.0995
nc73580106,NC,MCV,,EHZ,-1,109.0,,334.3,,9.8441
nc73580106,NC,MDR,2.0,EHZ,-1,98.0,,341.1,,15.0002
nc73580106,NC,MLC,,EHZ,-1,97.0,,313.7,,16.4124
nc73580106,NC,MMLB,,HHZ,-1,85.0,,313.5,,24.0959
nc73580106,NC,MTU,2.0,EHZ,-1,83.0,,132.2,,25.964
nc73580111,NC,MGPB,,EHZ,-1,103.0,,320.7,,17.1018
nc73580111,NC,MCB,,HHZ,-1,102.0,,326.0,,18.4139
nc73580111,NC,MLH,,EHZ,-1,101.0,,350.8,,19.2701
nc73580111,NC,MCS,,EHZ,-1,100.0,,326.0,,19.8149
nc73580111,NC,MMX1,,HN3,-1,100.0,,307.7,,20.0373
nc73580111,NC,MEM,,EHZ,-1,96.0,,321.5,,22.5948
nc73580111,NC,MMLB,,HHZ,-1,95.0,,314.0,,24.3739
nc73580111,NC,MTU,2.0,EHZ,-1,94.0,,131.8,,25.686
nc73580111,NC,MDY,,HHZ,-1,94.0,,309.4,,26.4866
nc73580111,NC,MINS,,HHZ,-1,92.0,,303.4,,29.689
nc73580111,NC,MDPB,,HHZ,1,92.0,,297.9,,29.8892
nc73580111,NC,MRC,,EHZ,1,92.0,,52.3,,30.3673
nc73580111,NC,MBS1,,EP1,-1,92.0,,332.9,,31.7128
nc73580111,NC,MDC,2.0,EHZ,-1,92.0,,314.4,,32.2576
nc73580111,NC,MMT,,EHZ,1,91.0,,247.7,,38.2622
nc73580111,BK,MMI,0.0,HHZ,1,86.0,,263.8,,85.8425
nc73580111,CI,MLAC,,HHZ,-1,106.0,,340.1,,14.5332
nc73580111,NC,MCO,,EHZ,-1,106.0,,329.5,,14.422
nc73580111,NC,MCV,,EHZ,-1,117.0,,334.8,,10.1766
nc73580111,NC,MDR,2.0,EHZ,-1,105.0,,341.3,,15.3338
nc73580111,NC,MLC,,EHZ,-1,104.0,,314.4,,16.7015
nc73580116,NP,1576,10.0,HNZ,1,113.0,,26.3,,7.6302
nc73580116,NC,MGPB,,EHZ,-1,95.0,,323.2,,16.4124
nc73580116,NC,MMX1,,HN3,-1,85.0,,309.3,,19.2034
nc73580116,NC,MDH,,HNZ,-1,85.0,,331.5,,21.7164
nc73580116,NC,MDH1,1.0,DP1,1,85.0,,331.5,,21.7164
nc73580116,NC,MMP,,EHZ,-1,84.0,,298.4,,23.8291
nc73580116,NC,MLI,,HHZ,-1,83.0,,305.7,,24.6074
nc73580116,NC,MCY,,EHZ,-1,82.0,,305.7,,25.8083
nc73580116,NC,MBS1,,EP1,-1,78.0,,334.4,,31.1791
nc73580116,NC,MFB,,EHZ,1,77.0,,105.2,,33.2139
nc73580116,BK,OVRO,0.0,BHZ,-1,75.0,,124.3,,54.5411
nc73580116,BK,TOLH,0.0,HHZ,1,74.0,,223.0,,84.6972
nc73580116,CI,CWC,,HHZ,1,73.0,,151.8,,134.4347
nc73580116,BK,KARE,0.0,HHZ,-1,74.0,,212.2,,119.3122
nc73580116,BK,MMI,0.0,HHZ,1,74.0,,263.6,,84.8528
nc73580116,CI,MLAC,,HHZ,-1,95.0,,343.8,,14.1329
nc73580116,NC,BMS,,EHZ,-1,72.0,,242.7,,201.1516
nc73580116,NC,MCB,,HHZ,-1,94.0,,328.5,,17.7912
nc73580116,NC,MCO,,EHZ,-1,95.0,,332.9,,13.8549
nc73580116,NC,MCS,,EHZ,-1,85.0,,328.3,,19.1922
nc73580116,NC,MCV,,EHZ,-1,106.0,,339.9,,9.7029
nc73580116,NC,MDC,2.0,EHZ,-1,78.0,,315.5,,31.4904
nc73580116,NC,MDR,2.0,EHZ,-1,95.0,,344.8,,14.9557
nc73580116,NC,MDY,,HHZ,-1,82.0,,310.7,,25.6638
nc73580116,NC,MEM,,EHZ,-1,85.0,,323.4,,21.9054
nc73580116,NC,MLC,,EHZ,-1,95.0,,316.7,,15.9342
nc73580116,NC,MLH,,EHZ,-1,85.0,,353.7,,19.0477
nc73580116,NC,MMLB,,HHZ,-1,84.0,,315.5,,23.5956
nc73580116,NC,MMT,,EHZ,1,75.0,,247.0,,37.3726
nc73580116,NC,MRC,,EHZ,1,78.0,,53.6,,31.1123
nc73580116,NC,MTU,2.0,EHZ,-1,81.0,,130.5,,26.4978
nc73580131,NC,MLC,,EHZ,-1,99.0,,314.8,,17.5243
nc73580131,NC,MGPB,,EHZ,-1,98.0,,320.8,,17.9357
nc73580131,NC,MCB,,HHZ,-1,97.0,,325.9,,19.2367
nc73580131,NC,MMX1,,HN3,-1,94.0,,308.3,,20.849
nc73580131,NC,MQ1P,,EHZ,-1,90.0,,299.7,,25.1078
nc73580131,NC,MMLB,,HHZ,-1,90.0,,314.3,,25.1968
nc73580131,NC,MDY,,HHZ,1,90.0,,309.8,,27.2984
nc73580131,NC,MDPB,,HHZ,-1,90.0,,298.5,,30.6453
nc73580131,NC,MMT,,EHZ,1,85.0,,248.9,,38.4846
nc73580131,CI,MLAC,,HHZ,-1,101.0,,339.2,,15.3338
nc73580131,NC,MCO,,EHZ,-1,101.0,,329.2,,15.2559
nc73580131,NC,MCV,,EHZ,-1,110.0,,333.9,,10.9938
nc73580131,NC,MDR,2.0,EHZ,-1,100.0,,340.3,,16.1344
nc73580141,NC,MTU,2.0,EHZ,-1,135.0,,175.7,,10.2032
nc73580141,NC,MFB,,EHZ,1,126.0,,97.7,,12.7652
nc73580141,NC,MCD,,EHZ,1,122.0,,44.6,,16.1344
nc73580286,NC,MCV,,EHZ,1,144.0,,46.1,,3.8818
nc73580286,NC,MCO,,EHZ,1,131.0,,358.2,,5.9033
nc73580286,NC,MLC,,EHZ,1,125.0,,317.0,,7.0364
nc73580286,NC,MGPB,,EHZ,-1,122.0,,331.1,,7.6502
nc73580286,NC,MDR,2.0,EHZ,1,119.0,,15.3,,8.304
nc73580286,NC,MCS,,EHZ,-1,111.0,,338.2,,10.6503
nc73580286,NC,MLH,,EHZ,1,102.0,,17.9,,13.1544
nc73580286,NC,MBS1,,EP1,-1,90.0,,341.3,,22.895
nc73580311,NC,MLC,,EHZ,1,124.0,,353.1,,3.4971
nc73580311,NC,MMX1,,HN3,1,106.0,,312.9,,5.9278
nc73580311,NC,MCO,,EHZ,1,106.0,,44.6,,5.9645
nc73580311,NC,MCB,,HHZ,1,100.0,,9.7,,7.1576
nc73580311,NC,MCV,,EHZ,1,100.0,,81.9,,7.2621
nc73580311,NC,MDR,2.0,EHZ,1,95.0,,46.0,,9.1458
nc73580311,NC,MEM,,EHZ,-1,94.0,,344.8,,9.8052
nc73580311,NC,MMLB,,HHZ,-1,93.0,,325.3,,10.588
nc73580311,NC,MDY,,HHZ,-1,90.0,,313.8,,12.4094
nc73580311,NC,MDPB,,HHZ,1,85.0,,291.1,,15.9676
nc73580311,NC,MDC,2.0,EHZ,-1,83.0,,321.1,,18.4139
nc73580366,NC,MCS,,EHZ,1,163.0,,67.4,,2.4752
nc73580366,NC,MCB,,HHZ,1,159.0,,94.0,,3.0823
nc73580366,NC,MGPB,,EHZ,1,157.0,,131.6,,3.3926
nc73580366,NC,MLC,,EHZ,-1,153.0,,159.2,,4.0653
nc73580366,NC,MCO,,EHZ,1,138.0,,116.7,,6.7829
nc73580366,NC,MDR,2.0,EHZ,-1,131.0,,96.3,,8.5064
nc73580491,NC,MCV,,EHZ,-1,94.0,,350.3,,11.9979
nc73580491,NC,MCO,,EHZ,-1,93.0,,341.6,,15.8564
nc73580491,NC,MLC,,EHZ,-1,85.0,,326.1,,17.2241
nc73580491,NC,MDR,2.0,EHZ,-1,85.0,,351.3,,17.3464
nc73580491,NC,MMP,,EHZ,-1,82.0,,305.6,,24.1515
nc73580491,NC,MMT,,EHZ,1,74.0,,250.2,,35.1487
nc73580506,NC,MCV,,EHZ,-1,126.0,,10.7,,5.2384
nc73580506,NC,MCO,,EHZ,-1,109.0,,346.5,,8.5998
nc73580506,NC,MLC,,EHZ,-1,105.0,,319.0,,10.0876
nc73580506,NC,MDR,2.0,EHZ,-1,104.0,,2.1,,10.4735
nc73580506,NC,MGPB,,EHZ,1,103.0,,328.9,,10.6947
nc73580506,NC,MMX1,,HN3,1,95.0,,307.8,,13.3434
nc73580511,NC,MDPB,,HHZ,-1,100.0,,37.1,,9.9642
nc73580511,NC,MMP,,EHZ,-1,95.0,,62.6,,11.8311
nc73580511,NC,MQ1P,,EHZ,-1,90.0,,62.5,,12.565
nc73580511,NC,MINS,,HHZ,-1,90.0,,36.5,,12.8541
nc73580511,NC,MDY,,HHZ,-1,93.0,,47.8,,16.1121
nc73580511,NC,MDC,2.0,EHZ,-1,84.0,,29.3,,18.981
nc73580511,NC,MMT,,EHZ,1,84.0,,187.8,,20.7045
nc73580511,NC,MCV,,EHZ,1,78.0,,83.3,,28.3325
nc73580511,NC,MPR,,EHZ,1,72.0,,289.8,,81.0722
nc73580566,NC,MDR,2.0,EHZ,1,141.0,,350.1,,6.0056
nc73580566,NC,MLC,,EHZ,-1,129.0,,290.8,,8.6043
nc73580566,NC,MCB,,HHZ,-1,127.0,,316.1,,9.227
nc73580566,NC,MLH,,EHZ,1,123.0,,4.4,,10.4534
nc73580566,NC,MCS,,EHZ,1,122.0,,317.4,,10.6136
nc73580836,NC,MCV,,EHZ,-1,118.0,,14.8,,9.019
nc73580836,NC,MCO,,EHZ,-1,108.0,,356.8,,11.9535
nc73580836,NC,MLC,,EHZ,-1,104.0,,334.7,,12.3649
nc73580836,NC,MGPB,,EHZ,1,103.0,,341.8,,13.399
nc73580836,NC,MDR,2.0,EHZ,-1,102.0,,6.9,,14.144
nc73580836,NC,MDPB,,HHZ,-1,90.0,,304.3,,23.9069
nc73580836,NC,MDC,2.0,EHZ,1,90.0,,323.3,,27.4874
nc73580851,NC,MCS,,EHZ,1,144.0,,64.6,,3.685
nc73580851,NC,MCB,,HHZ,1,141.0,,84.2,,4.1398
nc73580851,NC,MDH1,,DP1,-1,132.0,,35.1,,5.3096
nc73580851,NC,MINS,,HHZ,1,110.0,,278.1,,10.4657
nc73580851,NC,MDC,2.0,EHZ,-1,106.0,,311.6,,11.5754
nc73580851,NC,MDPB,,HHZ,1,101.0,,265.6,,12.0313
nc73580856,NC,MCV,,EHZ,-1,114.0,,349.4,,8.6254
nc73580856,NC,MCO,,EHZ,1,99.0,,338.7,,12.565
nc73580856,NC,MDR,2.0,EHZ,-1,99.0,,351.0,,13.9661
nc73580856,NC,MLC,,EHZ,-1,99.0,,320.0,,14.2885
nc73580856,NC,MMP,,EHZ,1,93.0,,299.2,,21.9944
nc73580856,NC,MDPB,,HHZ,-1,83.0,,299.2,,27.1204
nc73581001,NP,1576,10.0,HNZ,1,122.0,,20.1,,7.241
nc73581001,NC,MCB,,HHZ,-1,97.0,,326.0,,18.2471
nc73581001,NC,MMX1,,HN3,-1,95.0,,307.6,,19.8817
nc73581001,NC,MDH,,HNZ,1,92.0,,329.5,,22.1278
nc73581001,NC,MDH1,1.0,DP1,1,92.0,,329.5,,22.1278
nc73581001,NC,MMP,,EHZ,-1,93.0,,297.4,,24.6074
nc73581001,NC,MCY,,EHZ,1,85.0,,304.5,,26.5311
nc73581001,NC,MINS,,HHZ,-1,83.0,,303.3,,29.5334
nc73581001,NC,MCD,,EHZ,1,83.0,,81.5,,30.1783
nc73581001,NC,MRC,,EHZ,1,83.0,,52.6,,30.3673
nc73581001,NC,MBS1,,EP1,-1,82.0,,332.9,,31.546
nc73581001,NC,MDC,2.0,EHZ,-1,82.0,,314.3,,32.102
nc73581001,NC,MFB,,EHZ,-1,82.0,,105.7,,32.3577
nc73581001,NC,MMT,,EHZ,1,80.0,,247.4,,38.2177
nc73581001,BK,HELL,0.0,HHZ,-1,79.0,,193.2,,94.4045
nc73581001,NC,MHD,,EHZ,1,79.0,,246.5,,107.8813
nc73581001,NC,MPR,,EHZ,-1,79.0,,287.2,,113.6412
nc73581001,BK,MMI,0.0,HHZ,1,80.0,,263.7,,85.7535
nc73581001,BK,TOLH,0.0,HHZ,1,80.0,,223.5,,85.3421
nc73581001,CI,MLAC,,HHZ,-1,100.0,,340.3,,14.3775
nc73581001,NC,MCO,,EHZ,-1,100.0,,329.6,,14.2552
nc73581001,NC,MCS,,EHZ,-1,96.0,,326.0,,19.6481
nc73581001,NC,MCV,,EHZ,-1,111.0,,335.0,,10.0153
nc73581001,NC,MDPB,,HHZ,-1,83.0,,297.7,,29.7335
nc73581001,NC,MDR,2.0,EHZ,-1,99.0,,341.5,,15.1781
nc73581001,NC,MDY,,HHZ,-1,94.0,,309.3,,26.331
nc73581001,NC,MEM,,EHZ,-1,91.0,,321.5,,22.428
nc73581001,NC,MGPB,,EHZ,-1,98.0,,320.7,,16.935
nc73581001,NC,MLC,,EHZ,-1,98.0,,314.3,,16.5347
nc73581001,NC,MLH,,EHZ,-1,96.0,,351.0,,19.1366
nc73581001,NC,MMI,,EHZ,1,80.0,,263.7,,85.7535
nc73581001,NC,MMLB,,HHZ,-1,93.0,,313.9,,24.2071
nc73581001,NC,MTU,2.0,EHZ,-1,94.0,,131.8,,25.8528
nc73581281,NC,MMP,,EHZ,-1,101.0,,354.1,,15.5562
nc73581281,NC,MQ1P,,EHZ,1,100.0,,356.6,,15.8453
nc73581281,NC,MMX1,,HN3,-1,99.0,,15.3,,16.9016
nc73581281,NC,MLC,,EHZ,1,98.0,,28.0,,17.8468
nc73581281,NC,MMT,,EHZ,1,98.0,,235.0,,18.2693
nc73581281,NC,MDPB,,HHZ,1,97.0,,341.4,,18.981
nc73581281,NC,MGPB,,EHZ,-1,96.0,,28.7,,19.726
nc73581281,NC,MCV,,EHZ,1,94.0,,50.2,,20.8268
nc73581281,NC,MINS,,HHZ,1,94.0,,347.7,,20.849
nc73581281,NC,MCO,,EHZ,1,94.0,,38.2,,21.027
nc73581281,NC,MCB,,HHZ,-1,92.0,,27.3,,21.772
nc73581281,NC,MDR,2.0,EHZ,1,90.0,,39.5,,24.1738
nc73581281,NC,MDC,2.0,EHZ,-1,90.0,,354.1,,26.709
nc73581281,NC,MBS1,,EP1,1,92.0,,10.2,,32.7914
nc73581291,NC,MCY,,EHZ,1,166.0,,9.9,,0.7809
nc73581291,NC,MLI,,HHZ,1,161.0,,85.7,,1.1297
nc73581291,NC,MQ1P,,EHZ,-1,138.0,,162.3,,2.7065
nc73581291,NC,MDPB,,HHZ,-1,120.0,,264.5,,4.3177
nc73581291,NC,MMX1,,HN3,1,106.0,,108.6,,6.6028
nc73581291,NC,MEM,,EHZ,1,99.0,,67.3,,8.6877
nc73581291,NC,MLC,,EHZ,1,95.0,,104.6,,10.5268
nc73581291,NC,MGPB,,EHZ,-1,93.0,,95.6,,11.3308
nc73581291,NC,MBS1,,EP1,1,86.0,,28.6,,15.823
nc73581291,NC,MCV,,EHZ,1,84.0,,106.0,,18.514
nc73581291,NC,MDC,2.0,EHZ,1,100.0,,353.1,,8.2395
nc73581291,NC,MDY,,HHZ,1,135.0,,33.6,,2.9422
nc73581291,NC,MINS,,HHZ,1,130.0,,306.6,,3.3203
nc73581291,NC,MMLB,,HHZ,1,113.0,,60.5,,5.2262
nc73581291,NC,MMP,,EHZ,-1,135.0,,176.6,,2.9233
nc73581296,NC,MCY,,EHZ,1,164.0,,32.4,,1.3733
nc73581296,NC,MQ1P,,EHZ,1,151.0,,147.0,,2.6142
nc73581296,NC,MINS,,HHZ,1,145.0,,318.9,,3.139
nc73581296,NC,MDY,,HHZ,-1,141.0,,38.2,,3.6116
nc73581296,NC,MDPB,,HHZ,-1,140.0,,269.6,,3.695
nc73581296,NC,MMLB,,HHZ,1,124.0,,60.1,,5.9423
nc73581296,NC,MMX1,,HN3,1,118.0,,104.0,,7.0731
nc73581296,NC,MDC,2.0,EHZ,1,112.0,,357.4,,8.5765
nc73581296,NC,MMP,,EHZ,-1,150.0,,163.0,,2.6464
nc73581301,NC,MCY,,EHZ,1,166.0,,23.5,,0.7787
nc73581301,NC,MLI,,HHZ,1,158.0,,88.7,,1.3032
nc73581301,NC,MQ1P,,EHZ,-1,137.0,,159.2,,2.8177
nc73581301,NC,MDPB,,HHZ,-1,122.0,,263.5,,4.1476
nc73581301,NC,MMLB,,HHZ,-1,112.0,,62.0,,5.354
nc73581301,NC,MDC,2.0,EHZ,1,100.0,,354.3,,8.165
nc73581301,NC,MDY,,HHZ,1,135.0,,37.0,,2.9989
nc73581301,NC,MINS,,HHZ,1,133.0,,307.7,,3.1457
nc73581301,NC,MMP,,EHZ,-1,135.0,,173.3,,2.9945
nc73581306,NC,MCY,,EHZ,1,166.0,,14.1,,0.8506
nc73581306,NC,MLI,,HHZ,1,160.0,,83.3,,1.2087
nc73581306,NC,MQ1P,,EHZ,-1,140.0,,160.4,,2.6776
nc73581306,NC,MMX1,,HN3,1,107.0,,107.9,,6.655
nc73581306,NC,MEM,,EHZ,1,100.0,,67.2,,8.7766
nc73581306,NC,MLC,,EHZ,1,96.0,,104.2,,10.5846
nc73581306,NC,MGPB,,EHZ,-1,94.0,,95.2,,11.3975
nc73581306,NC,MBS1,,EP1,-1,86.0,,28.7,,15.9009
nc73581306,NC,MCV,,EHZ,1,84.0,,105.8,,18.5696
nc73581306,NC,MMT,,EHZ,1,75.0,,204.4,,31.635
nc73581306,NC,MDC,2.0,EHZ,1,101.0,,353.7,,8.2862
nc73581306,NC,MDPB,,HHZ,-1,123.0,,265.1,,4.2399
nc73581306,NC,MDY,,HHZ,1,136.0,,34.2,,3.0289
nc73581306,NC,MINS,,HHZ,1,133.0,,308.1,,3.2958
nc73581306,NC,MMLB,,HHZ,1,115.0,,60.4,,5.3173
nc73581306,NC,MMP,,EHZ,-1,138.0,,175.1,,2.8733
nc73581311,NC,MCY,,EHZ,1,166.0,,17.3,,0.7478
nc73581311,NC,MLI,,HHZ,-1,158.0,,88.6,,1.2154
nc73581311,NC,MDY,,HHZ,1,133.0,,35.6,,2.9467
nc73581311,NC,MMP,,EHZ,-1,133.0,,175.0,,2.9856
nc73581311,NC,MINS,,HHZ,1,130.0,,306.7,,3.2169
nc73581311,NC,MDPB,,HHZ,-1,119.0,,263.6,,4.2354
nc73581311,NC,MMLB,,HHZ,1,110.0,,61.5,,5.2762
nc73581311,NC,MDC,2.0,EHZ,1,99.0,,353.7,,8.1739
nc73581316,NC,MCY,,EHZ,1,167.0,,18.7,,0.695
nc73581316,NC,MQ1P,,EHZ,-1,136.0,,161.3,,2.8399
nc73581316,NC,MDPB,,HHZ,-1,121.0,,262.9,,4.2421
nc73581316,NC,MMX1,,HN3,-1,105.0,,109.2,,6.7217
nc73581316,NC,MEM,,EHZ,1,99.0,,68.2,,8.7277
nc73581316,NC,MGPB,,EHZ,-1,93.0,,96.1,,11.4308
nc73581316,NC,MBS1,,EP1,-1,86.0,,29.0,,15.7674
nc73581316,NC,MDC,2.0,EHZ,1,100.0,,353.7,,8.1183
nc73581316,NC,MDY,,HHZ,1,135.0,,36.3,,2.9022
nc73581316,NC,MINS,,HHZ,1,132.0,,305.9,,3.1835
nc73581316,NC,MMLB,,HHZ,1,112.0,,62.0,,5.2506
nc73581316,NC,MMP,,EHZ,-1,133.0,,175.1,,3.0412
nc73581321,NC,MCY,,EHZ,1,163.0,,27.5,,1.1186
nc73581321,NC,MLI,,HHZ,1,157.0,,78.5,,1.54
nc73581321,NC,MQ1P,,EHZ,-1,142.0,,152.9,,2.6476
nc73581321,NC,MMX1,,HN3,1,108.0,,105.8,,6.903
nc73581321,NC,MEM,,EHZ,1,101.0,,66.9,,9.1258
nc73581321,NC,MLC,,EHZ,1,97.0,,103.0,,10.846
nc73581321,NC,MGPB,,EHZ,-1,95.0,,94.3,,11.6977
nc73581321,NC,MBS1,,EP1,-1,86.0,,29.4,,16.2011
nc73581321,NC,MDR,2.0,EHZ,-1,85.0,,88.5,,17.5799
nc73581321,NC,MCV,,EHZ,1,84.0,,105.0,,18.8253
nc73581321,NC,MMT,,EHZ,1,76.0,,204.0,,31.357
nc73581321,NC,MDC,2.0,EHZ,1,103.0,,355.9,,8.4241
nc73581321,NC,MDPB,,HHZ,-1,128.0,,267.2,,3.9196
nc73581321,NC,MDY,,HHZ,1,134.0,,37.0,,3.3447
nc73581321,NC,MINS,,HHZ,1,136.0,,313.9,,3.1713
nc73581321,NC,MMLB,,HHZ,1,115.0,,60.4,,5.6687
nc73581321,NC,MMP,,EHZ,-1,141.0,,168.4,,2.7532
nc73581326,NC,MCY,,EHZ,1,163.0,,21.9,,1.0688
nc73581326,NC,MLI,,HHZ,-1,158.0,,77.5,,1.4244
nc73581326,NC,MQ1P,,EHZ,-1,143.0,,155.2,,2.5953
nc73581326,NC,MMX1,,HN3,1,109.0,,106.1,,6.7896
nc73581326,NC,MEM,,EHZ,1,101.0,,66.7,,9.0179
nc73581326,NC,MLC,,EHZ,1,97.0,,103.1,,10.7314
nc73581326,NC,MCO,,EHZ,1,92.0,,96.3,,15.167
nc73581326,NC,MBS1,,EP1,-1,86.0,,29.0,,16.1455
nc73581326,NC,MCV,,EHZ,1,84.0,,105.1,,18.7141
nc73581326,NC,MMT,,EHZ,1,76.0,,204.2,,31.4126
nc73581326,NC,MCB,,HHZ,-1,90.0,,84.5,,12.1314
nc73581326,NC,MDC,2.0,EHZ,1,103.0,,355.1,,8.433
nc73581326,NC,MDPB,,HHZ,-1,127.0,,267.3,,4.0375
nc73581326,NC,MDY,,HHZ,1,135.0,,35.3,,3.2747
nc73581326,NC,MGPB,,EHZ,-1,95.0,,94.3,,11.5754
nc73581326,NC,MINS,,HHZ,1,135.0,,312.5,,3.2569
nc73581326,NC,MMLB,,HHZ,1,116.0,,59.9,,5.5664
nc73581326,NC,MMP,,EHZ,-1,141.0,,170.8,,2.7321
nc73581331,NC,MCY,,EHZ,1,165.0,,23.5,,0.7787
nc73581331,NC,MQ1P,,EHZ,-1,136.0,,159.2,,2.8177
nc73581331,NC,MMLB,,HHZ,1,111.0,,62.0,,5.354
nc73581331,NC,MLC,,EHZ,1,94.0,,104.7,,10.7114
nc73581331,NC,MGPB,,EHZ,1,92.0,,95.7,,11.5198
nc73581331,NC,MDC,2.0,EHZ,1,99.0,,354.3,,8.165
nc73581331,NC,MDPB,,HHZ,-1,121.0,,263.5,,4.1476
nc73581331,NC,MDY,,HHZ,1,133.0,,37.0,,2.9989
nc73581331,NC,MINS,,HHZ,1,131.0,,307.7,,3.1457
nc73581331,NC,MMP,,EHZ,-1,133.0,,173.3,,2.9945
nc73581336,NC,MCY,,EHZ,1,163.0,,20.5,,1.0979
nc73581336,NC,MQ1P,,EHZ,-1,144.0,,155.2,,2.5564
nc73581336,NC,MMX1,,HN3,1,110.0,,105.8,,6.7651
nc73581336,NC,MLC,,EHZ,1,98.0,,102.9,,10.7081
nc73581336,NC,MCS,,EHZ,1,96.0,,78.1,,11.5198
nc73581336,NC,MCB,,HHZ,1,90.0,,84.3,,12.1202
nc73581336,NC,MCO,,EHZ,1,92.0,,96.1,,15.1447
nc73581336,NC,MBS1,,EP1,-1,86.0,,28.9,,16.1677
nc73581336,CI,MLAC,,HHZ,1,85.0,,91.2,,17.4354
nc73581336,NC,MDR,2.0,EHZ,1,85.0,,88.4,,17.4465
nc73581336,NC,MCV,,EHZ,1,85.0,,105.0,,18.6919
nc73581336,NC,MMT,,EHZ,1,76.0,,204.3,,31.3792
nc73581336,NC,MDC,2.0,EHZ,1,104.0,,355.0,,8.4708
nc73581336,NC,MDPB,,HHZ,-1,128.0,,267.8,,4.0508
nc73581336,NC,MDY,,HHZ,1,136.0,,34.7,,3.2969
nc73581336,NC,MEM,,EHZ,1,102.0,,66.4,,9.019
nc73581336,NC,MGPB,,EHZ,1,96.0,,94.2,,11.5643
nc73581336,NC,MINS,,HHZ,1,136.0,,312.8,,3.2925
nc73581336,NC,MLI,,HHZ,-1,159.0,,75.9,,1.4188
nc73581336,NC,MMLB,,HHZ,1,117.0,,59.4,,5.572
nc73581336,NC,MMP,,EHZ,-1,142.0,,171.0,,2.6931
nc73581346,NC,MCY,,EHZ,1,166.0,,21.0,,0.7448
nc73581346,NC,MQ1P,,EHZ,1,137.0,,160.2,,2.8188
nc73581346,NC,MMP,,EHZ,-1,135.0,,174.2,,3.0078
nc73581346,NC,MINS,,HHZ,1,133.0,,306.9,,3.1702
nc73581346,NC,MDPB,,HHZ,-1,122.0,,263.3,,4.1943
nc73581346,NC,MEM,,EHZ,1,99.0,,68.1,,8.7822
nc73581346,NC,MGPB,,EHZ,-1,93.0,,95.9,,11.4753
nc73581346,NC,MDC,2.0,EHZ,1,101.0,,354.0,,8.1506
nc73581346,NC,MDY,,HHZ,1,135.0,,36.5,,2.9578
nc73581346,NC,MMLB,,HHZ,1,113.0,,61.9,,5.3073
nc73581351,NC,MQ1P,,EHZ,-1,136.0,,160.5,,2.8143
nc73581351,NC,MDPB,,HHZ,-1,121.0,,263.3,,4.2087
nc73581351,NC,MEM,,EHZ,1,98.0,,68.1,,8.7688
nc73581351,NC,MLC,,EHZ,1,94.0,,104.8,,10.6591
nc73581351,NC,MGPB,,EHZ,-1,92.0,,95.9,,11.4642
nc73581351,NC,MCY,,EHZ,1,166.0,,19.9,,0.7397
nc73581351,NC,MDC,2.0,EHZ,1,100.0,,353.9,,8.1528
nc73581351,NC,MDY,,HHZ,1,134.0,,36.3,,2.9489
nc73581351,NC,MINS,,HHZ,1,132.0,,306.8,,3.1813
nc73581351,NC,MMLB,,HHZ,1,112.0,,61.8,,5.294
nc73581351,NC,MMP,,EHZ,-1,134.0,,174.5,,3.0067
nc73581366,NC,MMS,,EHZ,1,171.0,,157.4,,0.5163
nc73581366,NC,MCY,,EHZ,1,165.0,,25.0,,1.0127
nc73581366,NC,MDPB,,HHZ,-1,130.0,,266.2,,4.013
nc73581366,NC,MMX1,,HN3,1,111.0,,106.6,,6.8385
nc73581366,NC,MLC,,EHZ,1,99.0,,103.5,,10.777
nc73581366,NC,MGPB,,EHZ,1,96.0,,94.7,,11.6199
nc73581366,NC,MBS1,,EP1,-1,93.0,,29.2,,16.0899
nc73581366,NC,MDR,2.0,EHZ,1,85.0,,88.7,,17.491
nc73581366,NC,MCV,,EHZ,1,85.0,,105.3,,18.7586
nc73581366,NC,MMT,,EHZ,1,76.0,,204.1,,31.4682
nc73581366,NC,MCB,,HHZ,1,90.0,,84.8,,12.1536
nc73581366,NC,MCO,,EHZ,1,92.0,,96.5,,15.2003
nc73581366,NC,MDC,2.0,EHZ,1,105.0,,355.3,,8.3563
nc73581366,NC,MDY,,HHZ,1,138.0,,36.5,,3.2324
nc73581366,NC,MEM,,EHZ,1,103.0,,67.2,,9.0157
nc73581366,NC,MINS,,HHZ,1,138.0,,311.9,,3.1857
nc73581366,NC,MLI,,HHZ,-1,159.0,,80.7,,1.44
nc73581366,NC,MMLB,,HHZ,1,118.0,,60.7,,5.5553
nc73581366,NC,MMP,,EHZ,-1,142.0,,170.5,,2.8099
nc73581366,NC,MQ1P,,EHZ,-1,144.0,,155.3,,2.6753
nc73581381,NP,1576,10.0,HNZ,-1,127.0,,30.4,,10.3856
nc73581381,CI,MLAC,,HHZ,-1,114.0,,352.5,,15.8119
nc73581381,NC,MMX1,,HN3,-1,110.0,,317.7,,19.2812
nc73581381,NC,MDH,,HNZ,-1,105.0,,338.2,,22.8172
nc73581381,NC,MDH1,1.0,DP1,-1,105.0,,338.2,,22.8172
nc73581381,NC,MQ1P,,EHZ,-1,105.0,,306.8,,23.0062
nc73581381,NC,MLI,,HHZ,-1,104.0,,312.3,,24.4629
nc73581381,NC,MCY,,EHZ,-1,103.0,,311.9,,25.6527
nc73581381,NC,MDPB,,HHZ,-1,101.0,,304.2,,28.4437
nc73581381,NC,MBS1,,EP1,1,98.0,,339.0,,32.3688
nc73581381,NC,MRC,,EHZ,1,98.0,,52.6,,33.8922
nc73581381,BK,OVRO,0.0,BHZ,-1,92.0,,121.4,,54.9859
nc73581381,BK,BUCR,0.0,HHZ,-1,85.0,,280.3,,119.8681
nc73581381,BK,LIND,0.0,HHZ,-1,85.0,,189.8,,127.9854
nc73581381,CI,CWC,,HHZ,-1,84.0,,150.6,,133.4339
nc73581381,BK,HELL,0.0,HHZ,-1,87.0,,191.8,,91.7025
nc73581381,BK,LEGD,0.0,HHZ,1,85.0,,255.9,,122.3144
nc73581381,BK,MMI,0.0,HHZ,1,89.0,,264.9,,82.7624
nc73581381,BK,TOLH,0.0,HHZ,1,88.0,,223.1,,81.8617
nc73581381,NC,MCB,,HHZ,-1,111.0,,336.7,,18.7919
nc73581381,NC,MCO,,EHZ,-1,115.0,,342.9,,15.1003
nc73581381,NC,MCS,,EHZ,-1,109.0,,336.0,,20.1708
nc73581381,NC,MCV,,EHZ,-1,124.0,,352.6,,11.3085
nc73581381,NC,MDC,2.0,EHZ,-1,99.0,,320.6,,31.7906
nc73581381,NC,MDR,2.0,EHZ,-1,113.0,,352.9,,16.6681
nc73581381,NC,MDY,,HHZ,-1,103.0,,317.0,,25.7527
nc73581381,NC,MEM,,EHZ,-1,105.0,,330.4,,22.6393
nc73581381,NC,MFB,,EHZ,1,97.0,,101.0,,34.5816
nc73581381,NC,MGPB,,EHZ,-1,113.0,,332.4,,17.1796
nc73581381,NC,MINS,,HHZ,-1,101.0,,310.0,,28.566
nc73581381,NC,MLC,,EHZ,-1,114.0,,326.5,,16.4124
nc73581381,NC,MLH,,EHZ,-1,107.0,,359.4,,21.0381
nc73581381,NC,MMLB,,HHZ,-1,104.0,,322.2,,23.9403
nc73581381,NC,MMP,,EHZ,-1,104.0,,305.2,,23.3398
nc73581381,NC,MMT,,EHZ,1,97.0,,248.9,,34.8263
nc73581381,NC,MTU,2.0,EHZ,-1,102.0,,124.4,,26.7201
nc73581441,NC,MDPB,,HHZ,-1,122.0,,265.1,,4.2098
nc73581441,NC,MMLB,,HHZ,-1,113.0,,60.5,,5.3429
nc73581441,NC,MMX1,,HN3,1,106.0,,107.8,,6.6828
nc73581441,NC,MEM,,EHZ,1,99.0,,67.2,,8.8044
nc73581441,NC,MLC,,EHZ,1,95.0,,104.2,,10.6124
nc73581441,NC,MCV,,EHZ,1,84.0,,105.7,,18.6029
nc73581441,NC,MCY,,EHZ,1,165.0,,16.0,,0.8583
nc73581441,NC,MDC,2.0,EHZ,1,100.0,,353.9,,8.2829
nc73581441,NC,MDY,,HHZ,1,134.0,,34.7,,3.0456
nc73581441,NC,MINS,,HHZ,1,131.0,,308.4,,3.2725
nc73581441,NC,MMP,,EHZ,-1,136.0,,174.5,,2.8766
nc73581681,NC,MLC,,EHZ,1,158.0,,302.7,,1.6368
nc73581681,NC,MMX1,,HN3,-1,121.0,,285.2,,5.4975
nc73581681,NC,MCS,,EHZ,1,120.0,,354.6,,5.6543
nc73581681,CI,MLAC,,HHZ,1,117.0,,62.7,,6.317
nc73581681,NC,MCV,,EHZ,-1,116.0,,104.2,,6.426
nc73581681,NC,MEM,,EHZ,-1,110.0,,332.8,,7.7269
nc73581681,NC,MDH,,HNZ,1,107.0,,354.5,,8.4286
nc73581681,NC,MDH1,1.0,DP1,-1,107.0,,354.5,,8.4286
nc73581681,NC,MQ1P,,EHZ,-1,100.0,,275.1,,10.7848
nc73581681,NC,MLH,,EHZ,1,99.0,,42.0,,11.1417
nc73581681,NC,MMP,,EHZ,-1,98.0,,273.1,,11.4086
nc73581681,NC,MDY,,HHZ,-1,98.0,,301.2,,11.5865
nc73581681,NC,MINS,,HHZ,-1,93.0,,291.3,,15.2671
nc73581681,NC,MDC,2.0,EHZ,-1,94.0,,313.2,,17.1685
nc73581681,NC,MMT,,EHZ,1,74.0,,224.3,,35.4156
nc73581681,NC,MCB,,HHZ,1,129.0,,3.2,,4.4723
nc73581681,NC,MCO,,EHZ,1,136.0,,63.0,,3.6361
nc73581681,NC,MCY,,EHZ,-1,92.0,,290.7,,12.2092
nc73581681,NC,MDPB,,HHZ,-1,93.0,,281.2,,16.1677
nc73581681,NC,MDR,2.0,EHZ,1,114.0,,56.2,,6.7673
nc73581681,NC,MGPB,,EHZ,1,148.0,,353.4,,2.4485
nc73581681,NC,MMLB,,HHZ,-1,105.0,,311.2,,9.2903
nc73581706,NC,MLC,,EHZ,-1,112.0,,304.4,,8.7377
nc73581706,NC,MGPB,,EHZ,1,111.0,,316.7,,8.9078
nc73581706,NC,MCB,,HHZ,-1,107.0,,326.8,,10.1743
nc73581706,NC,MCS,,EHZ,1,103.0,,326.7,,11.5754
nc73581746,NC,MCV,,EHZ,1,159.0,,66.2,,2.6275
nc73581746,NC,MCO,,EHZ,1,147.0,,352.2,,4.3121
nc73581746,NC,MLC,,EHZ,1,136.0,,304.1,,6.2781
nc73581746,NC,MGPB,,EHZ,1,135.0,,321.0,,6.5194
nc73581746,NC,MDR,2.0,EHZ,1,134.0,,15.7,,6.6294
nc73581746,NC,MCB,,HHZ,-1,128.0,,333.3,,7.9427
nc73581746,NC,MCS,,EHZ,1,123.0,,332.3,,9.3381
nc73581746,NC,MMX1,,HN3,1,120.0,,294.1,,9.9975
nc73581746,NC,MLH,,EHZ,1,116.0,,18.5,,11.4753
nc73581746,NC,MEM,,EHZ,-1,111.0,,322.3,,12.0202
nc73581746,NC,MQ1P,,EHZ,1,108.0,,283.9,,15.0002
nc73581746,NC,MMP,,EHZ,1,108.0,,282.1,,15.5673
nc73581746,NC,MINS,,HHZ,-1,103.0,,294.4,,19.8149
nc73581746,NC,MDPB,,HHZ,1,102.0,,286.4,,20.5155
nc73581746,NC,MBS1,,EP1,1,101.0,,338.9,,21.494
nc73581746,NC,MDC,2.0,EHZ,-1,100.0,,311.4,,21.772
nc73581856,NC,MCV,,EHZ,-1,128.0,,20.8,,4.142
nc73581856,NC,MCO,,EHZ,-1,109.0,,348.0,,7.2443
nc73581856,NC,MLC,,EHZ,-1,103.0,,316.0,,8.8089
nc73581856,NC,MDR,2.0,EHZ,-1,102.0,,5.4,,9.2325
nc73581856,NC,MGPB,,EHZ,1,102.0,,327.5,,9.3459
nc73581856,NC,MCS,,EHZ,1,90.0,,334.6,,12.2648
nc73581906,NC,MLC,,EHZ,1,102.0,,312.4,,10.6024
nc73581906,NC,MGPB,,EHZ,-1,101.0,,322.3,,10.9983
nc73581906,NC,MMX1,,HN3,1,94.0,,303.3,,14.0662
nc73581906,NC,MLH,,EHZ,1,94.0,,4.0,,14.5443
nc73581906,NC,MMP,,EHZ,1,85.0,,291.2,,19.1366
nc73581906,NC,MDY,,HHZ,-1,85.0,,306.9,,20.4599
nc73581906,NC,MINS,,HHZ,1,83.0,,299.8,,23.8068
nc73581906,NC,MBS1,,EP1,1,81.0,,336.4,,25.8528
nc73581906,NC,MRC,,EHZ,1,77.0,,63.4,,31.4793
nc73581906,NC,MMT,,EHZ,1,74.0,,238.6,,36.6054
nc73581906,BK,MMI,0.0,HHZ,-1,73.0,,260.3,,82.3732
nc73581906,NC,MMI,,EHZ,1,73.0,,260.3,,82.3843
nc73581906,BK,TOLH,0.0,HHZ,1,73.0,,219.5,,85.9426
nc73581906,NC,MHD,,EHZ,1,73.0,,243.4,,106.08
nc73581906,NC,MCB,,HHZ,1,93.0,,330.0,,12.3871
nc73581906,NC,MCO,,EHZ,-1,108.0,,337.9,,8.5298
nc73581906,NC,MCV,,EHZ,-1,128.0,,357.2,,4.6891
nc73581906,NC,MDPB,,HHZ,1,83.0,,292.9,,24.2183
nc73581906,NC,MDR,2.0,EHZ,-1,103.0,,355.3,,10.0387
nc73582011,NC,MTU,2.0,EHZ,1,168.0,,302.1,,2.5163
nc73582011,NC,MFB,,EHZ,1,129.0,,44.8,,13.8215
nc73582011,NP,1589,10.0,HNZ,1,122.0,,83.3,,18.7808
nc73582011,NC,MCD,,EHZ,-1,114.0,,20.2,,24.474
nc73582011,NC,MRC,,EHZ,-1,104.0,,4.4,,37.0279
nc73582011,NC,MCV,,EHZ,-1,104.0,,317.3,,37.6951
nc73582011,CI,MLAC,,HHZ,-1,102.0,,320.9,,41.4535
nc73582011,NC,MCO,,EHZ,-1,102.0,,317.3,,42.0873
nc73582011,CI,TIN,,HHZ,1,102.0,,139.3,,42.0428
nc73582011,NC,MDR,2.0,EHZ,-1,102.0,,321.7,,42.1206
nc73582011,NC,MLH,,EHZ,-1,100.0,,327.1,,44.6892
nc73582011,NC,MLC,,EHZ,-1,100.0,,312.3,,44.8449
nc73582011,NC,MGPB,,EHZ,-1,100.0,,314.7,,45.1118
nc73582011,NC,MCB,,HHZ,-1,100.0,,317.0,,46.1904
nc73582011,NC,MCS,,EHZ,-1,100.0,,317.3,,47.5803
nc73582011,NC,MMX1,,HN3,-1,99.0,,309.7,,48.1919
nc73582011,NC,MDH,,HNZ,-1,99.0,,319.2,,49.8042
nc73582011,NC,MEM,,EHZ,-1,98.0,,315.8,,50.5492
nc73582011,NC,MQ1P,,EHZ,-1,98.0,,305.5,,52.2283
nc73582011,NC,MMLB,,HHZ,1,98.0,,312.5,,52.5285
nc73582011,NC,MMP,,EHZ,-1,98.0,,304.8,,52.573
nc73582011,NC,MDY,,HHZ,-1,97.0,,310.3,,54.6523
nc73582011,NC,MMT,,EHZ,1,97.0,,274.1,,56.8762
nc73582011,NC,MDPB,,HHZ,-1,96.0,,304.3,,57.6768
nc73582011,NC,MINS,,HHZ,-1,96.0,,307.2,,57.7324
nc73582011,BK,HELL,0.0,HHZ,1,91.0,,210.4,,85.0641
nc73582011,BK,TOLH,0.0,HHZ,1,91.0,,241.7,,91.2021
nc73582011,BK,MMI,0.0,HHZ,1,88.0,,275.1,,107.0585
nc73582011,NC,MMI,,EHZ,1,88.0,,275.1,,107.0585
nc73582011,CI,CWC,,HHZ,1,88.0,,157.7,,108.0703
nc73582011,NC,MHD,,EHZ,1,88.0,,258.7,,122.8704
nc73582011,NC,MCY,,EHZ,-1,97.0,,308.0,,54.7746
nc73582011,NN,LHV,,HHZ,-1,91.0,,1.7,,101.0762
nc73582011,GS,MCA04,0.0,HHZ,1,88.0,,41.5,,109.6938
nc73582011,BK,LIND,0.0,HHZ,-1,88.0,,202.9,,118.9786
nc73582011,CI,WMF,,HHZ,1,85.0,,155.7,,148.89
nc73582011,NN,WAK,,HHZ,1,85.0,,328.9,,151.4475
nc73582011,CI,WNM,,EHZ,1,83.0,,161.1,,175.688
nc73582091,NC,MCY,,EHZ,-1,153.0,,208.6,,0.7897
nc73582091,NC,MDY,,HHZ,-1,138.0,,48.5,,1.4911
nc73582091,NC,MLI,,HHZ,-1,138.0,,156.1,,1.5067
nc73582091,NC,MQ1P,,EHZ,1,104.0,,175.6,,4.0508
nc73582091,NC,MMP,,EHZ,-1,106.0,,184.4,,4.3933
nc73582091,NC,MDPB,,HHZ,-1,110.0,,248.6,,5.165
nc73582121,NC,MCV,,EHZ,-1,161.0,,285.9,,1.8458
nc73582121,NC,MCO,,EHZ,1,128.0,,308.1,,6.0434
nc73582121,NC,MDR,2.0,EHZ,-1,127.0,,337.9,,6.2881
nc73582121,NC,MLC,,EHZ,1,111.0,,287.6,,9.8408
nc73582186,NC,MMP,,EHZ,1,126.0,,345.9,,6.6439
nc73582186,NC,MDPB,,HHZ,1,110.0,,325.9,,10.8259
nc73582186,NC,MLC,,EHZ,-1,110.0,,51.2,,10.7481
nc73582186,NC,MINS,,HHZ,1,102.0,,338.6,,12.187
nc73582186,NC,MDC,2.0,EHZ,1,98.0,,351.0,,17.7578
nc73582186,NC,MCV,,EHZ,1,99.0,,75.0,,16.568
nc73582186,NC,MMT,,EHZ,1,92.0,,217.5,,24.5852
nc73582286,NC,MLH,,EHZ,-1,80.0,,96.9,,3.9719
nc73582286,NC,MDH1,,DP1,1,75.0,,265.5,,4.3499
nc73582286,NC,MCS,,EHZ,1,69.0,,232.6,,5.1161
nc73582286,NC,MCB,,HHZ,1,67.0,,217.4,,5.3818
nc73582286,NC,MDR,2.0,EHZ,-1,67.0,,157.2,,5.4052
nc73582286,NC,MCO,,EHZ,1,56.0,,182.3,,7.092
nc73582286,NC,MGPB,,EHZ,1,56.0,,211.1,,7.3644
nc73582286,NC,MLC,,EHZ,1,54.0,,211.9,,9.2592
nc73582286,NC,MBS1,,EP1,1,54.0,,319.4,,11.4642
nc73582411,NP,1576,10.0,HNZ,1,98.0,,39.9,,17.3575
nc73582411,NC,MLC,,EHZ,-1,98.0,,350.0,,18.2916
nc73582411,NC,MMX1,,HN3,1,96.0,,339.1,,19.8928
nc73582411,CI,MLAC,,HHZ,1,95.0,,10.7,,20.3709
nc73582411,NC,MDR,2.0,EHZ,-1,93.0,,10.3,,21.2271
nc73582411,NC,MCB,,HHZ,1,92.0,,355.8,,21.6497
nc73582411,NC,MCS,,EHZ,-1,90.0,,354.1,,22.8839
nc73582411,NC,MLI,,HHZ,-1,90.0,,329.5,,24.1071
nc73582411,NC,MDH1,,DP1,-1,91.0,,354.1,,25.6527
nc73582411,NC,MDPB,,HHZ,-1,92.0,,319.0,,26.8981
nc73582411,NC,MBS1,,EP1,1,83.0,,350.5,,35.0264
nc73582411,NC,MRC,,EHZ,1,83.0,,52.7,,41.2088
nc73582411,BK,TOLH,0.0,HHZ,1,83.0,,222.0,,74.6785
nc73582411,BK,MMI,0.0,HHZ,1,82.0,,267.7,,76.6133
nc73582411,NC,MPR,,EHZ,-1,81.0,,291.9,,107.6589
nc73582411,CI,CWC,,HHZ,1,81.0,,147.5,,132.7667
nc73582411,BK,WELL,0.0,HHZ,-1,78.0,,304.8,,195.8143
nc73582411,NC,BMS,,EHZ,-1,78.0,,243.3,,191.3665
nc73582411,NC,MCD,,EHZ,1,83.0,,74.0,,40.0413
nc73582411,NC,MCO,,EHZ,-1,97.0,,4.3,,18.8253
nc73582411,NC,MCV,,EHZ,1,100.0,,15.7,,16.1789
nc73582411,NC,MCY,,EHZ,-1,91.0,,328.4,,25.2079
nc73582411,NC,MDC,2.0,EHZ,-1,85.0,,333.6,,32.2354
nc73582411,NC,MDY,,HHZ,-1,91.0,,333.2,,25.9307
nc73582411,NC,MEM,,EHZ,-1,90.0,,347.5,,24.5963
nc73582411,NC,MGPB,,EHZ,-1,96.0,,353.9,,19.6815
nc73582411,NC,MINS,,HHZ,-1,92.0,,324.8,,27.7654
nc73582411,NC,MMLB,,HHZ,-1,90.0,,339.3,,24.8521
nc73582411,NC,MMP,,EHZ,-1,90.0,,323.4,,22.1389
nc73582411,NC,MMT,,EHZ,1,92.0,,252.9,,27.8432
nc73582416,NP,1576,10.0,HNZ,1,97.0,,40.0,,17.5688
nc73582416,NC,MLC,,EHZ,1,96.0,,350.6,,18.3916
nc73582416,NC,MMX1,,HN3,-1,95.0,,339.7,,19.9484
nc73582416,NC,MDR,2.0,EHZ,1,94.0,,10.7,,21.3828
nc73582416,NC,MEM,,EHZ,-1,85.0,,347.9,,24.6853
nc73582416,NC,MCY,,EHZ,1,84.0,,328.9,,25.2301
nc73582416,NC,MDY,,HHZ,1,84.0,,333.6,,25.9751
nc73582416,NC,MLH,,EHZ,1,84.0,,12.8,,26.1753
nc73582416,NC,MMT,,EHZ,1,83.0,,253.1,,27.6431
nc73582416,NC,MINS,,HHZ,-1,83.0,,325.2,,27.7654
nc73582416,NC,MDC,2.0,EHZ,-1,81.0,,334.0,,32.2688
nc73582416,NC,MBS1,,EP1,1,80.0,,350.9,,35.1265
nc73582416,NC,MRC,,EHZ,1,79.0,,52.7,,41.4201
nc73582416,BK,TOLH,0.0,HHZ,-1,79.0,,222.0,,74.4672
nc73582416,BK,MMI,0.0,HHZ,1,79.0,,267.8,,76.4354
nc73582416,NC,MMI,,EHZ,1,79.0,,267.8,,76.4354
nc73582416,NC,MHD,,EHZ,1,78.0,,248.0,,97.1732
nc73582416,NC,MPR,,EHZ,-1,78.0,,292.0,,107.5477
nc73582416,NC,MCD,,EHZ,-1,79.0,,73.9,,40.2414
nc73582416,NC,MCO,,EHZ,1,96.0,,4.8,,18.9699
nc73582416,NC,MCV,,EHZ,1,98.0,,16.2,,16.3457
nc73582416,NC,MDPB,,HHZ,-1,83.0,,319.5,,26.8869
nc73582416,NC,MGPB,,EHZ,-1,95.0,,354.4,,19.7927
nc73582416,NC,MMLB,,HHZ,-1,85.0,,339.8,,24.9188
nc73582416,NC,MMP,,EHZ,-1,93.0,,324.0,,22.1389
nc73582426,NC,MCV,,EHZ,-1,99.0,,15.8,,16.3345
nc73582426,NP,1576,10.0,HNZ,1,98.0,,39.7,,17.5021
nc73582426,NC,MLC,,EHZ,-1,97.0,,350.2,,18.4361
nc73582426,NC,MMX1,,HN3,-1,95.0,,339.3,,20.0151
nc73582426,NC,MDR,2.0,EHZ,-1,93.0,,10.3,,21.3828
nc73582426,NC,MCB,,HHZ,-1,92.0,,356.0,,21.7942
nc73582426,NC,MCS,,EHZ,1,90.0,,354.2,,23.0285
nc73582426,NC,MCY,,EHZ,-1,92.0,,328.7,,25.308
nc73582426,NC,MDH,,HNZ,1,92.0,,354.3,,25.7972
nc73582426,NC,MLH,,EHZ,-1,92.0,,12.5,,26.1642
nc73582426,NC,MDC,2.0,EHZ,1,84.0,,333.8,,32.3466
nc73582426,NC,MBS1,,EP1,1,83.0,,350.7,,35.1598
nc73582426,NC,MCD,,EHZ,1,82.0,,73.8,,40.1191
nc73582426,NC,MRC,,EHZ,1,82.0,,52.5,,41.3312
nc73582426,BK,TOLH,0.0,HHZ,1,82.0,,222.1,,74.5451
nc73582426,BK,MMI,0.0,HHZ,1,82.0,,267.9,,76.5688
nc73582426,CI,MLAC,,HHZ,-1,95.0,,10.7,,20.5266
nc73582426,NC,MCO,,EHZ,-1,97.0,,4.4,,18.981
nc73582426,NC,MDY,,HHZ,-1,92.0,,333.4,,26.0419
nc73582426,NC,MEM,,EHZ,-1,91.0,,347.6,,24.7298
nc73582426,NC,MGPB,,EHZ,-1,96.0,,354.0,,19.8149
nc73582426,NC,MINS,,HHZ,-1,93.0,,325.0,,27.8654
nc73582426,NC,MLI,,HHZ,-1,91.0,,329.8,,24.2183
nc73582426,NC,MMLB,,HHZ,-1,91.0,,339.5,,24.9744
nc73582426,NC,MMP,,EHZ,-1,90.0,,323.8,,22.2279
nc73582426,NC,MMT,,EHZ,1,93.0,,253.2,,27.7654
nc73582451,NC,MCV,,EHZ,-1,116.0,,335.8,,8.7922
nc73582451,NC,MCO,,EHZ,-1,101.0,,329.7,,13.032
nc73582451,CI,MLAC,,HHZ,-1,101.0,,341.4,,13.1655
nc73582451,NC,MDR,2.0,EHZ,-1,101.0,,342.5,,13.9883
nc73582451,NC,MLC,,EHZ,-1,100.0,,313.1,,15.356
nc73582451,NC,MGPB,,EHZ,-1,99.0,,320.0,,15.723
nc73582451,NC,MCB,,HHZ,-1,98.0,,325.8,,17.0128
nc73582451,NC,MCS,,EHZ,-1,97.0,,325.8,,18.425
nc73582451,NC,MMX1,,HN3,1,97.0,,306.2,,18.7475
nc73582451,NC,MDPB,,HHZ,1,94.0,,296.5,,28.6883
nc73582451,NC,MDC,2.0,EHZ,-1,84.0,,313.7,,30.9122
nc73582451,NC,MMT,,EHZ,1,82.0,,245.6,,38.0509
nc73582556,NC,MCY,,EHZ,1,167.0,,15.8,,0.7612
nc73582556,NC,MLI,,HHZ,-1,161.0,,87.7,,1.2009
nc73582556,NC,MQ1P,,EHZ,-1,140.0,,161.1,,2.7643
nc73582556,NC,MMLB,,HHZ,1,116.0,,61.3,,5.2729
nc73582556,NC,MMX1,,HN3,1,108.0,,108.7,,6.6839
nc73582556,NC,MEM,,EHZ,1,101.0,,67.7,,8.741
nc73582556,NC,MLC,,EHZ,-1,97.0,,104.7,,10.6069
nc73582556,NC,MBS1,,EP1,-1,86.0,,28.9,,15.823
nc73582556,NC,MCV,,EHZ,-1,84.0,,106.0,,18.5918
nc73582556,NC,MMT,,EHZ,1,75.0,,204.3,,31.7239
nc73582556,NC,MDC,2.0,EHZ,1,103.0,,353.6,,8.194
nc73582556,NC,MDPB,,HHZ,-1,124.0,,263.9,,4.2488
nc73582556,NC,MDY,,HHZ,1,138.0,,35.2,,2.9533
nc73582556,NC,MINS,,HHZ,1,134.0,,306.8,,3.2391
nc73582556,NC,MMP,,EHZ,-1,138.0,,175.2,,2.9656
nc73582576,NP,1576,10.0,HNZ,1,99.0,,37.2,,13.3767
nc73582576,CI,MLAC,,HHZ,-1,97.0,,2.4,,17.3909
nc73582576,NC,MMX1,,HN3,-1,96.0,,327.5,,18.9031
nc73582576,NC,MCS,,EHZ,-1,94.0,,345.0,,20.8268
nc73582576,NC,MLH,,EHZ,-1,86.0,,6.5,,22.895
nc73582576,NC,MDH,,HNZ,1,85.0,,346.1,,23.5733
nc73582576,NC,MDH1,1.0,DP1,1,85.0,,346.1,,23.5733
nc73582576,NC,MDY,,HHZ,-1,84.0,,324.3,,25.2635
nc73582576,NC,MINS,,HHZ,-1,82.0,,316.5,,27.6653
nc73582576,NC,MTU,2.0,EHZ,-1,82.0,,118.3,,28.2658
nc73582576,NC,MLM,,EHZ,-1,81.0,,342.3,,29.6446
nc73582576,NC,MDC,2.0,EHZ,-1,80.0,,326.5,,31.4682
nc73582576,NC,MMT,,EHZ,1,80.0,,250.0,,31.5794
nc73582576,NC,MCD,,EHZ,1,78.0,,76.7,,36.4163
nc73582576,NC,MRC,,EHZ,1,78.0,,53.1,,37.1725
nc73582576,BK,TOLH,0.0,HHZ,1,78.0,,222.4,,78.6926
nc73582576,BK,MMI,0.0,HHZ,1,78.0,,265.9,,79.8157
nc73582576,NC,MMI,,EHZ,1,78.0,,265.9,,79.8157
nc73582576,NC,MHD,,EHZ,-1,77.0,,247.2,,101.2096
nc73582576,NC,MPR,,EHZ,1,77.0,,290.0,,109.5715
nc73582576,BK,BUCR,0.0,HHZ,-1,77.0,,281.3,,117.4218
nc73582576,CI,CWC,,HHZ,-1,77.0,,149.2,,133.4339
nc73582576,NC,MCB,,HHZ,-1,95.0,,346.4,,19.5036
nc73582576,NC,MCO,,EHZ,-1,97.0,,354.3,,16.2122
nc73582576,NC,MCV,,EHZ,-1,99.0,,6.0,,12.9876
nc73582576,NC,MDPB,,HHZ,-1,82.0,,310.5,,27.2205
nc73582576,NC,MDR,2.0,EHZ,-1,96.0,,2.4,,18.2471
nc73582576,NC,MEM,,EHZ,-1,86.0,,338.6,,22.9506
nc73582576,NC,MGPB,,EHZ,-1,96.0,,343.1,,17.6911
nc73582576,NC,MLC,,EHZ,-1,97.0,,338.0,,16.5903
nc73582576,NC,MMLB,,HHZ,-1,85.0,,330.1,,23.7735
nc73582576,NC,MMP,,EHZ,-1,86.0,,313.0,,22.2056
nc73582736,NC,MCV,,EHZ,-1,101.0,,354.2,,12.0758
nc73582736,NC,MDR,2.0,EHZ,-1,98.0,,354.1,,17.4242
nc73582736,NC,MGPB,,EHZ,1,97.0,,334.3,,17.7801
nc73582736,NC,MMX1,,HN3,1,96.0,,319.8,,19.7037
nc73582736,NC,MCS,,EHZ,-1,94.0,,337.5,,20.8046
nc73582736,NC,MLH,,EHZ,1,93.0,,0.1,,21.8387
nc73582736,NC,MEM,,EHZ,-1,92.0,,331.9,,23.2175
nc73582736,NC,MTU,2.0,EHZ,-1,94.0,,122.7,,26.4978
nc73582736,NC,MDPB,,HHZ,-1,84.0,,305.8,,28.6883
nc73582736,NC,MINS,,HHZ,1,84.0,,311.5,,28.8996
nc73582736,NC,MDC,2.0,EHZ,-1,82.0,,321.8,,32.2465
nc73582736,NC,MMT,,EHZ,1,81.0,,250.0,,34.3148
nc73582736,CI,MLAC,,HHZ,-1,98.0,,353.7,,16.568
nc73582736,NC,MCB,,HHZ,-1,96.0,,338.4,,19.4258
nc73582736,NC,MCO,,EHZ,-1,99.0,,344.6,,15.8008
nc73582736,NC,MLC,,EHZ,-1,98.0,,328.7,,16.9461
nc73582971,CI,MLAC,,HHZ,1,174.0,,261.5,,0.1086
nc73582971,NC,MDR,2.0,EHZ,-1,161.0,,353.8,,0.8514
nc73582971,NC,MCO,,EHZ,1,128.0,,243.0,,2.7832
nc73582971,NC,MCV,,EHZ,-1,109.0,,173.6,,4.5023
nc73582971,NC,MLH,,EHZ,-1,101.0,,18.1,,5.632
nc73582971,NC,MLC,,EHZ,1,94.0,,254.1,,7.3856
nc73582981,NC,MCV,,EHZ,-1,94.0,,23.0,,16.4568
nc73582981,NC,MLC,,EHZ,1,94.0,,356.3,,17.6244
nc73582981,NC,MCO,,EHZ,-1,85.0,,10.7,,18.6807
nc73582981,NC,MMX1,,HN3,-1,85.0,,344.5,,18.8364
nc73582981,NC,MGPB,,EHZ,-1,85.0,,359.9,,19.1366
nc73582981,NC,MMP,,EHZ,-1,85.0,,327.3,,20.6155
nc73582981,NC,MDPB,,HHZ,-1,82.0,,321.9,,25.2524
nc73582981,NC,MMT,,EHZ,1,81.0,,250.7,,26.0196
nc73582981,NC,MINS,,HHZ,-1,81.0,,327.9,,26.2642
nc73583066,NC,MTU,2.0,EHZ,-1,118.0,,204.7,,7.6624
nc73583066,NC,MFB,,EHZ,1,113.0,,80.2,,8.8111
nc73583066,NC,MCD,,EHZ,1,97.0,,26.6,,16.4346
nc73583066,NC,MCV,,EHZ,1,80.0,,306.1,,32.9804
nc73583066,NC,MCO,,EHZ,1,79.0,,307.4,,37.2948
nc73583066,NC,MLC,,EHZ,1,79.0,,302.6,,40.664
nc73583076,NP,1589,10.0,HNZ,1,98.0,,108.0,,17.9246
nc73583076,NP,1576,10.0,HNZ,-1,91.0,,310.9,,27.0537
nc73583076,NP,1587,10.0,HNZ,-1,93.0,,52.4,,31.6238
nc73583076,NC,MCV,,EHZ,1,85.0,,306.4,,33.7588
nc73583076,CI,MLAC,,HHZ,1,84.0,,311.4,,37.0168
nc73583076,NC,MDR,2.0,EHZ,1,84.0,,312.4,,37.5839
nc73583076,NC,MGPB,,EHZ,1,84.0,,305.6,,41.3868
nc73583076,NC,MEM,,EHZ,1,84.0,,307.7,,46.6352
nc73583076,NC,MMP,,EHZ,1,84.0,,296.5,,50.0377
nc73583076,NC,MBS1,,EP1,1,84.0,,316.4,,53.974
nc73583076,NC,MDC,2.0,EHZ,1,84.0,,306.1,,56.7539
nc73583076,NC,MMT,,EHZ,1,84.0,,266.4,,58.4552
nc73583076,BK,TOLH,0.0,HHZ,1,82.0,,238.1,,96.4394
nc73583076,CI,GRA,,HHZ,-1,82.0,,113.9,,112.4181
nc73583076,NC,MHD,,EHZ,1,82.0,,255.4,,126.2062
nc73583076,BK,HELL,0.0,HHZ,-1,82.0,,208.9,,92.5475
nc73583076,BK,MMI,0.0,HHZ,1,82.0,,270.9,,108.2594
nc73583076,NC,MCB,,HHZ,1,84.0,,308.2,,42.1651
nc73583076,NC,MCD,,EHZ,-1,99.0,,24.1,,16.746
nc73583076,NC,MCO,,EHZ,1,84.0,,307.7,,38.0731
nc73583076,NC,MCS,,EHZ,1,84.0,,308.8,,43.4995
nc73583076,NC,MDPB,,HHZ,1,84.0,,296.8,,55.1638
nc73583076,NC,MDY,,HHZ,1,84.0,,302.6,,51.3832
nc73583076,NC,MFB,,EHZ,1,119.0,,75.5,,8.4152
nc73583076,NC,MLC,,EHZ,1,84.0,,302.9,,41.4312
nc73583076,NC,MMI,,EHZ,1,82.0,,270.9,,108.2705
nc73583076,NC,MPR,,EHZ,1,81.0,,288.9,,138.8825
nc73583076,NC,MRC,,EHZ,-1,92.0,,2.4,,29.2443
nc73583076,NC,MTU,2.0,EHZ,-1,123.0,,210.4,,7.3833
nc73583156,NC,MMX1,,HN3,-1,151.0,,38.9,,2.2784
nc73583156,NC,MMP,,EHZ,1,129.0,,281.6,,4.7502
nc73583156,NC,MLC,,EHZ,1,123.0,,77.2,,5.4975
nc73583156,NC,MGPB,,EHZ,1,115.0,,66.7,,7.0231
nc73583156,NC,MEM,,EHZ,1,111.0,,23.8,,7.8793
nc73583156,NC,MCB,,HHZ,1,109.0,,55.4,,8.4786
nc73583156,NC,MCO,,EHZ,1,104.0,,78.7,,10.1766
nc73583156,NC,MCV,,EHZ,1,94.0,,95.4,,13.032
nc73583156,NC,MBS1,,EP1,1,94.0,,8.8,,17.958
nc73583156,NC,MDPB,,HHZ,1,105.0,,290.8,,9.7574
nc73583161,NC,MCO,,EHZ,-1,159.0,,23.8,,2.6286
nc73583161,NC,MLC,,EHZ,-1,150.0,,294.9,,3.9174
nc73583161,NC,MGPB,,EHZ,-1,149.0,,322.5,,4.0308
nc73583161,NC,MCV,,EHZ,-1,149.0,,101.3,,4.1342
nc73583161,NC,MMX1,,HN3,1,129.0,,286.4,,7.8003
nc73583161,NC,MMP,,EHZ,1,110.0,,275.8,,13.6436
nc73583161,NC,MINS,,HHZ,-1,106.0,,291.0,,17.5688
nc73583161,NC,MDPB,,HHZ,1,105.0,,282.2,,18.4584
nc73583216,NC,MTU,2.0,EHZ,-1,140.0,,220.3,,6.9775
nc73583216,NC,MFB,,EHZ,1,136.0,,66.8,,8.0127
nc73583216,NC,MCD,,EHZ,-1,113.0,,20.4,,17.4242
nc73583216,NC,MCV,,EHZ,-1,97.0,,307.0,,35.0153
nc73583216,CI,MLAC,,HHZ,1,96.0,,311.8,,38.3067
nc73583216,NC,MCO,,EHZ,1,96.0,,308.2,,39.3408
nc73583216,NC,MLC,,EHZ,1,95.0,,303.6,,42.6544
nc73583216,NC,MCB,,HHZ,-1,95.0,,308.7,,43.4327
nc73583216,NC,MMT,,EHZ,1,91.0,,267.5,,59.1779
nc73583216,NP,1589,10.0,HNZ,1,114.0,,105.4,,16.8683
nc73583216,NC,MRC,,EHZ,-1,100.0,,0.8,,30.2784
nc73583216,NC,MDPB,,HHZ,1,92.0,,297.4,,56.3313
nc73583216,NC,MDC,2.0,EHZ,1,91.0,,306.5,,58.0104
nc73583216,BK,HELL,0.0,HHZ,-1,87.0,,209.6,,92.0138
nc73583216,GS,MCA04,0.0,HHZ,1,87.0,,43.0,,103.1778
nc73583221,NC,MTU,2.0,EHZ,-1,140.0,,219.4,,6.764
nc73583221,NC,MFB,,EHZ,1,134.0,,66.8,,8.2529
nc73583221,NC,MCD,,EHZ,-1,112.0,,20.9,,17.591
nc73583221,NC,MCV,,EHZ,1,97.0,,307.4,,34.893
nc73583221,NC,MDR,2.0,EHZ,1,95.0,,313.1,,38.7737
nc73583221,NC,MCO,,EHZ,1,95.0,,308.5,,39.2185
nc73583221,NC,MLC,,EHZ,1,94.0,,303.8,,42.5209
nc73583221,NC,MCB,,HHZ,-1,94.0,,309.0,,43.3215
nc73583221,NC,MMX1,,HN3,1,94.0,,301.7,,46.1348
nc73583221,NC,MMP,,EHZ,1,93.0,,297.4,,51.0607
nc73583221,NC,MDPB,,HHZ,1,91.0,,297.6,,56.1868
nc73583221,NC,MMT,,EHZ,1,91.0,,267.6,,58.9556
nc73583221,NP,1589,10.0,HNZ,1,113.0,,104.9,,17.0573
nc73583221,NC,MRC,,EHZ,-1,99.0,,1.3,,30.3785
nc73583221,BK,HELL,0.0,HHZ,1,87.0,,209.5,,91.8248
nc73583246,NP,1589,10.0,HNZ,1,46.0,,103.8,,18.0803
nc73583246,BK,OVRO,0.0,HHZ,1,44.0,,131.0,,28.6105
nc73583246,NP,1587,10.0,HNZ,-1,44.0,,51.2,,32.7914
nc73583246,NC,MDR,2.0,EHZ,1,43.0,,314.3,,38.0398
nc73583246,NC,MLH,,EHZ,1,42.0,,320.8,,40.0969
nc73583246,NC,MMX1,,HN3,1,42.0,,302.5,,45.2675
nc73583246,NC,MDH,,HNZ,1,41.0,,312.9,,45.9124
nc73583246,NC,MDH1,1.0,DP1,1,41.0,,312.9,,45.9124
nc73583246,NC,MLI,,HHZ,-1,41.0,,301.5,,50.7827
nc73583246,NC,MCY,,EHZ,1,41.0,,301.6,,51.9836
nc73583246,NC,MBS1,,EP1,-1,41.0,,317.6,,54.5189
nc73583246,NC,MDC,2.0,EHZ,1,41.0,,307.4,,57.0652
nc73583246,BK,HELL,0.0,HHZ,1,41.0,,209.0,,91.2243
nc73583246,BK,TOLH,0.0,HHZ,1,41.0,,238.6,,95.3608
nc73583246,GS,MCA04,0.0,HHZ,-1,41.0,,43.4,,104.1896
nc73583246,CI,CWC,,HHZ,-1,41.0,,159.5,,113.7524
nc73583246,BK,KARE,0.0,HHZ,-1,41.0,,224.5,,124.4271
nc73583246,BK,LEGD,0.0,HHZ,1,41.0,,262.3,,145.3318
nc73583246,BK,MERC,0.0,HHZ,1,41.0,,270.2,,171.129
nc73583246,BK,MMI,0.0,HHZ,1,41.0,,271.6,,107.7701
nc73583246,CI,SPG2,,HHZ,-1,41.0,,189.2,,134.7683
nc73583246,NC,BMS,,EHZ,-1,39.0,,248.5,,217.6085
nc73583246,NC,MCB,,HHZ,1,42.0,,310.0,,42.5321
nc73583246,NC,MCD,,EHZ,-1,46.0,,24.0,,18.0692
nc73583246,NC,MCO,,EHZ,1,43.0,,309.6,,38.429
nc73583246,NC,MCS,,EHZ,1,42.0,,310.5,,43.8775
nc73583246,NC,MCV,,EHZ,1,43.0,,308.6,,34.0924
nc73583246,NC,MDPB,,HHZ,1,41.0,,298.1,,55.2639
nc73583246,NC,MDY,,HHZ,1,41.0,,304.0,,51.6167
nc73583246,NC,MEM,,EHZ,1,41.0,,309.3,,46.991
nc73583246,NC,MGPB,,EHZ,-1,42.0,,307.3,,41.687
nc73583246,NC,MINS,,HHZ,1,41.0,,301.1,,55.0081
nc73583246,NC,MLC,,EHZ,1,42.0,,304.7,,41.6759
nc73583246,NC,MMLB,,HHZ,1,41.0,,306.0,,49.2816
nc73583246,NC,MMP,,EHZ,1,41.0,,298.0,,50.1378
nc73583246,NC,MMT,,EHZ,1,41.0,,267.6,,57.877
nc73583246,NC,MRC,,EHZ,-1,44.0,,3.3,,30.4896
nc73583246,NN,LHV,,HHZ,-1,41.0,,1.2,,94.5713
nc73583266,NC,MCV,,EHZ,1,38.0,,308.4,,34.1146
nc73583266,NC,MCO,,EHZ,1,38.0,,309.4,,38.4512
nc73583266,NC,MLC,,EHZ,1,37.0,,304.6,,41.7092
nc73583266,NC,MCB,,HHZ,-1,37.0,,309.8,,42.5543
nc73583266,NC,MCS,,EHZ,-1,37.0,,310.4,,43.8998
nc73583266,NC,MMX1,,HN3,1,37.0,,302.4,,45.3008
nc73583266,NC,MMP,,EHZ,1,37.0,,297.9,,50.1823
nc73583266,NC,MMT,,EHZ,1,37.0,,267.6,,57.9548
nc73583266,NP,1589,10.0,HNZ,1,40.0,,104.0,,18.0247
nc73583266,NC,MCD,,EHZ,-1,40.0,,23.9,,17.9913
nc73583266,NC,MCY,,EHZ,-1,37.0,,301.5,,52.017
nc73583266,NC,MDPB,,HHZ,1,37.0,,298.1,,55.3084
nc73583266,BK,MMI,0.0,HHZ,1,36.0,,271.5,,107.848
nc73583321,NC,MCV,,EHZ,1,103.0,,19.7,,14.5332
nc73583321,NC,MCO,,EHZ,1,101.0,,6.5,,17.0017
nc73583321,NC,MMX1,,HN3,1,100.0,,338.5,,17.9469
nc73583321,NC,MGPB,,EHZ,1,100.0,,354.9,,17.7467
nc73583321,NC,MMP,,EHZ,-1,97.0,,321.4,,20.3264
nc73583321,NC,MEM,,EHZ,-1,90.0,,347.7,,22.6393
nc73583321,NC,MMLB,,HHZ,-1,90.0,,338.8,,22.9062
nc73583321,NC,MCY,,EHZ,-1,90.0,,327.0,,23.3398
nc73583321,NC,MDY,,HHZ,-1,90.0,,332.2,,24.0181
nc73583321,NC,MDPB,,HHZ,-1,90.0,,317.1,,25.1523
nc73583321,NC,MMT,,EHZ,1,90.0,,248.9,,27.9766
nc73583321,NC,MINS,,HHZ,-1,90.0,,323.3,,25.9418
nc73583321,NC,MDC,2.0,EHZ,1,90.0,,332.9,,30.3117
nc73583321,NC,MLI,,HHZ,-1,92.0,,328.2,,22.2279
nc73583401,NC,MCV,,EHZ,1,101.0,,329.9,,10.0398
nc73583401,CI,MLAC,,HHZ,-1,92.0,,336.8,,14.2997
nc73583401,NC,MCO,,EHZ,-1,92.0,,326.1,,14.3553
nc73583401,NC,MCS,,EHZ,1,84.0,,323.5,,19.7927
nc73583401,NC,MMX1,,HN3,-1,84.0,,305.3,,20.2931
nc73583401,NC,MEM,,EHZ,-1,83.0,,319.3,,22.6393
nc73583401,NC,MTU,2.0,EHZ,-1,81.0,,133.7,,25.5304
nc73583401,NC,MRC,,EHZ,1,78.0,,52.3,,29.5
nc73583401,NC,MMT,,EHZ,1,73.0,,247.4,,39.0961
nc73583401,NC,MCB,,HHZ,-1,85.0,,323.3,,18.3916
nc73583401,NC,MDR,2.0,EHZ,-1,92.0,,338.1,,15.0892
nc73583466,NP,1576,10.0,HNZ,-1,134.0,,15.1,,6.3326
nc73583466,CI,MLAC,,HHZ,-1,108.0,,336.2,,14.055
nc73583466,NC,MGPB,,EHZ,1,105.0,,317.0,,16.9795
nc73583466,NC,MCB,,HHZ,-1,104.0,,322.6,,18.1804
nc73583466,NC,MLH,,EHZ,-1,103.0,,348.2,,18.614
nc73583466,NC,MCS,,EHZ,1,102.0,,322.9,,19.5814
nc73583466,NC,MMX1,,HN3,-1,101.0,,304.6,,20.1596
nc73583466,NC,MDH1,1.0,DP1,-1,98.0,,326.7,,21.9944
nc73583466,NC,MEM,,EHZ,-1,97.0,,318.7,,22.4503
nc73583466,NC,MTU,2.0,EHZ,-1,96.0,,134.2,,25.6971
nc73583466,NC,MDY,,HHZ,1,95.0,,307.0,,26.5645
nc73583466,NC,MCD,,EHZ,1,94.0,,82.6,,29.2443
nc73583466,NC,MRC,,EHZ,1,94.0,,52.7,,29.2887
nc73583466,NC,MDPB,,HHZ,1,93.0,,295.9,,30.1783
nc73583466,NC,MBS1,,EP1,1,93.0,,331.0,,31.3347
nc73583466,NC,MDC,2.0,EHZ,1,93.0,,312.4,,32.2354
nc73583466,NC,MMT,,EHZ,1,91.0,,247.0,,39.2518
nc73583466,BK,MMI,0.0,HHZ,-1,87.0,,263.3,,86.6653
nc73583466,NC,MMI,,EHZ,1,87.0,,263.3,,86.6653
nc73583466,NC,MHD,,EHZ,-1,85.0,,246.4,,108.9266
nc73583466,NC,MPR,,EHZ,1,85.0,,286.8,,114.3084
nc73583466,NC,MCO,,EHZ,-1,108.0,,325.3,,14.1329
nc73583466,NC,MCV,,EHZ,-1,119.0,,328.9,,9.8085
nc73583466,NC,MDR,2.0,EHZ,-1,107.0,,337.6,,14.8334
nc73583466,NC,MLC,,EHZ,-1,105.0,,310.6,,16.7015
nc73583726,NC,MGPB,,EHZ,-1,146.0,,230.5,,2.7276
nc73583726,NC,MDR,2.0,EHZ,1,134.0,,96.2,,3.8284
nc73583726,CI,MLAC,,HHZ,1,133.0,,108.6,,3.9997
nc73583726,NC,MLC,,EHZ,-1,129.0,,224.2,,4.5857
nc73583726,NC,MEM,,EHZ,-1,119.0,,296.9,,6.0079
nc73583726,NC,MLH,,EHZ,-1,114.0,,53.9,,6.9786
nc73583726,NC,MMX1,,HN3,-1,111.0,,249.0,,7.6324
nc73583726,NC,MMP,,EHZ,1,93.0,,255.0,,13.6881
nc73583726,NC,MINS,,HHZ,1,94.0,,274.9,,16.1121
nc73583726,NC,MDPB,,HHZ,1,85.0,,266.7,,17.7134
nc73583726,NC,MCB,,HHZ,-1,159.0,,280.9,,1.6034
nc73583726,NC,MCO,,EHZ,-1,144.0,,150.7,,2.8877
nc73583746,NC,MCV,,EHZ,1,71.0,,20.1,,20.6155
nc73583746,NC,MLC,,EHZ,-1,70.0,,358.7,,21.8164
nc73583746,NC,MCO,,EHZ,1,70.0,,10.3,,22.9395
nc73583746,NC,MGPB,,EHZ,1,70.0,,1.4,,23.3621
nc73583746,NC,MMP,,EHZ,-1,69.0,,334.1,,23.9736
nc73583746,NC,MMT,,EHZ,1,69.0,,259.6,,24.3183
nc73583746,NC,MDR,2.0,EHZ,1,69.0,,14.7,,25.5192
nc73583746,NC,MDPB,,HHZ,-1,68.0,,328.2,,28.3436
nc73583746,NC,MDY,,HHZ,1,68.0,,341.5,,28.3881
nc73583746,NC,MINS,,HHZ,-1,67.0,,333.3,,29.6223
nc73583776,NC,MCV,,EHZ,1,99.0,,66.6,,3.933
nc73583776,NC,MCO,,EHZ,1,74.0,,7.4,,4.8125
nc73583776,NC,MLC,,EHZ,1,67.0,,315.2,,5.662
nc73583776,NC,MGPB,,EHZ,-1,63.0,,332.5,,6.2714
nc73583776,CI,MLAC,,HHZ,-1,60.0,,26.4,,6.7206
nc73583776,NC,MDR,2.0,EHZ,1,59.0,,23.6,,7.509
nc73583776,NC,MLH,,EHZ,1,58.0,,23.0,,12.376
nc73583786,NC,MMP,,EHZ,1,108.0,,346.9,,9.7707
nc73583786,NC,MMX1,,HN3,-1,104.0,,20.4,,11.035
nc73583786,NC,MLC,,EHZ,-1,97.0,,38.4,,12.5094
nc73583786,NC,MCY,,EHZ,-1,97.0,,350.3,,13.399
nc73583786,NC,MDPB,,HHZ,-1,97.0,,331.0,,13.7548
nc73583786,NC,MGPB,,EHZ,1,97.0,,38.0,,14.3997
nc73583786,NC,MMLB,,HHZ,-1,96.0,,8.1,,15.1447
nc73583786,NC,MINS,,HHZ,-1,96.0,,340.7,,15.2671
nc73583786,NC,MEM,,EHZ,1,96.0,,19.5,,16.746
nc73583786,NC,MDR,2.0,EHZ,-1,95.0,,49.3,,19.4702
nc73583786,NC,MDC,2.0,EHZ,-1,85.0,,350.7,,20.8935
nc73583786,NC,MMT,,EHZ,1,86.0,,223.4,,22.6393
nc73583786,NC,MBS1,,EP1,1,82.0,,11.1,,26.8202
nc73583796,NC,MMP,,EHZ,-1,110.0,,345.5,,7.459
nc73583796,NC,MMX1,,HN3,1,104.0,,27.6,,9.0813
nc73583796,NC,MLC,,EHZ,1,99.0,,47.3,,11.0639
nc73583796,NC,MDPB,,HHZ,1,97.0,,327.0,,11.6088
nc73583796,NC,MDY,,HHZ,-1,90.0,,358.1,,12.5873
nc73583796,NC,MGPB,,EHZ,-1,90.0,,45.5,,12.9209
nc73583796,NC,MINS,,HHZ,1,90.0,,338.8,,12.9987
nc73583796,NC,MEM,,EHZ,1,92.0,,23.8,,14.7444
nc73583796,NC,MCB,,HHZ,-1,92.0,,41.3,,14.7667
nc73583796,NC,MCO,,EHZ,1,93.0,,57.0,,15.2003
nc73583796,NC,MCV,,EHZ,1,93.0,,72.2,,16.5458
nc73583796,NC,MDC,2.0,EHZ,-1,85.0,,350.6,,18.5696
nc73583796,NC,MMT,,EHZ,1,82.0,,219.1,,24.1293
nc73583796,NC,MBS1,,EP1,1,81.0,,13.0,,24.6519
nc73583826,NC,MCV,,EHZ,1,92.0,,12.6,,11.3196
nc73583826,NC,MCO,,EHZ,1,89.0,,358.0,,14.2774
nc73583826,NC,MLC,,EHZ,-1,89.0,,339.3,,14.4442
nc73583826,NC,MDR,2.0,EHZ,1,85.0,,6.5,,16.4791
nc73583826,NC,MMP,,EHZ,-1,82.0,,311.3,,20.1263
nc73583826,NC,MLH,,EHZ,1,82.0,,10.1,,21.2049
nc73583826,NC,MBS1,,EP1,-1,75.0,,345.7,,31.0011
nc73583851,NC,MTU,2.0,EHZ,1,147.0,,209.8,,4.2254
nc73583851,NC,MFB,,EHZ,1,117.0,,63.8,,10.9004
nc73583851,NC,MCD,,EHZ,-1,102.0,,25.2,,19.8817
nc73583851,NC,MCV,,EHZ,1,93.0,,311.7,,34.1813
nc73583851,NC,MRC,,EHZ,-1,93.0,,5.1,,32.0464
nc73583851,NC,MCO,,EHZ,1,92.0,,312.3,,38.5513
nc73583851,NC,MLC,,EHZ,-1,91.0,,307.3,,41.6314
nc73583851,NC,MDPB,,HHZ,1,89.0,,300.0,,54.997
nc73583851,NC,MMT,,EHZ,1,89.0,,269.1,,56.7094
nc73583851,BK,HELL,0.0,HHZ,-1,87.0,,208.8,,89.3896
nc73583851,BK,TOLH,0.0,HHZ,-1,86.0,,239.0,,93.6372
nc73583861,NC,MCV,,EHZ,1,138.0,,56.7,,4.9815
nc73583861,NC,MGPB,,EHZ,-1,126.0,,340.9,,7.122
nc73583861,CI,MLAC,,HHZ,1,122.0,,26.2,,8.0138
nc73583861,NC,MDR,2.0,EHZ,1,119.0,,23.9,,8.8011
nc73583861,NC,MCB,,HHZ,-1,118.0,,348.4,,8.9423
nc73583861,NC,MMP,,EHZ,-1,103.0,,290.2,,14.3219
nc73583861,NC,MDPB,,HHZ,-1,97.0,,292.6,,19.4035
nc73583861,NC,MBS1,,EP1,1,90.0,,344.6,,22.5281
nc73583861,NC,MCO,,EHZ,1,132.0,,11.2,,6.0546
nc73583861,NC,MLC,,EHZ,-1,131.0,,326.5,,6.2136
nc73584011,NC,MCB,,HHZ,-1,97.0,,323.7,,18.4695
nc73584011,NC,MMX1,,HN3,-1,95.0,,305.7,,20.3264
nc73584011,NC,MCD,,EHZ,1,84.0,,81.7,,29.3888
nc73584011,NC,MRC,,EHZ,1,84.0,,52.1,,29.6223
nc73584011,NC,MINS,,HHZ,1,83.0,,302.1,,30.0226
nc73584011,NC,MBS1,,EP1,-1,83.0,,331.5,,31.6683
nc73584011,NC,MDC,2.0,EHZ,-1,82.0,,313.1,,32.4578
nc73584011,NC,MMT,,EHZ,1,81.0,,247.5,,39.0072
nc73584011,BK,TOLH,0.0,HHZ,1,80.0,,223.7,,86.0426
nc73584011,CI,MLAC,,HHZ,-1,100.0,,337.2,,14.4109
nc73584011,NC,MCO,,EHZ,-1,100.0,,326.5,,14.4331
nc73584011,NC,MCS,,EHZ,-1,95.0,,323.8,,19.8705
nc73584011,NC,MCV,,EHZ,-1,111.0,,330.5,,10.131
nc73584011,NC,MDPB,,HHZ,1,83.0,,296.7,,30.2895
nc73584011,NC,MDR,2.0,EHZ,-1,99.0,,338.5,,15.2003
nc73584011,NC,MEM,,EHZ,-1,91.0,,319.6,,22.706
nc73584011,NC,MGPB,,EHZ,-1,98.0,,318.2,,17.2241
nc73584011,NC,MLC,,EHZ,-1,98.0,,311.9,,16.9127
nc73584011,NC,MLH,,EHZ,-1,96.0,,348.7,,19.0143
nc73584011,NC,MLM,,EHZ,1,84.0,,327.6,,28.6216
nc73584011,NC,MMLB,,HHZ,-1,93.0,,312.3,,24.5852
nc73584141,NC,MCV,,EHZ,1,100.0,,18.4,,15.6896
nc73584141,NC,MLC,,EHZ,-1,98.0,,351.4,,17.5243
nc73584141,NC,MGPB,,EHZ,-1,97.0,,355.3,,18.9476
nc73584141,NC,MMX1,,HN3,-1,97.0,,339.9,,19.0588
nc73584141,NC,MMP,,EHZ,-1,93.0,,323.6,,21.2494
nc73584141,NC,MDPB,,HHZ,1,92.0,,318.9,,26.0196
nc73584141,NC,MINS,,HHZ,-1,93.0,,324.9,,26.8869
nc73584141,NC,MMT,,EHZ,1,93.0,,251.2,,27.5207
nc73584141,NC,MDC,2.0,EHZ,-1,84.0,,334.0,,31.3681
nc73584481,NC,MCB,,HHZ,1,169.0,,359.1,,0.8949
nc73584481,NC,MGPB,,EHZ,-1,165.0,,205.7,,1.2632
nc73584481,NC,MCS,,EHZ,1,154.0,,338.8,,2.2094
nc73584481,NC,MLC,,EHZ,1,145.0,,211.3,,3.1513
nc73584481,NC,MCO,,EHZ,-1,141.0,,123.0,,3.5449
nc73584481,NC,MDR,2.0,EHZ,-1,127.0,,88.0,,5.3696
nc73584481,NC,MMX1,,HN3,1,123.0,,249.0,,5.9645
nc73584481,NC,MCV,,EHZ,-1,114.0,,130.8,,7.8748
nc73584481,NC,MMP,,EHZ,1,96.0,,255.8,,12.0313
nc73584481,NC,MINS,,HHZ,1,96.0,,277.7,,14.6221
nc73584481,NC,MDC,2.0,EHZ,-1,96.0,,302.6,,15.1781
nc73584481,NC,MDPB,,HHZ,1,95.0,,268.4,,16.1344
nc73584481,NC,MMT,,EHZ,1,76.0,,220.9,,38.2177
nc73584486,NC,MCO,,EHZ,1,113.0,,180.8,,7.0131
nc73584486,NC,MLC,,EHZ,-1,106.0,,211.2,,9.0957
nc73584486,NC,MMX1,,HN3,1,99.0,,230.0,,11.264
nc73584486,NC,MDPB,,HHZ,-1,85.0,,253.9,,19.9817
nc73584491,CI,MLAC,,HHZ,1,100.0,,0.3,,10.2889
nc73584491,NC,MGPB,,EHZ,-1,97.0,,329.4,,11.442
nc73584491,NC,MCB,,HHZ,-1,90.0,,336.0,,12.9987
nc73584491,NC,MMX1,,HN3,-1,91.0,,309.3,,14.0106
nc73584491,NC,MCS,,EHZ,-1,92.0,,335.0,,14.3886
nc73584491,NC,MEM,,EHZ,-1,86.0,,327.6,,16.9239
nc73584491,NC,MMP,,EHZ,1,85.0,,295.4,,18.7586
nc73584491,NC,MINS,,HHZ,-1,82.0,,303.3,,23.64
nc73584491,NC,MDPB,,HHZ,-1,82.0,,296.3,,23.8847
nc73584491,NC,MBS1,,EP1,1,80.0,,339.1,,26.5756
nc73584491,NC,MMT,,EHZ,-1,74.0,,239.4,,35.2488
nc73584491,NC,MCO,,EHZ,-1,103.0,,345.7,,9.3393
nc73584491,NC,MCV,,EHZ,-1,117.0,,6.5,,5.8689
nc73584491,NC,MDR,2.0,EHZ,-1,98.0,,0.4,,11.1529
nc73584491,NC,MLC,,EHZ,-1,99.0,,320.2,,10.8093
nc73584501,NC,MCB,,HHZ,1,168.0,,17.4,,0.7829
nc73584501,NC,MGPB,,EHZ,-1,161.0,,193.0,,1.3199
nc73584501,NC,MCS,,EHZ,-1,152.0,,343.9,,1.9882
nc73584501,NC,MLC,,EHZ,1,139.0,,206.1,,3.1602
nc73584501,NC,MCO,,EHZ,-1,132.0,,122.8,,3.8351
nc73584501,NC,MEM,,EHZ,1,125.0,,311.7,,4.7491
nc73584501,NC,MMX1,,HN3,1,118.0,,246.7,,5.7877
nc73584501,NC,MCV,,EHZ,-1,107.0,,130.5,,8.1606
nc73584501,NC,MMP,,EHZ,1,95.0,,254.8,,11.82
nc73584501,NC,MBS1,,EP1,-1,91.0,,343.9,,14.2552
nc73584501,NC,MDPB,,HHZ,-1,93.0,,267.9,,15.8898
nc73584526,NC,MMX1,,HN3,1,143.0,,84.4,,5.463
nc73584526,NC,MDPB,,HHZ,1,142.0,,293.5,,5.5798
nc73584526,NC,MINS,,HHZ,1,141.0,,322.9,,5.7766
nc73584526,NC,MEM,,EHZ,1,126.0,,50.2,,9.347
nc73584526,NC,MLC,,EHZ,1,126.0,,90.1,,9.3648
nc73584526,NC,MGPB,,EHZ,1,122.0,,81.6,,10.5691
nc73584526,NC,MDC,2.0,EHZ,1,121.0,,350.5,,10.9583
nc73584526,NC,MCS,,EHZ,1,120.0,,65.0,,11.2418
nc73584526,NC,MDH,,HNZ,1,114.0,,52.8,,12.4316
nc73584526,CI,MLAC,,HHZ,1,110.0,,83.0,,16.4791
nc73584526,NC,MDR,2.0,EHZ,1,110.0,,80.0,,16.6236
nc73584526,NC,MCV,,EHZ,1,109.0,,98.3,,17.1574
nc73584526,NC,MBS1,,EP1,1,108.0,,22.2,,17.8468
nc73584526,NC,MMT,,EHZ,-1,97.0,,208.0,,29.7335
nc73584526,NC,MCB,,HHZ,1,119.0,,71.9,,11.5532
nc73584526,NC,MMP,,EHZ,-1,174.0,,245.8,,0.713
nc73584536,NC,MMX1,,HN3,1,143.0,,89.0,,5.2317
nc73584536,NC,MDPB,,HHZ,1,141.0,,288.5,,5.6142
nc73584536,NC,MEM,,EHZ,1,127.0,,51.6,,8.9078
nc73584536,NC,MLC,,EHZ,1,126.0,,92.9,,9.1702
nc73584536,NC,MGPB,,EHZ,1,122.0,,83.9,,10.3089
nc73584536,NC,MDC,2.0,EHZ,1,121.0,,349.0,,10.558
nc73584536,NC,MCS,,EHZ,1,120.0,,66.7,,10.8726
nc73584536,NC,MDH,,HNZ,-1,113.0,,54.0,,12.0091
nc73584536,NC,MCO,,EHZ,1,112.0,,88.7,,13.7771
nc73584536,CI,MLAC,,HHZ,1,109.0,,84.5,,16.2233
nc73584536,NC,MDR,2.0,EHZ,1,109.0,,81.5,,16.3457
nc73584536,NC,MCV,,EHZ,1,108.0,,99.9,,17.0239
nc73584536,NC,MCB,,HHZ,1,119.0,,73.8,,11.2307
nc73584536,NC,MINS,,HHZ,1,142.0,,318.4,,5.5653
nc73584536,NC,MMP,,EHZ,-1,171.0,,229.2,,1.1286
nc73584551,NC,MMP,,EHZ,-1,172.0,,214.4,,1.0717
nc73584551,NC,MINS,,HHZ,1,145.0,,319.4,,5.2884
nc73584551,NC,MDPB,,HHZ,1,144.0,,287.8,,5.3307
nc73584551,NC,MLC,,EHZ,1,126.0,,93.7,,9.4282
nc73584551,NC,MGPB,,EHZ,1,123.0,,84.9,,10.5435
nc73584561,NC,MMP,,EHZ,-1,171.0,,205.3,,1.142
nc73584561,NC,MCY,,EHZ,-1,161.0,,348.8,,2.7076
nc73584561,NC,MINS,,HHZ,1,146.0,,319.3,,5.0994
nc73584561,NC,MDPB,,HHZ,1,146.0,,286.6,,5.175
nc73584561,NC,MLC,,EHZ,1,127.0,,94.6,,9.5572
nc73584561,NC,MGPB,,EHZ,-1,123.0,,85.7,,10.6491
nc73584581,NC,MDPB,,HHZ,1,142.0,,304.4,,5.8411
nc73584581,NC,MMX1,,HN3,-1,141.0,,74.3,,5.9523
nc73584581,NC,MLC,,EHZ,1,125.0,,83.7,,9.7162
nc73584581,NC,MEM,,EHZ,1,124.0,,46.7,,10.2789
nc73584581,NC,MGPB,,EHZ,1,121.0,,76.3,,11.0628
nc73584581,NC,MCS,,EHZ,1,118.0,,61.0,,11.9868
nc73584581,NC,MDC,2.0,EHZ,-1,118.0,,352.8,,11.9757
nc73584581,NC,MCV,,EHZ,1,110.0,,94.6,,17.3242
nc73584581,NC,MMT,,EHZ,-1,98.0,,208.5,,28.6438
nc73584581,CI,MLAC,,HHZ,1,110.0,,79.5,,16.935
nc73584581,NC,MCB,,HHZ,1,115.0,,67.6,,12.1981
nc73584581,NC,MCO,,EHZ,1,113.0,,82.7,,14.3997
nc73584581,NC,MINS,,HHZ,1,139.0,,330.7,,6.5138
nc73584581,NC,MMP,,EHZ,-1,173.0,,335.6,,0.8589
nc73584626,NC,MMP,,EHZ,-1,173.0,,235.4,,0.8425
nc73584626,NC,MCY,,EHZ,-1,157.0,,347.2,,3.2936
nc73584626,NC,MMX1,,HN3,1,144.0,,86.3,,5.4041
nc73584626,NC,MDPB,,HHZ,1,143.0,,291.5,,5.5509
nc73584626,NC,MEM,,EHZ,1,127.0,,50.9,,9.1958
nc73584626,NC,MLC,,EHZ,1,127.0,,91.3,,9.3226
nc73584626,NC,MGPB,,EHZ,1,123.0,,82.6,,10.5001
nc73584626,NC,MDC,2.0,EHZ,-1,122.0,,350.1,,10.7826
nc73584626,NC,MCS,,EHZ,1,121.0,,65.8,,11.1306
nc73584626,NC,MCB,,HHZ,1,120.0,,72.8,,11.4531
nc73584626,NC,MCV,,EHZ,1,110.0,,98.9,,17.1351
nc73584626,NC,MMT,,EHZ,-1,97.0,,207.9,,29.9114
nc73584626,CI,MLAC,,HHZ,-1,111.0,,83.6,,16.4124
nc73584626,NC,MINS,,HHZ,1,143.0,,321.4,,5.6587
nc73584646,NC,MCV,,EHZ,-1,143.0,,319.1,,6.605
nc73584646,NC,MLC,,EHZ,-1,119.0,,302.0,,14.0773
nc73584646,NC,MGPB,,EHZ,-1,119.0,,309.8,,14.0884
nc73584646,NC,MCB,,HHZ,-1,118.0,,317.0,,15.0892
nc73584646,NC,MLH,,EHZ,-1,117.0,,348.3,,15.1225
nc73584646,NC,MCS,,EHZ,-1,116.0,,317.8,,16.4791
nc73584646,NC,MMX1,,HN3,-1,114.0,,296.9,,17.7801
nc73584646,NC,MEM,,EHZ,-1,112.0,,313.7,,19.4702
nc73584646,NC,MMP,,EHZ,-1,106.0,,288.2,,23.1063
nc73584646,NC,MRC,,EHZ,1,103.0,,59.2,,28.01
nc73584646,NC,MBS1,,EP1,1,103.0,,328.9,,28.0211
nc73584646,NC,MDPB,,HHZ,1,102.0,,290.3,,28.1546
nc73584646,NC,MTU,2.0,EHZ,-1,102.0,,138.1,,28.6772
nc73584646,NC,MDC,2.0,EHZ,-1,101.0,,308.5,,29.4667
nc73584646,NC,MMT,,EHZ,1,96.0,,242.1,,40.0302
nc73584646,BK,MMI,0.0,HHZ,1,89.0,,261.0,,86.3873
nc73584646,NC,MCO,,EHZ,-1,127.0,,318.3,,10.9938
nc73584646,NC,MDR,2.0,EHZ,-1,126.0,,334.5,,11.4197
nc73584646,CI,MLAC,,HHZ,-1,128.0,,332.4,,10.658
nc73584646,NC,MMLB,,HHZ,-1,108.0,,305.9,,21.6608
nc73584661,NC,MGPB,,EHZ,-1,41.0,,329.0,,9.5828
nc73584661,NC,MCB,,HHZ,-1,40.0,,336.8,,11.1529
nc73584661,NC,MMX1,,HN3,1,40.0,,306.0,,12.3093
nc73584661,NC,MLH,,EHZ,-1,40.0,,11.3,,14.3108
nc73584661,NC,MEM,,EHZ,-1,40.0,,327.1,,15.0669
nc73584661,NC,MDH,,HNZ,1,40.0,,339.0,,15.1781
nc73584661,NC,MDH1,1.0,DP1,1,40.0,,339.0,,15.1781
nc73584661,NC,MMLB,,HHZ,-1,40.0,,315.6,,16.6459
nc73584661,NC,MMP,,EHZ,1,40.0,,291.8,,17.2908
nc73584661,NC,MCY,,EHZ,1,40.0,,302.2,,18.9921
nc73584661,NC,MINS,,HHZ,-1,40.0,,301.0,,22.0166
nc73584661,NC,MDC,2.0,EHZ,-1,40.0,,315.6,,24.5407
nc73584661,NC,MBS1,,EP1,-1,40.0,,339.7,,24.7409
nc73584661,CI,MLAC,,HHZ,-1,41.0,,6.2,,8.7132
nc73584661,NC,MCO,,EHZ,-1,48.0,,349.2,,7.5535
nc73584661,NC,MCS,,EHZ,-1,40.0,,335.6,,12.5317
nc73584661,NC,MCV,,EHZ,-1,92.0,,20.4,,4.4845
nc73584661,NC,MDPB,,HHZ,-1,40.0,,293.6,,22.3835
nc73584661,NC,MDR,2.0,EHZ,-1,41.0,,5.8,,9.5717
nc73584661,NC,MDY,,HHZ,-1,40.0,,309.0,,18.7475
nc73584661,NC,MLC,,EHZ,-1,41.0,,317.9,,8.9912
nc73584676,NC,MCV,,EHZ,1,149.0,,41.5,,4.2855
nc73584676,NC,MLC,,EHZ,-1,133.0,,320.0,,7.3956
nc73584676,NC,MGPB,,EHZ,1,130.0,,333.1,,8.0861
nc73584676,NC,MDR,2.0,EHZ,1,127.0,,14.7,,8.8155
nc73584676,NC,MMX1,,HN3,1,120.0,,305.7,,10.6836
nc73584676,NC,MDPB,,HHZ,1,104.0,,292.4,,20.8157
nc73584706,NC,MCV,,EHZ,1,138.0,,36.1,,5.3451
nc73584706,NC,MCO,,EHZ,-1,127.0,,1.3,,7.5301
nc73584706,NC,MLC,,EHZ,-1,124.0,,326.7,,8.1006
nc73584706,NC,MGPB,,EHZ,1,121.0,,338.1,,8.969
nc73584706,NC,MDR,2.0,EHZ,-1,117.0,,14.8,,9.9675
nc73584706,NC,MCB,,HHZ,-1,115.0,,344.8,,10.727
nc73584706,NC,MMX1,,HN3,-1,113.0,,311.3,,11.1306
nc73584706,NC,MEM,,EHZ,-1,105.0,,332.7,,14.3664
nc73584706,NC,MLH,,EHZ,1,105.0,,17.2,,14.8112
nc73584706,NC,MDPB,,HHZ,1,98.0,,295.6,,20.9825
nc73584706,NC,MMT,,EHZ,-1,91.0,,235.1,,33.9701
nc73584706,NC,MTU,2.0,EHZ,1,91.0,,129.5,,34.5705
nc73584771,NC,MGPB,,EHZ,1,160.0,,280.2,,2.771
nc73584771,CI,MLAC,,HHZ,1,157.0,,73.3,,3.3125
nc73584771,NC,MCV,,EHZ,-1,146.0,,132.9,,5.165
nc73584771,NC,MMX1,,HN3,-1,133.0,,266.3,,7.7647
nc73584771,NC,MMP,,EHZ,-1,114.0,,264.5,,13.8994
nc73584771,NC,MINS,,HHZ,-1,110.0,,282.2,,17.0573
nc73584771,NC,MDC,2.0,EHZ,-1,109.0,,303.3,,17.8913
nc73584771,NC,MDPB,,HHZ,1,109.0,,273.8,,18.3472
nc73584771,NC,MMT,,EHZ,1,94.0,,224.9,,38.5179
nc73584771,NC,MTU,2.0,EHZ,-1,93.0,,137.5,,40.4194
nc73584771,BK,TOLH,0.0,HHZ,-1,88.0,,214.2,,90.0901
nc73584771,NC,MHD,,EHZ,1,86.0,,238.5,,106.5359
nc73584771,NC,MDR,2.0,EHZ,1,154.0,,60.3,,3.6661
nc73584771,NC,MEM,,EHZ,1,133.0,,309.6,,7.7492
nc73584771,NC,MLC,,EHZ,-1,153.0,,254.4,,3.9663
nc73584771,NC,MLH,,EHZ,1,132.0,,38.4,,8.075
nc73585986,NC,MLC,,EHZ,-1,88.0,,348.5,,8.3763
nc73585986,NC,MCO,,EHZ,-1,88.0,,18.1,,9.4438
nc73585986,NC,MMX1,,HN3,-1,87.0,,327.5,,10.4012
nc73585986,NC,MDR,2.0,EHZ,-1,88.0,,25.6,,12.2982
nc73585986,NC,MEM,,EHZ,1,84.0,,344.9,,14.7
nc73585986,NC,MDPB,,HHZ,-1,80.0,,303.0,,19.2478
nc73585986,NC,MINS,,HHZ,1,80.0,,311.6,,19.3924
nc73585986,NC,MMT,,EHZ,-1,73.0,,234.3,,30.8566
nc73585986,NC,MCB,,HHZ,1,85.0,,359.8,,11.7867
nc73585986,NC,MCV,,EHZ,1,88.0,,45.8,,8.2718
nc73585986,NC,MGPB,,EHZ,-1,88.0,,356.6,,9.7751
nc73586131,NC,MCB,,HHZ,-1,150.0,,309.7,,1.8125
nc73586131,NC,MGPB,,EHZ,-1,145.0,,245.4,,2.1227
nc73586131,NC,MCO,,EHZ,-1,143.0,,136.4,,2.3051
nc73586131,NC,MLC,,EHZ,-1,124.0,,231.1,,3.8818
nc73586131,NC,MDR,2.0,EHZ,1,123.0,,83.7,,4.0075
nc73586131,NC,MCV,,EHZ,-1,106.0,,136.9,,6.695
nc73586131,NC,MMX1,,HN3,1,104.0,,254.9,,7.201
nc73586131,NC,MMP,,EHZ,1,90.0,,258.3,,13.3212
nc73586131,NC,MBS1,,EP1,1,87.0,,338.4,,15.1781
nc73586576,NC,MCV,,EHZ,1,140.0,,326.8,,7.4667
nc73586576,NC,MCO,,EHZ,-1,125.0,,323.3,,11.82
nc73586576,NC,MDR,2.0,EHZ,-1,121.0,,338.0,,12.4761
nc73586576,NC,MLC,,EHZ,1,118.0,,306.7,,14.5888
nc73586576,NC,MGPB,,EHZ,1,118.0,,314.1,,14.7556
nc73586576,NC,MCB,,HHZ,-1,117.0,,320.7,,15.8898
nc73586881,NC,MFB,,EHZ,1,111.0,,81.1,,23.4844
nc73586881,NC,MCV,,EHZ,-1,110.0,,330.5,,24.663
nc73586881,NC,MLC,,EHZ,-1,105.0,,320.5,,31.0345
nc73586881,NC,MCS,,EHZ,-1,103.0,,326.6,,34.3481
nc73586881,NC,MEM,,EHZ,-1,101.0,,323.8,,37.0835
nc73586881,NC,MDPB,,HHZ,-1,99.0,,307.5,,43.1436
nc73586881,NC,MMT,,EHZ,1,98.0,,267.1,,43.3438
nc73586881,NC,MCD,,EHZ,1,107.0,,52.4,,27.5875
nc73586881,NC,MCO,,EHZ,-1,106.0,,328.5,,28.9552
nc73586881,NC,MDR,2.0,EHZ,-1,105.0,,334.5,,29.6557
nc73586881,NC,MGPB,,EHZ,-1,104.0,,323.8,,31.5794
nc73586881,NC,MTU,2.0,EHZ,1,127.0,,113.3,,12.3204
nc73587026,NC,MCB,,HHZ,-1,174.0,,17.1,,0.5491
nc73587026,NC,MGPB,,EHZ,-1,164.0,,193.8,,1.5534
nc73587026,NC,MCS,,EHZ,1,162.0,,339.7,,1.8002
nc73587026,NC,MLC,,EHZ,-1,148.0,,205.5,,3.3926
nc73587026,NC,MCO,,EHZ,1,143.0,,126.2,,3.8996
nc73587026,NC,MDH1,1.0,DP1,1,139.0,,348.7,,4.539
nc73587026,NC,MEM,,EHZ,-1,138.0,,309.0,,4.6624
nc73587026,NC,MDR,2.0,EHZ,-1,132.0,,91.9,,5.5464
nc73587026,NC,MMX1,,HN3,-1,130.0,,245.0,,5.9456
nc73587026,NC,MMLB,,HHZ,1,122.0,,287.0,,7.4167
nc73587071,NC,MFB,,EHZ,1,110.0,,81.1,,23.5844
nc73587071,NC,MCV,,EHZ,-1,109.0,,330.7,,24.6297
nc73587071,NC,MDR,2.0,EHZ,-1,104.0,,334.7,,29.6223
nc73587071,NC,MLC,,EHZ,-1,103.0,,320.6,,30.99
nc73587071,NC,MGPB,,EHZ,-1,103.0,,324.0,,31.5349
nc73587071,NC,MMP,,EHZ,1,100.0,,308.7,,37.9953
nc73587071,NC,MMT,,EHZ,-1,98.0,,267.1,,43.2326
nc73587276,NC,MLC,,EHZ,1,35.0,,300.8,,51.0718
nc73587276,NC,MGPB,,EHZ,1,35.0,,303.0,,50.9495
nc73587276,NC,MCB,,HHZ,1,35.0,,305.2,,51.6278
nc73587276,NC,MMX1,,HN3,1,35.0,,299.3,,54.7635
nc73587276,NC,MEM,,EHZ,1,35.0,,305.0,,56.1201
nc73587276,NC,MMLB,,HHZ,1,35.0,,302.5,,58.5886
nc73587276,NC,MMP,,EHZ,1,35.0,,295.7,,59.8118
nc73587276,NC,MDY,,HHZ,1,35.0,,300.9,,61.0238
nc73587276,NC,MCY,,EHZ,1,35.0,,298.8,,61.513
nc73587276,NC,MINS,,HHZ,1,35.0,,298.6,,64.5487
nc73587276,NC,MDPB,,HHZ,1,35.0,,296.1,,64.9267
nc73587276,NC,MMT,,EHZ,1,35.0,,270.0,,67.4508
nc73587276,NP,1589,10.0,HNZ,1,70.0,,103.7,,8.1673
nc73587276,BK,OVRO,0.0,HHZ,1,39.0,,143.8,,20.2708
nc73587276,NC,MRC,,EHZ,1,37.0,,346.6,,33.7588
nc73587276,NC,MCV,,EHZ,1,36.0,,303.2,,43.2993
nc73587276,CI,MLAC,,HHZ,1,35.0,,307.4,,46.3572
nc73587276,NC,MDR,2.0,EHZ,1,35.0,,308.2,,46.8687
nc73587276,NC,MCO,,EHZ,1,35.0,,304.5,,47.5692
nc73587276,NC,MLH,,EHZ,-1,35.0,,313.8,,48.4143
nc73587281,NC,MMX1,,HN3,-1,108.0,,315.3,,9.5127
nc73587281,NC,MCB,,HHZ,1,107.0,,353.3,,9.8419
nc73587281,NC,MCS,,EHZ,-1,104.0,,350.0,,11.1084
nc73587281,NC,MEM,,EHZ,-1,97.0,,338.0,,13.1432
nc73587281,NC,MDH,,HNZ,-1,96.0,,350.9,,13.8771
nc73587281,NC,MDH1,1.0,DP1,1,96.0,,350.9,,13.8771
nc73587281,NC,MMP,,EHZ,-1,96.0,,295.0,,14.0995
nc73587281,NC,MCY,,EHZ,-1,96.0,,307.0,,16.0343
nc73587281,NC,MINS,,HHZ,-1,95.0,,304.8,,19.0143
nc73587281,NC,MDC,2.0,EHZ,-1,86.0,,320.8,,22.0055
nc73587281,NC,MBS1,,EP1,-1,85.0,,346.8,,23.3398
nc73587281,NC,MMT,,EHZ,1,78.0,,232.6,,32.9471
nc73587281,BK,MMI,0.0,HHZ,1,76.0,,258.9,,77.5585
nc73587281,CI,MLAC,,HHZ,1,109.0,,27.1,,9.2203
nc73587281,NC,MCO,,EHZ,1,117.0,,14.8,,7.1954
nc73587281,NC,MCV,,EHZ,1,123.0,,52.1,,6.1124
nc73587281,NC,MDPB,,HHZ,-1,95.0,,296.2,,19.2145
nc73587281,NC,MDR,2.0,EHZ,1,107.0,,24.9,,10.002
nc73587281,NC,MDY,,HHZ,-1,96.0,,315.1,,16.0009
nc73587281,NC,MGPB,,EHZ,1,114.0,,347.8,,7.9226
nc73587281,NC,MLC,,EHZ,-1,119.0,,335.9,,6.7862
nc73587281,NC,MLH,,EHZ,1,96.0,,24.0,,14.8668
nc73587281,NC,MMLB,,HHZ,-1,96.0,,323.7,,14.1662
nc73587296,NC,MCV,,EHZ,-1,84.0,,335.6,,22.7727
nc73587296,NC,MCO,,EHZ,-1,80.0,,332.7,,26.9759
nc73587296,CI,MLAC,,HHZ,-1,80.0,,338.4,,27.1093
nc73587296,NC,MDR,2.0,EHZ,-1,80.0,,339.0,,27.9099
nc73587296,NC,MLC,,EHZ,-1,79.0,,323.8,,28.7772
nc73587296,NC,MGPB,,EHZ,-1,79.0,,327.3,,29.4333
nc73587296,NC,MCB,,HHZ,-1,78.0,,330.2,,30.89
nc73587296,NC,MMX1,,HN3,1,77.0,,318.7,,31.6794
nc73587296,NC,MCS,,EHZ,-1,77.0,,330.0,,32.291
nc73587296,NC,MEM,,EHZ,-1,75.0,,326.8,,34.9263
nc73587296,NC,MMP,,EHZ,-1,75.0,,310.4,,35.4823
nc73587296,NC,MMLB,,HHZ,1,74.0,,321.6,,36.3496
nc73587296,NC,MDY,,HHZ,1,74.0,,318.0,,38.151
nc73587296,NC,MDPB,,HHZ,-1,74.0,,309.1,,40.5194
nc73587296,NC,MMT,,EHZ,1,74.0,,265.8,,40.6084
nc73587296,NC,MINS,,HHZ,-1,74.0,,313.1,,40.853
nc73587296,NC,MDC,2.0,EHZ,1,73.0,,320.5,,44.2
nc73587296,NC,MBS1,,EP1,-1,73.0,,333.9,,44.2889
nc73587301,NC,MCV,,EHZ,-1,105.0,,10.8,,8.0661
nc73587301,NC,MCO,,EHZ,1,97.0,,352.5,,11.2307
nc73587301,NC,MLC,,EHZ,-1,90.0,,329.7,,12.0313
nc73587301,CI,MLAC,,HHZ,1,90.0,,4.2,,12.4094
nc73587301,NC,MGPB,,EHZ,-1,90.0,,337.4,,12.932
nc73587301,NC,MDR,2.0,EHZ,-1,90.0,,4.0,,13.2767
nc73587301,NC,MMX1,,HN3,-1,92.0,,317.6,,14.8223
nc73587301,NC,MDY,,HHZ,-1,83.0,,316.7,,21.3049
nc73587301,NC,MDPB,,HHZ,-1,81.0,,301.7,,24.1404
nc73587301,NC,MINS,,HHZ,1,81.0,,308.5,,24.1738
nc73587301,NC,MDC,2.0,EHZ,-1,79.0,,321.0,,27.3428
nc73587311,NC,MCV,,EHZ,-1,84.0,,337.1,,22.1167
nc73587311,NC,MCO,,EHZ,-1,80.0,,333.8,,26.2865
nc73587311,CI,MLAC,,HHZ,-1,80.0,,339.6,,26.4866
nc73587311,NC,MDR,2.0,EHZ,-1,80.0,,340.3,,27.2872
nc73587311,NC,MLC,,EHZ,-1,79.0,,324.6,,28.0211
nc73587311,NC,MGPB,,EHZ,-1,79.0,,328.2,,28.6994
nc73587311,NC,MCB,,HHZ,1,78.0,,331.1,,30.1783
nc73587311,NC,MDY,,HHZ,-1,73.0,,318.5,,37.3615
nc73587311,NC,MDPB,,HHZ,-1,73.0,,309.4,,39.6855
nc73587311,NC,MMT,,EHZ,1,73.0,,265.2,,39.8634
nc73587311,NC,MINS,,HHZ,-1,73.0,,313.5,,40.0302
nc73587311,NC,MDC,2.0,EHZ,1,72.0,,321.0,,43.4216
nc73587311,NC,MBS1,,EP1,1,72.0,,334.6,,43.6218
nc73587361,NP,1576,10.0,HNZ,1,85.0,,43.6,,17.213
nc73587361,NC,MMX1,,HN3,-1,84.0,,340.2,,18.8364
nc73587361,CI,MLAC,,HHZ,1,84.0,,13.2,,19.6926
nc73587361,NC,MDR,2.0,EHZ,-1,84.0,,12.7,,20.5377
nc73587361,NC,MRD,2.0,EHZ,1,83.0,,316.0,,21.7275
nc73587361,NC,MCY,,EHZ,-1,81.0,,328.8,,24.0959
nc73587361,NC,MLH,,EHZ,-1,80.0,,14.5,,25.3524
nc73587361,NC,MBS1,,EP1,-1,74.0,,351.5,,34.0701
nc73587361,NC,MRC,,EHZ,1,72.0,,54.2,,41.2867
nc73587361,BK,TOLH,0.0,HHZ,1,71.0,,221.2,,74.8231
nc73587361,BK,MMI,0.0,HHZ,1,71.0,,267.1,,75.9239
nc73587361,BK,WELL,0.0,HHZ,-1,69.0,,304.7,,194.7023
nc73587361,NC,MCB,,HHZ,-1,84.0,,357.7,,20.7601
nc73587361,NC,MCO,,EHZ,-1,85.0,,6.8,,18.0581
nc73587361,NC,MCS,,EHZ,-1,83.0,,355.8,,21.9721
nc73587361,NC,MCV,,EHZ,1,92.0,,19.2,,15.5895
nc73587361,NC,MDC,2.0,EHZ,-1,76.0,,334.1,,31.1457
nc73587361,NC,MDPB,,HHZ,-1,80.0,,319.0,,25.775
nc73587361,NC,MDY,,HHZ,-1,81.0,,333.8,,24.8409
nc73587361,NC,MEM,,EHZ,-1,82.0,,348.7,,23.6067
nc73587361,NC,MGPB,,EHZ,-1,85.0,,355.8,,18.7586
nc73587361,NC,MINS,,HHZ,-1,79.0,,325.0,,26.6423
nc73587361,NC,MLC,,EHZ,-1,85.0,,351.9,,17.3353
nc73587361,NC,MLI,,HHZ,-1,82.0,,330.0,,23.0062
nc73587361,NC,MMLB,,HHZ,-1,82.0,,340.2,,23.7957
nc73587361,NC,MMP,,EHZ,-1,83.0,,323.7,,21.0158
nc73587361,NC,MMT,,EHZ,1,79.0,,250.8,,27.4095
nc73587416,NC,MCV,,EHZ,-1,126.0,,6.0,,8.4119
nc73587416,CI,MLAC,,HHZ,-1,110.0,,1.2,,12.8208
nc73587416,NC,MLH,,EHZ,1,105.0,,6.7,,18.3138
nc73587416,NC,MEM,,EHZ,-1,104.0,,332.3,,19.0032
nc73587416,NC,MDH1,1.0,DP1,-1,104.0,,341.5,,19.3257
nc73587416,NC,MMP,,EHZ,1,103.0,,302.4,,19.7927
nc73587416,NC,MMLB,,HHZ,-1,103.0,,322.5,,20.2375
nc73587416,NC,MDY,,HHZ,-1,100.0,,316.3,,22.0611
nc73587416,NC,MDPB,,HHZ,-1,98.0,,301.8,,24.9188
nc73587416,NC,MINS,,HHZ,-1,98.0,,308.4,,24.941
nc73587416,NC,MDC,2.0,EHZ,-1,96.0,,320.6,,28.0878
nc73587416,NC,MBS1,,EP1,1,95.0,,341.3,,28.8884
nc73587416,NC,MTU,2.0,EHZ,-1,95.0,,126.3,,30.2895
nc73587416,NC,MMT,,EHZ,1,93.0,,243.0,,33.8366
nc73587416,NC,MRC,,EHZ,1,93.0,,58.7,,34.2369
nc73587416,BK,MMI,0.0,HHZ,1,87.0,,262.7,,80.7275
nc73587416,NC,MCB,,HHZ,-1,108.0,,340.6,,15.2782
nc73587416,NC,MCO,,EHZ,-1,115.0,,349.8,,11.7644
nc73587416,NC,MCS,,EHZ,-1,107.0,,339.4,,16.6348
nc73587416,NC,MDR,2.0,EHZ,-1,110.0,,1.2,,13.6881
nc73587416,NC,MGPB,,EHZ,-1,110.0,,335.6,,13.588
nc73587416,NC,MLC,,EHZ,-1,111.0,,328.3,,12.7318
nc73587601,NC,MCV,,EHZ,-1,116.0,,51.2,,5.9623
nc73587601,NC,MCO,,HNZ,1,110.0,,13.5,,7.1343
nc73587601,CI,MLAC,,HHZ,1,103.0,,26.2,,9.1247
nc73587601,NC,MMX1,,HN3,1,102.0,,314.5,,9.625
nc73587601,NC,MCB,,HHZ,1,101.0,,352.3,,9.8463
nc73587601,NC,MCS,,EHZ,-1,98.0,,349.1,,11.1195
nc73587601,NC,MDH,,HNZ,1,91.0,,350.2,,13.8882
nc73587601,NC,MDH1,1.0,DP1,-1,91.0,,350.2,,13.8882
nc73587601,NC,MDY,,HHZ,1,93.0,,314.6,,16.1121
nc73587601,NC,MCY,,EHZ,1,93.0,,306.6,,16.1677
nc73587601,NC,MMT,,EHZ,1,75.0,,232.7,,33.0916
nc73587601,BK,MMI,0.0,HHZ,-1,72.0,,258.9,,77.7364
nc73587601,NC,MMI,,EHZ,1,72.0,,258.9,,77.7364
nc73587601,BK,TOLH,0.0,HHZ,1,72.0,,216.5,,83.6853
nc73587601,BK,HELL,0.0,HHZ,1,72.0,,187.4,,98.0739
nc73587601,NC,MPR,,EHZ,-1,72.0,,285.8,,103.6114
nc73587601,NC,MDPB,,HHZ,1,84.0,,295.9,,19.3702
nc73587601,NC,MDR,2.0,EHZ,1,101.0,,24.1,,9.9119
nc73587601,NC,MGPB,,EHZ,1,107.0,,346.5,,7.9438
nc73587601,NC,MHD,,EHZ,1,72.0,,241.7,,102.177
nc73587601,NC,MLC,,EHZ,1,111.0,,334.5,,6.844
nc73587601,NC,MLH,,EHZ,1,92.0,,23.4,,14.7778
nc73587601,NC,MMP,,EHZ,1,91.0,,294.6,,14.2552
nc73587601,NN,SJC,,EHZ,1,72.0,,331.1,,100.7426
nc73587606,NP,1576,10.0,HNZ,1,60.0,,51.8,,10.2077
nc73587606,NC,MCO,,EHZ,-1,60.0,,351.8,,11.909
nc73587606,CI,MLAC,,HHZ,-1,60.0,,2.9,,13.0432
nc73587606,NC,MDR,2.0,EHZ,-1,60.0,,2.8,,13.9105
nc73587606,NC,MCB,,HHZ,-1,60.0,,342.3,,15.3449
nc73587606,NC,MMX1,,HN3,-1,60.0,,318.6,,15.4672
nc73587606,NC,MCS,,EHZ,-1,60.0,,340.9,,16.6904
nc73587606,NC,MEM,,EHZ,-1,59.0,,333.6,,19.0032
nc73587606,NC,MDH1,1.0,DP1,1,59.0,,342.8,,19.4035
nc73587606,NC,MMLB,,HHZ,-1,59.0,,323.8,,20.1596
nc73587606,NC,MDPB,,HHZ,-1,58.0,,302.7,,24.6853
nc73587606,NC,MBS1,,EP1,1,57.0,,342.2,,28.9552
nc73587606,NC,MCV,,EHZ,-1,60.0,,8.5,,8.6643
nc73587606,NC,MDY,,HHZ,-1,59.0,,317.5,,21.9388
nc73587606,NC,MGPB,,EHZ,-1,60.0,,337.5,,13.6214
nc73587606,NC,MLC,,EHZ,-1,60.0,,330.3,,12.7096
nc73587681,NC,MCV,,EHZ,1,121.0,,58.8,,5.3162
nc73587681,NC,MLC,,EHZ,1,117.0,,329.6,,6.0257
nc73587681,NC,MCO,,EHZ,1,116.0,,14.7,,6.158
nc73587681,NC,MGPB,,EHZ,-1,112.0,,343.8,,7.0231
nc73587681,NC,MDR,2.0,EHZ,1,104.0,,26.0,,8.9801
nc73587681,NC,MMX1,,HN3,1,104.0,,309.6,,9.0468
nc73587681,NC,MLH,,EHZ,-1,91.0,,24.7,,13.8438
nc73587781,NC,MCV,,EHZ,1,110.0,,297.0,,28.2213
nc73587781,CI,MLAC,,HHZ,1,108.0,,303.9,,31.0011
nc73587781,NC,MDR,2.0,EHZ,1,107.0,,305.2,,31.4682
nc73587781,NC,MCO,,EHZ,1,107.0,,299.7,,32.3688
nc73587781,NC,MLH,,EHZ,1,107.0,,313.5,,32.8803
nc73587781,NC,MGPB,,EHZ,1,104.0,,298.0,,35.8492
nc73587781,NC,MLC,,EHZ,1,104.0,,295.0,,36.1495
nc73587781,NC,MCB,,HHZ,1,104.0,,301.3,,36.383
nc73587781,NC,MCS,,EHZ,1,103.0,,302.2,,37.6617
nc73587781,NC,MEM,,EHZ,1,102.0,,301.4,,40.8641
nc73587781,NC,MMLB,,HHZ,1,101.0,,298.2,,43.4995
nc73587781,NC,MMP,,EHZ,1,100.0,,289.4,,45.3453
nc73587781,NC,MDY,,HHZ,1,100.0,,296.4,,46.0569
nc73587781,NC,MCY,,EHZ,-1,100.0,,293.7,,46.7241
nc73587781,NC,MINS,,HHZ,1,99.0,,293.7,,49.7708
nc73587781,NC,MDPB,,HHZ,1,98.0,,290.5,,50.4047
nc73587781,NC,MDC,2.0,EHZ,1,98.0,,300.9,,51.0829
nc73587781,NC,MMT,,EHZ,1,96.0,,259.1,,57.321
nc73587781,NC,MDH,,HNZ,-1,103.0,,305.4,,39.4075
nc73587781,NN,LHV,,HHZ,1,91.0,,2.3,,86.2094
nc73587781,BK,HELL,0.0,HHZ,-1,91.0,,205.8,,97.985
nc73587781,GS,MCA04,0.0,HHZ,-1,91.0,,47.4,,99.386
nc73587796,NC,MCV,,EHZ,1,110.0,,297.4,,28.7439
nc73587796,CI,MLAC,,HHZ,1,108.0,,304.2,,31.546
nc73587796,NC,MDR,2.0,EHZ,1,108.0,,305.5,,32.013
nc73587796,NC,MCO,,EHZ,-1,107.0,,300.0,,32.9026
nc73587796,NC,MGPB,,EHZ,-1,105.0,,298.4,,36.3719
nc73587796,NC,MLC,,EHZ,1,104.0,,295.4,,36.661
nc73587796,NC,MCB,,HHZ,1,104.0,,301.5,,36.9167
nc73587796,NC,MEM,,EHZ,1,102.0,,301.7,,41.3979
nc73587796,NC,MMLB,,HHZ,1,101.0,,298.5,,44.0332
nc73587796,NC,MCY,,EHZ,-1,100.0,,294.0,,47.2245
nc73587796,NC,MINS,,HHZ,-1,99.0,,294.0,,50.2823
nc73587796,NC,MDPB,,HHZ,1,99.0,,290.8,,50.8939
nc73587796,NC,MDC,2.0,EHZ,1,98.0,,301.1,,51.6167
nc73587796,NC,MMT,,EHZ,1,97.0,,259.6,,57.6101
nc73587796,NP,1589,10.0,HNZ,1,117.0,,123.4,,22.4058
nc73587796,NC,MLH,,EHZ,1,107.0,,313.6,,33.4363
nc73587796,NN,LHV,,HHZ,1,91.0,,2.0,,86.6208
nc73587796,BK,TOLH,0.0,HHZ,1,91.0,,234.3,,98.7967
nc73587851,NC,MCV,,EHZ,1,92.0,,10.3,,9.1058
nc73587851,NC,MCO,,EHZ,-1,89.0,,353.7,,12.2426
nc73587851,NC,MLC,,EHZ,-1,89.0,,332.5,,12.8764
nc73587851,CI,MLAC,,HHZ,-1,89.0,,4.4,,13.4546
nc73587851,NC,MDR,2.0,EHZ,-1,86.0,,4.2,,14.3108
nc73587851,NC,MMX1,,HN3,-1,85.0,,320.5,,15.5339
nc73587851,NC,MCB,,HHZ,1,85.0,,343.9,,15.6118
nc73587851,NC,MCS,,EHZ,-1,83.0,,342.5,,16.9461
nc73587851,NC,MDPB,,HHZ,-1,78.0,,303.9,,24.5963
nc73587851,NC,MINS,,HHZ,-1,78.0,,310.6,,24.7409
nc73587866,NC,MCV,,EHZ,-1,117.0,,318.6,,34.8374
nc73587866,CI,MLAC,,HHZ,-1,114.0,,322.3,,38.6625
nc73587866,NC,MCO,,EHZ,-1,114.0,,318.5,,39.2296
nc73587866,NC,MDR,2.0,EHZ,-1,114.0,,323.1,,39.3408
nc73587866,NC,MLC,,EHZ,-1,112.0,,313.1,,41.9316
nc73587866,NC,MGPB,,EHZ,-1,112.0,,315.6,,42.2207
nc73587866,NC,MLH,,EHZ,-1,112.0,,328.9,,42.0206
nc73587866,NC,MCB,,HHZ,1,111.0,,318.0,,43.3215
nc73587866,NC,MEM,,EHZ,1,109.0,,316.6,,47.6693
nc73587866,NC,MMLB,,HHZ,-1,108.0,,313.1,,49.6041
nc73587866,NC,MDY,,HHZ,1,107.0,,310.8,,51.7056
nc73587866,NC,MMT,,EHZ,1,106.0,,272.6,,54.252
nc73587866,NP,1589,10.0,HNZ,1,132.0,,88.3,,21.2049
nc73587866,BK,HELL,0.0,HHZ,1,97.0,,208.4,,85.1642
nc73587866,BK,TOLH,0.0,HHZ,1,96.0,,240.1,,89.7343
nc73587866,BK,MMI,0.0,HHZ,1,94.0,,274.3,,104.4009
nc73587866,BK,LIND,0.0,HHZ,1,92.0,,201.5,,119.4234
nc73587871,NC,MCV,,EHZ,-1,86.0,,10.2,,8.9134
nc73587871,NC,MCO,,EHZ,-1,86.0,,353.3,,12.0646
nc73587871,NC,MLC,,EHZ,-1,85.0,,331.9,,12.7429
nc73587871,NC,MGPB,,EHZ,-1,84.0,,339.0,,13.6992
nc73587871,NC,MDR,2.0,EHZ,-1,84.0,,4.0,,14.1218
nc73587871,NC,MMX1,,HN3,-1,82.0,,319.9,,15.4227
nc73587871,NC,MCS,,EHZ,1,81.0,,342.1,,16.7904
nc73587871,NC,MMP,,EHZ,-1,80.0,,304.5,,19.4369
nc73587871,NC,MDPB,,HHZ,-1,77.0,,303.4,,24.5518
nc73587871,NC,MINS,,HHZ,-1,76.0,,310.2,,24.663
nc73587871,NC,MDC,2.0,EHZ,-1,75.0,,322.2,,27.9766
nc73588081,NC,MCO,,EHZ,1,172.0,,195.6,,1.0193
nc73588081,NC,MDR,2.0,EHZ,1,161.0,,61.9,,2.3951
nc73588081,NC,MCB,,HHZ,-1,152.0,,299.5,,3.7484
nc73588081,NC,MGPB,,EHZ,-1,152.0,,267.1,,3.8062
nc73588081,NC,MCV,,EHZ,1,144.0,,147.2,,4.9971
nc73588081,NC,MCS,,EHZ,-1,144.0,,306.6,,5.0438
nc73588081,NC,MLC,,EHZ,1,143.0,,250.3,,5.1973
nc73588081,NC,MLH,,EHZ,1,134.0,,35.0,,6.883
nc73588081,NC,MMP,,EHZ,1,110.0,,262.3,,15.0447
nc73588081,NC,MBS1,,EP1,1,108.0,,333.3,,16.568
nc73588081,NC,MINS,,HHZ,-1,107.0,,279.3,,17.9802
nc73588081,NC,MDPB,,HHZ,-1,105.0,,271.5,,19.3813
nc73588086,NC,MCO,,EHZ,1,170.0,,173.8,,1.1175
nc73588086,CI,MLAC,,HHZ,1,158.0,,87.0,,2.5008
nc73588086,NC,MDR,2.0,EHZ,1,157.0,,68.3,,2.702
nc73588086,NC,MGPB,,EHZ,1,151.0,,264.5,,3.4192
nc73588086,NC,MCS,,EHZ,-1,143.0,,308.3,,4.6502
nc73588086,NC,MLC,,EHZ,1,141.0,,247.3,,4.8737
nc73588086,NC,MCV,,EHZ,-1,139.0,,144.4,,5.3285
nc73588086,NC,MDH1,1.0,DP1,1,130.0,,325.3,,6.8663
nc73588086,NC,MLH,,EHZ,1,130.0,,38.3,,7.0175
nc73588086,NC,MEM,,EHZ,-1,126.0,,301.8,,7.8259
nc73588086,NC,MMX1,,HN3,1,123.0,,261.1,,8.5275
nc73588086,NC,MMLB,,HHZ,1,116.0,,288.4,,10.6636
nc73588086,NC,MMP,,EHZ,-1,106.0,,261.6,,14.6666
nc73588086,NC,MINS,,HHZ,-1,103.0,,279.1,,17.5688
nc73588086,NC,MDC,2.0,EHZ,-1,103.0,,299.9,,18.0469
nc73588086,NC,MDPB,,HHZ,-1,101.0,,271.2,,18.981
nc73588086,NC,MCB,,HHZ,-1,152.0,,300.9,,3.3392
nc73588106,NC,MCO,,EHZ,1,171.0,,178.2,,1.0929
nc73588106,NC,MDR,2.0,EHZ,1,159.0,,67.2,,2.6275
nc73588106,NC,MCB,,HHZ,-1,153.0,,300.4,,3.4248
nc73588106,NC,MGPB,,EHZ,1,152.0,,265.0,,3.5049
nc73588106,NC,MCS,,EHZ,-1,144.0,,307.8,,4.7313
nc73588106,NC,MLC,,EHZ,-1,143.0,,247.9,,4.9482
nc73588106,NC,MCV,,EHZ,1,141.0,,145.0,,5.2617
nc73588106,NC,MLH,,EHZ,1,132.0,,37.6,,6.9775
nc73588106,NC,MEM,,EHZ,-1,128.0,,301.6,,7.9104
nc73588106,NC,MMP,,EHZ,1,108.0,,261.7,,14.7556
nc73588106,NC,MINS,,HHZ,-1,105.0,,279.1,,17.6578
nc73588106,NC,MDC,2.0,EHZ,-1,105.0,,299.8,,18.1248
nc73588106,NC,MDPB,,HHZ,-1,104.0,,271.2,,19.0699
nc73588116,NC,MDR,2.0,EHZ,1,161.0,,98.2,,2.1071
nc73588116,NC,MCO,,EHZ,1,159.0,,187.2,,2.4252
nc73588116,NC,MLC,,EHZ,-1,136.0,,237.1,,5.8566
nc73588116,NC,MCV,,EHZ,-1,134.0,,154.6,,6.2291
nc73588126,NC,MCO,,EHZ,1,173.0,,198.2,,0.8778
nc73588126,CI,MLAC,,HHZ,1,164.0,,78.9,,2.1394
nc73588126,NC,MDR,2.0,EHZ,1,162.0,,58.9,,2.4685
nc73588126,NC,MCB,,HHZ,-1,153.0,,301.4,,3.8229
nc73588126,NC,MCV,,EHZ,1,147.0,,146.3,,4.8737
nc73588126,NC,MLC,,EHZ,-1,145.0,,251.9,,5.1494
nc73588126,NC,MMP,,EHZ,1,112.0,,262.9,,15.0224
nc73588126,NC,MINS,,HHZ,-1,109.0,,279.8,,18.0025
nc73588126,NC,MDC,2.0,EHZ,-1,108.0,,300.1,,18.5251
nc73588126,NC,MDPB,,HHZ,-1,107.0,,272.0,,19.3924
nc73588216,NC,MCB,,HHZ,-1,170.0,,78.7,,0.5098
nc73588216,NC,MCS,,EHZ,1,160.0,,347.2,,1.2943
nc73588216,NC,MGPB,,EHZ,-1,150.0,,181.0,,1.9337
nc73588216,NC,MLC,,EHZ,-1,129.0,,197.9,,3.6628
nc73588216,NC,MDH1,,DP1,-1,125.0,,352.1,,4.0631
nc73588216,NC,MMX1,,HN3,1,113.0,,239.8,,5.8422
nc73588226,NC,MCS,,EHZ,1,165.0,,43.3,,1.1009
nc73588226,NC,MGPB,,EHZ,-1,147.0,,157.2,,2.6008
nc73588226,NC,MEM,,EHZ,1,143.0,,312.4,,3.0334
nc73588226,NC,MLC,,EHZ,1,134.0,,181.2,,3.9474
nc73588226,NC,MMX1,,HN3,1,124.0,,229.7,,5.2517
nc73588226,NC,MCO,,EHZ,-1,122.0,,125.2,,5.5408
nc73588226,NC,MDR,2.0,EHZ,1,114.0,,98.9,,7.0086
nc73588226,NC,MCV,,EHZ,-1,104.0,,130.5,,9.8774
nc73588226,NC,MDC,2.0,EHZ,1,93.0,,301.6,,13.1877
nc73588231,NC,MDH,,HNZ,1,135.0,,358.0,,3.6939
nc73588231,NC,MMX1,,HN3,1,120.0,,234.7,,5.662
nc73588231,NC,MMLB,,HHZ,1,116.0,,282.5,,6.4838
nc73588231,NC,MDY,,HHZ,1,105.0,,277.9,,9.3393
nc73588231,NC,MBS1,,EP1,1,92.0,,345.6,,13.1321
nc73588231,NC,MINS,,HHZ,1,92.0,,273.5,,13.5769
nc73588231,NC,MDC,2.0,EHZ,-1,93.0,,300.7,,13.7882
nc73588231,NC,MMT,,EHZ,1,74.0,,218.7,,38.4846
nc73588231,NC,MCB,,HHZ,1,167.0,,104.2,,0.9556
nc73588231,NC,MCO,,EHZ,-1,125.0,,128.0,,4.9671
nc73588231,NC,MCS,,EHZ,1,167.0,,8.5,,0.9397
nc73588231,NC,MCV,,EHZ,-1,105.0,,132.3,,9.327
nc73588231,NC,MDPB,,HHZ,1,93.0,,264.1,,15.2671
nc73588231,NC,MDR,2.0,EHZ,1,116.0,,98.6,,6.3781
nc73588231,NC,MEM,,EHZ,-1,136.0,,307.3,,3.5916
nc73588231,NC,MGPB,,EHZ,-1,149.0,,170.2,,2.3006
nc73588231,NC,MLC,,EHZ,-1,133.0,,190.4,,3.8818
nc73588231,NC,MLH,,EHZ,1,106.0,,66.3,,8.8934
nc73588231,NC,MMP,,EHZ,1,98.0,,249.1,,11.4642
nc73588256,NC,MLC,,EHZ,1,117.0,,326.6,,5.0772
nc73588256,NC,MCO,,EHZ,1,115.0,,19.9,,5.314
nc73588291,NC,MCB,,HHZ,-1,167.0,,148.6,,1.2943
nc73588291,NC,MDH1,,DP1,-1,152.0,,352.3,,2.8477
nc73588291,NC,MGPB,,EHZ,-1,149.0,,177.4,,3.139
nc73588291,NC,MLC,,EHZ,-1,137.0,,191.4,,4.7825
nc73588291,NC,MCO,,EHZ,-1,133.0,,137.0,,5.3707
nc73588291,NC,MMX1,,HN3,-1,127.0,,229.6,,6.3926
nc73588291,NC,MCV,,EHZ,-1,112.0,,137.1,,9.7607
nc73588556,NC,MCO,,EHZ,1,164.0,,186.9,,1.6779
nc73588556,NC,MDR,2.0,EHZ,1,159.0,,78.6,,2.2317
nc73588556,NC,MCB,,HHZ,-1,150.0,,290.0,,3.3948
nc73588556,NC,MCS,,EHZ,-1,141.0,,300.3,,4.6057
nc73588556,NC,MLC,,EHZ,1,136.0,,243.2,,5.3996
nc73588556,NC,MCV,,EHZ,-1,135.0,,150.4,,5.6209
nc73588556,NC,MLH,,EHZ,1,131.0,,39.1,,6.3815
nc73588556,NC,MDH1,,DP1,1,129.0,,320.2,,6.6217
nc73588561,NC,MDR,2.0,EHZ,1,164.0,,93.6,,2.1338
nc73588561,NC,MLC,,EHZ,1,141.0,,238.3,,5.731
nc73588561,NC,MDH1,,DP1,1,139.0,,316.4,,6.2336
nc73588601,NC,MLC,,EHZ,-1,164.0,,38.0,,2.1783
nc73588601,NC,MMX1,,HN3,-1,156.0,,311.4,,3.4393
nc73588601,NC,MGPB,,EHZ,1,152.0,,36.6,,4.0753
nc73588601,NC,MCB,,HHZ,1,141.0,,29.2,,6.0746
nc73588601,NC,MMP,,EHZ,1,129.0,,279.5,,8.7922
nc73588601,NC,MCV,,EHZ,-1,128.0,,94.7,,8.9857
nc73588601,CI,MLAC,,HHZ,1,128.0,,65.8,,9.1324
nc73588601,NC,MDH1,,DP1,-1,126.0,,11.7,,9.4193
nc73588601,NC,MDR,2.0,EHZ,1,126.0,,61.1,,9.5294
nc73588601,NC,MDPB,,HHZ,1,114.0,,286.8,,13.7215
nc73588601,NC,MMT,,EHZ,1,96.0,,221.9,,32.9471
nc73588601,NC,MLH,,EHZ,1,114.0,,48.1,,13.6659
nc73588651,NC,MCV,,EHZ,-1,95.0,,8.4,,9.0368
nc73588651,NP,1576,10.0,HNZ,1,93.0,,50.3,,10.4746
nc73588651,NC,MCO,,EHZ,-1,89.0,,352.3,,12.2648
nc73588651,NC,MLC,,EHZ,-1,89.0,,331.2,,13.0098
nc73588651,CI,MLAC,,HHZ,1,89.0,,3.0,,13.4212
nc73588651,NC,MGPB,,EHZ,-1,89.0,,338.3,,13.9438
nc73588651,NC,MDR,2.0,EHZ,-1,89.0,,2.9,,14.2774
nc73588651,NC,MCB,,HHZ,-1,86.0,,342.8,,15.6785
nc73588651,NC,MMX1,,HN3,-1,86.0,,319.6,,15.7118
nc73588651,NC,MCS,,EHZ,-1,84.0,,341.5,,17.0239
nc73588651,NC,MLH,,EHZ,1,83.0,,7.8,,18.9365
nc73588651,NC,MEM,,EHZ,-1,82.0,,334.2,,19.3146
nc73588651,NC,MDH,,HNZ,1,82.0,,343.3,,19.7371
nc73588651,NC,MMLB,,HHZ,-1,81.0,,324.5,,20.4376
nc73588651,NC,MCY,,EHZ,-1,81.0,,312.4,,22.05
nc73588651,NC,MDY,,HHZ,-1,80.0,,318.2,,22.1834
nc73588651,NC,MINS,,HHZ,-1,78.0,,310.1,,24.9633
nc73588651,NC,MDC,2.0,EHZ,1,76.0,,322.0,,28.2546
nc73588651,NC,MMT,,EHZ,1,73.0,,243.5,,33.1806
nc73588716,NC,MGPB,,EHZ,1,110.0,,343.8,,7.0442
nc73588716,NC,MDR,2.0,EHZ,1,104.0,,25.9,,8.9901
nc73588716,NC,MMX1,,HN3,1,103.0,,309.6,,9.0691
nc73588716,NC,MEM,,EHZ,1,90.0,,335.1,,12.3649
nc73588716,NC,MDH,,HNZ,-1,90.0,,348.9,,12.9653
nc73588716,NC,MBS1,,EP1,-1,83.0,,345.5,,22.4614
nc73588716,NC,MCO,,EHZ,1,115.0,,14.5,,6.1724
nc73588716,NC,MCS,,EHZ,-1,100.0,,347.4,,10.2044
nc73588716,NC,MCV,,EHZ,-1,120.0,,58.6,,5.3129
nc73588716,NC,MLC,,EHZ,1,116.0,,329.6,,6.049
nc73588781,NC,MCV,,EHZ,-1,66.0,,10.0,,9.0201
nc73588781,NP,1576,10.0,HNZ,-1,66.0,,51.4,,10.6225
nc73588781,CI,MLAC,,HHZ,-1,66.0,,4.1,,13.3767
nc73588781,NC,MDR,2.0,EHZ,-1,66.0,,3.9,,14.233
nc73588781,NC,MMX1,,HN3,1,66.0,,320.2,,15.5228
nc73588781,NC,MEM,,EHZ,-1,65.0,,334.8,,19.17
nc73588781,NC,MMP,,EHZ,-1,65.0,,304.7,,19.5147
nc73588781,NC,MDY,,HHZ,-1,64.0,,318.5,,21.9832
nc73588781,NC,MDPB,,HHZ,-1,63.0,,303.6,,24.6186
nc73588781,NC,MINS,,HHZ,-1,63.0,,310.3,,24.7409
nc73588781,NC,MDC,2.0,EHZ,-1,62.0,,322.3,,28.0656
nc73588781,NC,MMT,,EHZ,1,61.0,,243.2,,32.9915
nc73588781,NC,MCB,,HHZ,1,66.0,,343.6,,15.5562
nc73588781,NC,MCO,,EHZ,-1,66.0,,353.3,,12.187
nc73588781,NC,MGPB,,EHZ,-1,66.0,,339.1,,13.7993
nc73588781,NC,MLC,,EHZ,-1,66.0,,332.0,,12.843
nc73588781,NC,MMLB,,HHZ,-1,64.0,,324.9,,20.2597
nc73588836,NC,MDR,2.0,EHZ,1,165.0,,60.7,,2.036
nc73588836,NC,MLC,,EHZ,-1,144.0,,250.2,,5.5597
nc73588836,NC,MLH,,EHZ,1,138.0,,33.2,,6.5861
nc73588836,NC,MDH1,,DP1,1,135.0,,320.5,,7.3122
nc73588836,NC,MINS,,HHZ,-1,109.0,,278.7,,18.2916
nc73588836,NC,MDC,2.0,EHZ,-1,108.0,,298.8,,18.6919
nc73588836,NC,MDPB,,HHZ,-1,107.0,,271.1,,19.726
nc73588901,NC,MCV,,EHZ,-1,118.0,,353.5,,10.7848
nc73588901,NC,MCO,,EHZ,-1,109.0,,343.2,,14.5554
nc73588901,NC,MLC,,EHZ,-1,108.0,,326.2,,15.8675
nc73588901,NC,MDR,2.0,EHZ,-1,107.0,,353.5,,16.1344
nc73588901,NC,MGPB,,EHZ,-1,107.0,,332.4,,16.6348
nc73588901,NC,MMX1,,HN3,1,104.0,,317.2,,18.7475
nc73588901,NC,MCS,,EHZ,-1,103.0,,336.0,,19.6148
nc73588901,NC,MLH,,EHZ,-1,102.0,,0.0,,20.5377
nc73588901,NC,MMP,,EHZ,-1,99.0,,304.5,,22.8617
nc73588901,NC,MDY,,HHZ,-1,98.0,,316.6,,25.2301
nc73588901,NC,MDPB,,HHZ,-1,96.0,,303.6,,27.9655
nc73588901,NC,MINS,,HHZ,-1,96.0,,309.5,,28.0656
nc73588901,NC,MDC,2.0,EHZ,-1,94.0,,320.4,,31.2569
nc73588901,NC,MMT,,EHZ,1,93.0,,248.0,,34.7929
nc73589006,NP,1576,10.0,HNZ,-1,110.0,,346.9,,19.8038
nc73589006,NC,MMX1,,HN3,-1,98.0,,317.3,,33.5253
nc73589006,NC,MCS,,EHZ,-1,98.0,,328.1,,33.9478
nc73589006,NC,MRC,,EHZ,1,97.0,,29.0,,35.3155
nc73589006,NC,MDH,,HNZ,-1,96.0,,330.0,,36.4497
nc73589006,NC,MCY,,EHZ,-1,96.0,,313.7,,39.8856
nc73589006,NC,MDPB,,HHZ,-1,95.0,,308.4,,42.4765
nc73589006,NC,MINS,,HHZ,-1,95.0,,312.3,,42.7656
nc73589006,NC,MBS1,,EP1,1,94.0,,332.3,,45.8679
nc73589006,NC,MDC,2.0,EHZ,-1,94.0,,319.4,,46.0125
nc73589006,BK,MMI,0.0,HHZ,1,87.0,,272.0,,92.314
nc73589006,CI,CWC,,HHZ,1,85.0,,152.3,,119.6457
nc73589006,BK,LEGD,0.0,HHZ,-1,85.0,,261.5,,129.8757
nc73589006,CI,WAS2,,HHZ,1,81.0,,176.0,,184.4724
nc73589006,BK,HELL,0.0,HHZ,-1,89.0,,199.8,,84.4192
nc73589006,BK,TOLH,0.0,HHZ,1,89.0,,233.1,,82.2954
nc73589006,CI,MLAC,,HHZ,-1,101.0,,335.6,,28.5993
nc73589006,CI,SPG2,,HHZ,-1,85.0,,182.5,,132.7667
nc73589006,NC,MCB,,HHZ,-1,99.0,,328.1,,32.5468
nc73589006,NC,MCO,,EHZ,-1,101.0,,330.2,,28.5882
nc73589006,NC,MCV,,EHZ,-1,104.0,,332.5,,24.3294
nc73589006,NC,MDR,2.0,EHZ,-1,100.0,,336.3,,29.3777
nc73589006,NC,MDY,,HHZ,-1,95.0,,316.9,,40.0079
nc73589006,NC,MEM,,EHZ,-1,96.0,,325.1,,36.6387
nc73589006,NC,MGPB,,EHZ,-1,99.0,,325.3,,31.1457
nc73589006,NC,MLC,,EHZ,-1,99.0,,322.0,,30.5452
nc73589006,NC,MLH,,EHZ,-1,98.0,,342.4,,32.9359
nc73589006,NC,MMLB,,HHZ,-1,96.0,,320.2,,38.151
nc73589006,NC,MMP,,EHZ,-1,96.0,,309.6,,37.4171
nc73589006,NC,MMT,,EHZ,1,95.0,,267.2,,42.3875
nc73589126,NC,MGPB,,EHZ,1,75.0,,326.4,,30.3451
nc73589126,NC,MDPB,,HHZ,-1,70.0,,308.8,,41.5535
nc73589126,NC,MTU,2.0,EHZ,1,89.0,,111.1,,14.1218
nc73589126,NC,MCV,,EHZ,-1,80.0,,334.1,,23.6178
nc73589126,NC,MCO,,EHZ,-1,77.0,,331.5,,27.8432
nc73589126,NC,MDR,2.0,EHZ,1,76.0,,337.7,,28.7105
nc73589126,NC,MLC,,EHZ,-1,76.0,,323.0,,29.7224
nc73589126,NC,MMT,,EHZ,1,70.0,,266.6,,41.4979
nc73589611,NC,MLC,,EHZ,-1,102.0,,324.9,,28.4325
nc73589611,NC,MGPB,,EHZ,1,101.0,,328.4,,29.122
nc73589611,NC,MCV,,EHZ,-1,106.0,,337.1,,22.5503
nc73589611,NC,MCO,,EHZ,-1,103.0,,333.9,,26.7201
nc73589611,NC,MCB,,HHZ,1,100.0,,331.2,,30.612
nc73589611,NC,MLH,,EHZ,1,100.0,,346.2,,31.5015
nc73589611,NC,MCS,,EHZ,1,99.0,,331.0,,32.0019
nc73589611,BK,TOLH,0.0,HHZ,-1,89.0,,231.6,,80.8165
nc73589611,BK,MMI,0.0,HHZ,-1,88.0,,271.5,,89.8233
nc73589611,NC,MMI,,EHZ,1,88.0,,271.5,,89.8233
nc73589861,NC,MDR,2.0,EHZ,-1,163.0,,64.1,,2.0716
nc73589861,NC,MCB,,HHZ,1,150.0,,294.8,,3.8696
nc73589861,NC,MGPB,,EHZ,1,149.0,,264.1,,4.072
nc73589861,NC,MCV,,EHZ,-1,143.0,,151.0,,5.0583
nc73589861,NC,MLC,,EHZ,-1,140.0,,249.0,,5.5097
nc73589861,NC,MLH,,EHZ,-1,135.0,,34.3,,6.5583
nc73589861,NC,MEM,,EHZ,1,127.0,,298.9,,8.3385
nc73589861,NC,MMX1,,HN3,1,124.0,,261.1,,9.1814
nc73589861,NC,MMLB,,HHZ,-1,117.0,,286.9,,11.2529
nc73589861,NC,MQ1P,,EHZ,1,109.0,,262.6,,14.6333
nc73589861,NC,MMP,,EHZ,1,108.0,,261.6,,15.3227
nc73589861,NC,MBS1,,EP1,1,107.0,,332.2,,16.4791
nc73589861,NC,MDC,2.0,EHZ,1,105.0,,298.7,,18.5696
nc73589861,NC,MDPB,,HHZ,1,104.0,,270.9,,19.637
nc73589861,NC,MCO,,EHZ,-1,169.0,,203.5,,1.3132
nc73589941,NC,MDR,2.0,EHZ,1,168.0,,87.9,,1.4244
nc73589941,CI,MLAC,,HHZ,-1,166.0,,120.1,,1.6257
nc73589941,NC,MCB,,HHZ,1,149.0,,281.0,,4.0308
nc73589941,NC,MCV,,EHZ,-1,139.0,,159.1,,5.6443
nc73589941,NC,MDH1,1.0,DP1,-1,133.0,,313.2,,6.8663
nc73589941,NC,MEM,,EHZ,1,126.0,,292.4,,8.3696
nc73589941,NC,MMX1,,HN3,1,121.0,,256.6,,9.7785
nc73589941,NC,MMLB,,HHZ,1,116.0,,282.2,,11.4642
nc73589941,NC,MDY,,HHZ,-1,109.0,,279.2,,14.3219
nc73589941,NC,MQ1P,,EHZ,1,108.0,,259.6,,15.2003
nc73589941,NC,MCO,,EHZ,-1,161.0,,205.1,,2.2706
nc73589941,NC,MDPB,,HHZ,1,103.0,,268.4,,20.0818
nc73589941,NC,MLC,,EHZ,-1,136.0,,243.2,,6.2581
nc73589941,NC,MLH,,EHZ,1,139.0,,35.5,,5.6076
nc73589941,NC,MMP,,EHZ,1,107.0,,258.8,,15.9009
nc73590276,NC,MCV,,EHZ,-1,100.0,,317.2,,26.6534
nc73590276,NC,MCO,,EHZ,-1,97.0,,317.2,,31.0456
nc73590276,NC,MDR,2.0,EHZ,-1,97.0,,323.1,,31.1123
nc73590276,NC,MLC,,EHZ,-1,96.0,,310.6,,33.8589
nc73590276,NC,MGPB,,EHZ,1,96.0,,313.8,,34.0812
nc73590276,NC,MLH,,EHZ,-1,96.0,,330.2,,33.8477
nc73590276,NC,MCB,,HHZ,1,95.0,,316.8,,35.1487
nc73590276,NC,MMT,,EHZ,1,92.0,,265.2,,49.415
nc73590276,NP,1589,10.0,HNZ,-1,100.0,,102.8,,26.8091
nc73590276,NC,MEM,,EHZ,-1,94.0,,315.2,,39.5076
nc73590916,NC,MCV,,EHZ,-1,122.0,,12.1,,6.5894
nc73590916,NC,MCO,,EHZ,-1,109.0,,350.6,,9.7885
nc73590916,NC,MLC,,EHZ,-1,106.0,,325.1,,10.8537
nc73590916,CI,MLAC,,HHZ,-1,106.0,,4.1,,10.9271
nc73590916,NC,MGPB,,EHZ,-1,103.0,,334.0,,11.631
nc73590916,NC,MDR,2.0,EHZ,-1,103.0,,3.8,,11.7867
nc73590916,NC,MCB,,HHZ,-1,98.0,,339.9,,13.2989
nc73590916,NC,MMX1,,HN3,-1,98.0,,313.1,,13.866
nc73590916,NC,MCS,,EHZ,1,97.0,,338.6,,14.6666
nc73590916,NC,MEM,,EHZ,-1,96.0,,330.7,,17.0795
nc73590916,NC,MMT,,EHZ,1,78.0,,239.7,,34.3148
nc73591141,NP,1576,10.0,HNZ,-1,108.0,,42.6,,11.631
nc73591141,NC,MMX1,,HN3,1,99.0,,323.2,,17.2908
nc73591141,NC,MLH,,EHZ,-1,94.0,,6.6,,20.7712
nc73591141,NC,MMP,,EHZ,1,94.0,,308.4,,20.9936
nc73591141,NC,MEM,,EHZ,-1,94.0,,336.0,,21.0937
nc73591141,NC,MDH,,HNZ,-1,92.0,,344.3,,21.5829
nc73591141,NC,MDH1,1.0,DP1,1,92.0,,344.3,,21.5829
nc73591141,NC,MDY,,HHZ,1,90.0,,320.9,,23.7179
nc73591141,NC,MTU,2.0,EHZ,1,90.0,,122.1,,29.1442
nc73591141,NC,MBS1,,EP1,-1,91.0,,343.2,,31.1346
nc73591141,NC,MMT,,EHZ,1,92.0,,246.6,,32.5579
nc73591141,NC,MRC,,EHZ,1,85.0,,55.6,,35.7825
nc73591141,NC,MFB,,EHZ,1,85.0,,100.8,,37.2392
nc73591141,BK,MMI,0.0,HHZ,1,84.0,,264.4,,80.1938
nc73591141,NC,MMI,,EHZ,1,84.0,,264.4,,80.1938
nc73591141,BK,TOLH,0.0,HHZ,-1,84.0,,221.5,,80.3939
nc73591141,BK,HELL,0.0,HHZ,-1,83.0,,190.1,,91.6024
nc73591141,NC,MHD,,EHZ,-1,83.0,,246.2,,102.2326
nc73591141,NC,MPR,,EHZ,1,83.0,,288.9,,109.0711
nc73591141,BK,BUCR,0.0,HHZ,-1,83.0,,280.3,,117.1995
nc73591141,BK,LEGD,0.0,HHZ,-1,83.0,,255.4,,119.8681
nc73591141,NC,MCB,,HHZ,-1,99.0,,344.1,,17.5243
nc73591141,NC,MCD,,EHZ,1,85.0,,79.9,,35.7936
nc73591141,NC,MCO,,EHZ,-1,102.0,,352.6,,14.144
nc73591141,NC,MCS,,EHZ,-1,97.0,,342.8,,18.8587
nc73591141,NC,MCV,,EHZ,-1,111.0,,6.1,,10.8682
nc73591141,NC,MDPB,,HHZ,1,90.0,,306.7,,26.0641
nc73591141,NC,MDR,2.0,EHZ,-1,100.0,,2.0,,16.1344
nc73591141,NC,MGPB,,EHZ,-1,100.0,,340.2,,15.7563
nc73591141,NC,MLC,,EHZ,-1,101.0,,334.1,,14.7444
nc73591176,NC,MCV,,EHZ,-1,125.0,,358.4,,11.1417
nc73591176,NC,MCO,,EHZ,-1,117.0,,347.1,,14.7333
nc73591176,NC,MLC,,EHZ,-1,115.0,,329.9,,15.7341
nc73591176,NC,MMT,,EHZ,1,98.0,,248.1,,33.7699
nc73591176,NP,1576,10.0,HNZ,1,126.0,,35.9,,10.9627
nc73591176,NC,MGPB,,EHZ,1,114.0,,335.9,,16.6125
nc73591176,NC,MDPB,,HHZ,1,102.0,,305.4,,27.4429
nc73591621,NC,MCV,,EHZ,1,125.0,,6.3,,11.9535
nc73591621,NC,MLC,,EHZ,1,118.0,,336.4,,15.6562
nc73591816,NC,MCB,,HHZ,-1,134.0,,186.2,,3.3992
nc73591816,NC,MDR,2.0,EHZ,-1,111.0,,129.3,,6.4704
nc73591816,NC,MGPB,,EHZ,-1,117.0,,189.4,,5.4864
nc73591816,NC,MCO,,EHZ,-1,110.0,,157.1,,6.7306
nc73591816,NC,MMX1,,HN3,1,103.0,,222.6,,8.7244
nc73591816,NC,MLC,,EHZ,1,108.0,,195.9,,7.2432
nc73591816,NC,MDH1,,DP1,-1,157.0,,291.0,,1.5267
nc73591816,NC,MCS,,EHZ,-1,144.0,,207.4,,2.4986
nc73591816,NC,MEM,,EHZ,1,126.0,,256.7,,4.2699
nc73591906,NC,MMX1,,HN3,1,130.0,,358.0,,4.7336
nc73591906,NC,MLC,,EHZ,-1,124.0,,41.9,,5.6176
nc73591906,NC,MMP,,EHZ,1,115.0,,302.1,,7.3789
nc73591906,NC,MGPB,,EHZ,-1,114.0,,40.1,,7.5057
nc73591906,NC,MMLB,,HHZ,-1,107.0,,348.8,,9.575
nc73591906,NC,MCO,,EHZ,1,106.0,,59.4,,9.7273
nc73591906,NC,MCV,,EHZ,1,101.0,,81.3,,11.4976
nc73591906,NC,MDPB,,HHZ,1,96.0,,301.0,,12.4983
nc73591906,NC,MINS,,HHZ,1,96.0,,314.2,,12.6651
nc73591906,NC,MMT,,EHZ,1,79.0,,221.6,,29.5
nc73591906,NC,MDR,2.0,EHZ,1,96.0,,56.7,,12.8653
nc73592446,NC,MCO,,EHZ,1,126.0,,4.9,,5.9033
nc73592446,NC,MGPB,,EHZ,-1,118.0,,335.7,,7.3222
nc73592446,NC,MCB,,HHZ,-1,111.0,,344.1,,9.0502
nc73592446,NC,MMX1,,HN3,-1,109.0,,305.3,,9.8452
nc73592446,NC,MCS,,EHZ,-1,107.0,,341.7,,10.3945
nc73592446,NC,MEM,,EHZ,-1,98.0,,330.6,,12.7541
nc73592446,NC,MDH,,HNZ,1,98.0,,344.4,,13.1099
nc73592446,NC,MDH1,1.0,DP1,-1,98.0,,344.4,,13.1099
nc73592446,NC,MQ1P,,EHZ,-1,97.0,,291.2,,14.4442
nc73592446,NC,MMP,,EHZ,-1,97.0,,289.1,,14.9446
nc73592446,NC,MDY,,HHZ,-1,97.0,,309.0,,16.2789
nc73592446,NC,MCY,,EHZ,-1,96.0,,301.2,,16.5458
nc73592446,NC,MINS,,HHZ,-1,95.0,,300.0,,19.5703
nc73592446,NC,MDPB,,HHZ,-1,95.0,,291.7,,20.004
nc73592446,NC,MDC,2.0,EHZ,-1,86.0,,316.4,,22.0944
nc73592446,CI,MLAC,,HHZ,1,117.0,,21.9,,7.6858
nc73592446,NC,MCV,,EHZ,1,136.0,,52.5,,4.3966
nc73592446,NC,MDR,2.0,EHZ,1,113.0,,19.8,,8.4964
nc73592446,NC,MLC,,EHZ,-1,122.0,,321.3,,6.5694
nc73592446,NC,MMLB,,HHZ,-1,98.0,,316.8,,14.2107
nc73592656,NC,MCO,,EHZ,-1,103.0,,348.4,,9.7462
nc73592656,NC,MLC,,EHZ,-1,99.0,,323.2,,10.9805
nc73592656,NC,MDR,2.0,EHZ,-1,97.0,,2.1,,11.6532
nc73592656,NC,MGPB,,EHZ,-1,97.0,,332.1,,11.6977
nc73592656,NC,MMX1,,HN3,-1,92.0,,311.7,,14.0662
nc73592656,NC,MEM,,EHZ,-1,85.0,,329.5,,17.1685
nc73592656,NC,MINS,,HHZ,-1,82.0,,304.7,,23.6289
nc73592656,NC,MDPB,,HHZ,-1,82.0,,297.8,,23.7957
nc73592656,NC,MDC,2.0,EHZ,-1,80.0,,318.0,,26.4644
nc73592656,NC,MCV,,EHZ,-1,115.0,,9.1,,6.4115
nc73592706,NC,MEM,,EHZ,1,166.0,,20.0,,1.1275
nc73592706,NC,MMLB,,HHZ,-1,145.0,,275.4,,3.0934
nc73592706,NC,MCS,,EHZ,1,142.0,,93.1,,3.3937
nc73592706,NC,MDH,,HNZ,-1,136.0,,50.3,,4.0486
nc73592706,NC,MDH1,1.0,DP1,-1,136.0,,50.3,,4.0486
nc73592706,NC,MCB,,HHZ,-1,134.0,,107.9,,4.3878
nc73592706,NC,MMX1,,HN3,1,133.0,,197.4,,4.5835
nc73592706,NC,MGPB,,EHZ,-1,130.0,,132.9,,4.9682
nc73592706,NC,MLC,,EHZ,1,126.0,,152.7,,5.5475
nc73593151,NC,MLC,,EHZ,1,165.0,,79.3,,1.3677
nc73593151,NC,MMX1,,HN3,-1,152.0,,287.5,,2.7065
nc73593151,NC,MGPB,,EHZ,1,149.0,,53.4,,3.0323
nc73593151,NC,MCB,,HHZ,1,135.0,,37.6,,4.8525
nc73593151,NC,MCS,,EHZ,1,131.0,,23.5,,5.4552
nc73593151,NC,MCO,,EHZ,1,127.0,,80.3,,6.0501
nc73593151,NC,MEM,,EHZ,1,126.0,,352.6,,6.2925
nc73593151,NC,MDH,,HNZ,1,117.0,,13.8,,7.9938
nc73593151,NC,MMP,,EHZ,-1,115.0,,269.9,,8.6721
nc73593151,NC,MCV,,EHZ,-1,113.0,,103.8,,9.2203
nc73593151,NC,MDC,2.0,EHZ,-1,99.0,,318.6,,14.8112
nc73593151,NC,MBS1,,EP1,1,97.0,,355.8,,16.8238
nc73593176,NP,1589,10.0,HNZ,1,137.0,,107.3,,7.7681
nc73593176,NP,1587,10.0,HNZ,-1,102.0,,34.5,,27.2872
nc73593176,NC,MRC,,EHZ,-1,98.0,,345.6,,33.5253
nc73593176,NC,MCV,,EHZ,1,95.0,,302.4,,43.5439
nc73593176,NC,MCO,,EHZ,1,94.0,,303.8,,47.7916
nc73593176,NC,MGPB,,EHZ,1,93.0,,302.3,,51.183
nc73593176,NC,MLC,,EHZ,-1,93.0,,300.2,,51.3276
nc73593176,NC,MCB,,HHZ,1,93.0,,304.5,,51.8502
nc73593176,NC,MCS,,EHZ,-1,93.0,,305.1,,53.1512
nc73593176,NC,MDPB,,HHZ,1,91.0,,295.6,,65.2269
nc73593176,NC,MMT,,EHZ,1,90.0,,269.7,,67.9623
nc73593176,NC,MMI,,EHZ,1,86.0,,272.5,,117.9778
nc73593176,NC,MHD,,EHZ,1,84.0,,257.8,,134.7683
nc73593176,NC,MPR,,EHZ,1,84.0,,288.9,,149.1124
nc73593176,BK,HELL,0.0,HHZ,1,87.0,,215.0,,94.9049
nc73593176,BK,KARE,0.0,HHZ,-1,85.0,,228.4,,130.4316
nc73593176,BK,MMI,0.0,HHZ,1,86.0,,272.5,,117.9778
nc73593176,BK,TOLH,0.0,HHZ,1,87.0,,242.6,,103.2223
nc73593176,NC,MCD,,EHZ,-1,112.0,,351.6,,18.703
nc73593176,NC,MFB,,EHZ,-1,147.0,,344.7,,5.5242
nc73593176,NC,MTU,2.0,EHZ,1,118.0,,256.8,,13.7326
nc73593296,NC,MMX1,,HN3,1,155.0,,291.5,,2.6653
nc73593296,NC,MDH,,HNZ,1,120.0,,14.2,,8.1806
nc73593296,NC,MDH1,1.0,DP1,-1,120.0,,14.2,,8.1806
nc73593296,NC,MDY,,HHZ,-1,117.0,,308.0,,8.9957
nc73593296,NC,MCV,,EHZ,-1,116.0,,102.7,,9.2826
nc73593296,NC,MLH,,EHZ,1,103.0,,52.7,,12.9209
nc73593296,NC,MDPB,,HHZ,-1,103.0,,281.6,,13.31
nc73593296,NC,MDC,2.0,EHZ,-1,101.0,,319.3,,14.8668
nc73593296,NC,MBS1,,EP1,-1,99.0,,356.2,,16.9906
nc73593296,CI,MLAC,,HHZ,-1,118.0,,73.9,,8.7844
nc73593296,NC,MCB,,HHZ,1,137.0,,37.4,,5.0482
nc73593296,NC,MCO,,EHZ,1,130.0,,78.9,,6.1813
nc73593296,NC,MCS,,EHZ,1,133.0,,23.8,,5.6498
nc73593296,NC,MCY,,EHZ,-1,116.0,,294.2,,9.4238
nc73593296,NC,MDR,2.0,EHZ,1,117.0,,68.6,,9.0746
nc73593296,NC,MEM,,EHZ,1,129.0,,353.7,,6.446
nc73593296,NC,MGPB,,EHZ,1,150.0,,52.1,,3.2158
nc73593296,NC,MINS,,HHZ,-1,103.0,,294.0,,12.4761
nc73593296,NC,MLC,,EHZ,1,165.0,,73.8,,1.5067
nc73593296,NC,MLM,,EHZ,1,103.0,,354.2,,13.3545
nc73593296,NC,MMP,,EHZ,-1,119.0,,271.1,,8.5698
nc73593836,NC,MCV,,EHZ,-1,57.0,,320.3,,41.965
nc73593836,NC,MCO,,EHZ,-1,57.0,,320.0,,46.346
nc73593836,NC,MLC,,EHZ,1,57.0,,315.3,,48.9258
nc73593836,NC,MGPB,,EHZ,-1,57.0,,317.5,,49.2816
nc73593836,NC,MMT,,EHZ,1,56.0,,278.5,,58.6553
nc73593836,NC,MDPB,,HHZ,-1,57.0,,307.2,,61.3796
nc73593836,NC,MDC,2.0,EHZ,-1,57.0,,315.1,,64.4819
nc73593836,NP,1589,10.0,HNZ,1,64.0,,68.8,,18.6252
nc73593836,NC,MRC,,EHZ,-1,58.0,,2.1,,41.4979
nc73593836,BK,HELL,0.0,HHZ,1,57.0,,212.8,,81.8728
nc73593836,BK,TOLH,0.0,HHZ,1,57.0,,244.7,,90.3014
nc73593866,NC,MCV,,EHZ,1,107.0,,39.1,,7.5991
nc73593866,NC,MLC,,EHZ,-1,103.0,,341.5,,8.7977
nc73593866,NC,MCO,,EHZ,1,102.0,,11.2,,9.2803
nc73593866,NC,MGPB,,EHZ,-1,100.0,,350.2,,10.0353
nc73593866,NC,MCB,,HHZ,1,94.0,,354.4,,11.9757
nc73593866,NC,MCS,,EHZ,-1,90.0,,351.5,,13.2322
nc73593866,NC,MEM,,EHZ,-1,92.0,,341.0,,15.167
nc73593866,NC,MDPB,,HHZ,-1,84.0,,301.6,,20.282
nc73593866,NC,MINS,,HHZ,-1,84.0,,309.8,,20.3376
nc73593866,NC,MDC,2.0,EHZ,-1,82.0,,324.1,,23.729
nc73593866,BK,MMI,0.0,HHZ,1,71.0,,260.5,,77.2026
nc73593956,CI,MLAC,,HHZ,-1,145.0,,339.9,,1.9737
nc73593956,NC,MCV,,EHZ,1,136.0,,181.5,,2.6064
nc73593956,NC,MDR,2.0,EHZ,-1,134.0,,346.3,,2.7954
nc73593956,NC,MCO,,EHZ,1,130.0,,281.3,,3.1168
nc73593956,NC,MLC,,EHZ,1,99.0,,268.9,,7.6791
nc73593956,NC,MCB,,HHZ,1,101.0,,299.7,,6.9519
nc73594061,NC,MQ1P,,EHZ,1,178.0,,63.1,,0.2333
nc73594061,NC,MMX1,,HN3,1,143.0,,84.0,,5.6743
nc73594061,NC,MMLB,,HHZ,1,139.0,,36.8,,6.5594
nc73594061,NC,MEM,,EHZ,1,127.0,,50.8,,9.5416
nc73594061,NC,MLC,,EHZ,1,127.0,,89.8,,9.5705
nc73594061,NC,MDC,2.0,EHZ,1,122.0,,351.6,,10.9805
nc73594061,NC,MCS,,EHZ,1,121.0,,65.2,,11.4531
nc73594061,NC,MDH,,HNZ,1,115.0,,53.2,,12.6317
nc73594061,NC,MCO,,EHZ,1,114.0,,86.7,,14.2107
nc73594061,CI,MLAC,,HHZ,-1,111.0,,82.9,,16.6904
nc73594061,NC,MDR,2.0,EHZ,1,111.0,,80.0,,16.8349
nc73594061,NC,MCV,,EHZ,1,110.0,,98.0,,17.3575
nc73594061,NC,MMT,,EHZ,-1,98.0,,207.7,,29.589
nc73594061,NC,MCB,,HHZ,1,120.0,,72.0,,11.7644
nc73594061,NC,MDPB,,HHZ,1,144.0,,294.9,,5.4152
nc73594061,NC,MGPB,,EHZ,1,123.0,,81.5,,10.7815
nc73594061,NC,MINS,,HHZ,1,143.0,,324.9,,5.6999
nc73594061,NC,MMP,,EHZ,-1,176.0,,241.9,,0.5034
nc73594121,CI,MLAC,,HHZ,1,153.0,,313.3,,2.0849
nc73594121,NC,MDR,2.0,EHZ,-1,146.0,,326.8,,2.7398
nc73594121,NC,MCB,,HHZ,-1,112.0,,293.7,,7.5123
nc73594121,NC,MLC,,EHZ,1,108.0,,266.1,,8.5364
nc73594121,NC,MEM,,EHZ,-1,97.0,,297.0,,11.9646
nc73594121,NC,MMLB,,HHZ,1,94.0,,288.3,,14.889
nc73594121,NC,MCO,,EHZ,1,135.0,,272.7,,3.8996
nc73594121,NC,MCV,,EHZ,1,142.0,,196.6,,3.1635
nc73594121,NC,MLH,,EHZ,1,115.0,,2.9,,6.804
nc73594586,NC,MCV,,EHZ,1,109.0,,303.1,,16.9127
nc73594586,NC,MCO,,EHZ,1,104.0,,306.0,,21.1938
nc73594586,NC,MLC,,EHZ,-1,100.0,,298.3,,24.7186
nc73594586,NC,MCD,,EHZ,1,105.0,,77.0,,20.4154
nc73594586,NC,MINS,,HHZ,1,93.0,,295.4,,38.2955
nc73594586,NC,MDPB,,HHZ,1,93.0,,291.1,,38.8626
nc73594621,NC,MCV,,EHZ,1,101.0,,305.2,,40.7085
nc73594621,CI,MLAC,,HHZ,-1,100.0,,309.5,,43.8775
nc73594621,NC,MDR,2.0,EHZ,1,100.0,,310.4,,44.4224
nc73594621,NC,MCO,,EHZ,1,99.0,,306.4,,45.0117
nc73594621,NC,MLC,,EHZ,1,98.0,,302.4,,48.4143
nc73594621,NC,MCB,,HHZ,1,98.0,,307.0,,49.0814
nc73594621,NC,MCS,,EHZ,-1,98.0,,307.5,,50.4158
nc73594621,NC,MINS,,HHZ,1,95.0,,299.7,,61.8355
nc73594621,NC,MDPB,,HHZ,1,95.0,,297.1,,62.158
nc73594621,NC,MDC,2.0,EHZ,-1,94.0,,305.4,,63.7036
nc73594621,NC,MMT,,EHZ,1,94.0,,269.8,,64.4708
nc73594621,NP,1589,10.0,HNZ,-1,136.0,,101.2,,11.1306
nc73594621,NP,1587,10.0,HNZ,1,108.0,,39.9,,29.5334
nc73594621,BK,HELL,0.0,HHZ,1,90.0,,213.2,,92.8144
nc73594621,BK,TOLH,0.0,HHZ,1,88.0,,241.7,,100.0532
nc73594926,NC,MCV,,EHZ,-1,100.0,,3.7,,5.2862
nc73594926,NC,MLC,,EHZ,-1,72.0,,316.9,,10.6091
nc73594926,NC,MDR,2.0,EHZ,1,72.0,,358.6,,10.5991
nc73594926,NC,MMP,,EHZ,-1,70.0,,293.5,,18.8253
nc73594936,NC,MCV,,EHZ,-1,160.0,,193.9,,1.9982
nc73594936,NC,MDR,2.0,EHZ,1,147.0,,342.4,,3.5482
nc73594936,NC,MLC,,EHZ,-1,120.0,,273.7,,8.1061
nc73594941,NC,MLC,,EHZ,1,153.0,,124.4,,2.1438
nc73594941,NC,MMX1,,HN3,-1,152.0,,253.1,,2.2528
nc73594941,NC,MGPB,,EHZ,-1,146.0,,83.2,,2.8855
nc73594941,NC,MMP,,EHZ,1,110.0,,259.8,,8.3752
nc73595626,NC,MCO,,EHZ,1,98.0,,328.7,,28.4214
nc73595626,NC,MGPB,,EHZ,1,97.0,,323.9,,31.0456
nc73595626,NC,MLC,,EHZ,-1,97.0,,320.6,,30.5008
nc73595626,NC,MDPB,,HHZ,-1,92.0,,307.4,,42.5988
nc73595626,NC,MTU,2.0,EHZ,1,114.0,,114.2,,12.8208
nc73595626,NC,MFB,,EHZ,1,101.0,,82.2,,23.8068
nc73595626,NC,MCD,,EHZ,1,99.0,,53.5,,27.6653
nc73595626,NC,MDR,2.0,EHZ,1,98.0,,334.9,,29.1442
nc73595626,NC,MMT,,EHZ,1,92.0,,266.5,,42.9768
nc73596026,NC,MCV,,EHZ,-1,143.0,,320.4,,6.7173
nc73596026,NC,MLC,,EHZ,1,119.0,,302.8,,14.1329
nc73596026,NC,MQ1P,,EHZ,1,107.0,,290.0,,22.617
nc73596026,NC,MINS,,HHZ,-1,103.0,,296.5,,27.6319
nc73596026,NC,MRC,,EHZ,1,103.0,,58.9,,28.1434
nc73596026,NC,MDPB,,HHZ,1,103.0,,290.6,,28.1768
nc73596026,NC,MBS1,,EP1,-1,103.0,,329.2,,28.1546
nc73596026,NC,MDC,2.0,EHZ,-1,102.0,,308.8,,29.5445
nc73596026,NC,MMT,,EHZ,1,97.0,,242.3,,39.9079
nc73596026,BK,MMI,0.0,HHZ,-1,89.0,,261.1,,86.3095
nc73596026,NC,MCO,,EHZ,-1,128.0,,319.1,,11.1028
nc73596026,NC,MCS,,EHZ,-1,116.0,,318.3,,16.5903
nc73596026,NC,MGPB,,EHZ,1,119.0,,310.5,,14.1774
nc73596026,NC,MLH,,EHZ,-1,118.0,,348.6,,15.3004
nc73597211,NC,MMX1,,HN3,1,161.0,,46.9,,2.543
nc73597211,NC,MDPB,,HHZ,1,125.0,,291.5,,9.3459
nc73597211,CI,MLAC,,HHZ,1,112.0,,75.9,,13.1766
nc73597211,NC,MDC,2.0,EHZ,-1,112.0,,336.0,,13.1655
nc73597211,NC,MCV,,EHZ,1,112.0,,95.4,,13.4657
nc73597211,NC,MCO,,EHZ,1,121.0,,79.4,,10.5891
nc73597211,NC,MCS,,EHZ,1,127.0,,48.1,,8.89
nc73597211,NC,MDR,2.0,EHZ,1,112.0,,72.3,,13.4212
nc73597211,NC,MGPB,,EHZ,1,133.0,,68.3,,7.4045
nc73597211,NC,MLC,,EHZ,1,140.0,,78.4,,5.9078
nc73597211,NC,MMP,,EHZ,1,149.0,,282.2,,4.3244
nc73597241,NC,MCV,,EHZ,1,136.0,,327.0,,7.2077
nc73597241,CI,MLAC,,HHZ,-1,121.0,,336.6,,11.442
nc73597241,NC,MCO,,EHZ,-1,120.0,,323.3,,11.5532
nc73597241,NC,MDR,2.0,EHZ,-1,116.0,,338.3,,12.2314
nc73597241,NC,MLC,,EHZ,-1,114.0,,306.4,,14.333
nc73597241,NC,MGPB,,EHZ,1,113.0,,314.0,,14.4998
nc73597241,NC,MLH,,EHZ,-1,112.0,,350.4,,16.0899
nc73597241,NC,MCS,,EHZ,-1,111.0,,321.2,,17.0239
nc73597241,NC,MEM,,EHZ,1,107.0,,316.7,,19.9373
nc73597241,NC,MMP,,EHZ,-1,102.0,,291.0,,23.0841
nc73597241,NC,MDPB,,HHZ,1,99.0,,292.6,,28.1657
nc73597241,NC,MTU,2.0,EHZ,-1,99.0,,136.0,,28.1768
nc73597391,NC,MMX1,,HN3,1,161.0,,301.5,,0.6642
nc73597391,NC,MEM,,EHZ,-1,90.0,,11.7,,5.9
nc73597391,NC,MQ1P,,EHZ,1,90.0,,268.7,,6.0034
nc73597391,NC,MCS,,EHZ,1,90.0,,42.7,,6.1824
nc73597391,NC,MLI,,HHZ,1,91.0,,294.0,,6.2358
nc73597391,NC,MDY,,HHZ,-1,84.0,,313.4,,7.132
nc73597391,NC,MCY,,EHZ,1,83.0,,295.8,,7.4234
nc73597391,NC,MDH1,1.0,DP1,1,83.0,,28.2,,8.2885
nc73597391,NC,MDC,2.0,EHZ,-1,82.0,,323.8,,13.1877
nc73597391,NC,MLH,,EHZ,1,81.0,,59.5,,14.1551
nc73597391,NC,MMT,,EHZ,1,71.0,,217.1,,33.1361
nc73597391,CI,MLAC,,HHZ,1,82.0,,80.1,,10.5101
nc73597391,NC,MCO,,EHZ,1,83.0,,86.0,,7.9994
nc73597391,NC,MDPB,,HHZ,1,81.0,,280.4,,11.3085
nc73597391,NC,MDR,2.0,EHZ,1,82.0,,75.5,,10.7058
nc73597391,NC,MGPB,,EHZ,1,93.0,,73.2,,4.6513
nc73597391,NC,MINS,,HHZ,1,82.0,,295.1,,10.4746
nc73597391,NC,MLC,,EHZ,1,110.0,,93.6,,3.367
nc73597391,NC,MMLB,,HHZ,-1,90.0,,335.7,,5.4964
nc73597391,NC,MMP,,EHZ,1,95.0,,265.9,,6.6728
nc73597541,NC,MLI,,HHZ,-1,163.0,,34.4,,0.8205
nc73597541,NC,MCY,,EHZ,-1,153.0,,338.9,,1.46
nc73597541,NC,MQ1P,,EHZ,1,143.0,,175.3,,1.9915
nc73597541,NC,MDY,,HHZ,1,127.0,,17.7,,3.1902
nc73597541,NC,MMX1,,HN3,-1,105.0,,105.1,,5.7977
nc73597541,NC,MDC,2.0,EHZ,1,95.0,,349.4,,8.9256
nc73597541,NC,MDPB,,HHZ,1,110.0,,272.1,,4.9637
nc73597541,NC,MINS,,HHZ,-1,116.0,,307.7,,4.2054
nc73597541,NC,MMP,,EHZ,1,137.0,,191.8,,2.3773
nc73597956,NC,MCV,,EHZ,1,102.0,,341.6,,8.9957
nc73597956,NC,MDR,2.0,EHZ,-1,91.0,,346.1,,14.2774
nc73597956,NC,MGPB,,EHZ,-1,92.0,,323.4,,15.6451
nc73597956,NP,1576,10.0,HNZ,-1,108.0,,31.8,,7.3733
nc73597956,NC,MLC,,EHZ,1,92.0,,316.5,,15.167
nc73597956,NC,MMX1,,HN3,1,85.0,,308.9,,18.4472
nc73597956,NC,MCS,,EHZ,-1,85.0,,328.7,,18.4361
nc73597956,NC,MLH,,EHZ,1,85.0,,355.0,,18.425
nc73597956,NC,MQ1P,,EHZ,1,83.0,,299.3,,22.706
nc73597956,NC,MDPB,,HHZ,1,78.0,,298.1,,28.2435
nc73597956,NC,MRC,,EHZ,1,76.0,,54.9,,31.1902
nc73597956,NC,MMT,,EHZ,1,73.0,,245.8,,37.1391
nc73597966,NC,MCV,,EHZ,1,122.0,,344.1,,7.9115
nc73597966,CI,MLAC,,HHZ,1,103.0,,347.1,,12.3871
nc73597966,NC,MDR,2.0,EHZ,-1,103.0,,348.0,,13.2211
nc73597966,NC,MGPB,,EHZ,-1,102.0,,323.3,,14.4998
nc73597966,NC,MDPB,,HHZ,-1,90.0,,297.0,,27.2205
nc73597966,NC,MMT,,EHZ,1,86.0,,244.1,,36.9167
nc73597966,NP,1576,10.0,HNZ,1,126.0,,40.5,,7.0264
nc73597966,NC,MCO,,EHZ,1,107.0,,334.6,,11.9868
nc73597966,NC,MLC,,EHZ,1,102.0,,315.9,,14.0328
nc73597966,NC,MMX1,,EP1,-1,99.0,,307.9,,17.3464
nc73598056,NC,MMX1,,HN3,1,160.0,,221.2,,0.7469
nc73598056,NC,MLC,,EHZ,1,104.0,,108.1,,3.6105
nc73598056,NC,MGPB,,EHZ,1,94.0,,84.5,,4.549
nc73598056,NC,MMLB,,HHZ,-1,93.0,,331.9,,4.6513
nc73598056,NC,MEM,,EHZ,-1,90.0,,14.6,,5.0338
nc73598056,NC,MQ1P,,EHZ,1,90.0,,260.0,,6.019
nc73598056,NC,MMP,,EHZ,1,84.0,,258.1,,6.7251
nc73598056,NC,MCY,,EHZ,1,84.0,,289.3,,7.0086
nc73598056,NC,MDH1,,DP1,-1,83.0,,31.9,,7.5412
nc73598056,NC,MCO,,EHZ,1,83.0,,92.5,,8.0616
nc73598056,NC,MINS,,HHZ,1,82.0,,290.5,,10.0565
nc73598056,CI,MLAC,,HHZ,-1,82.0,,85.1,,10.4657
nc73598056,NC,MDR,2.0,EHZ,1,82.0,,80.4,,10.5891
nc73598056,NC,MDPB,,HHZ,1,81.0,,275.9,,11.1095
nc73598211,NC,MMX1,,HN3,-1,161.0,,60.0,,2.215
nc73598211,NC,MMP,,EHZ,1,147.0,,273.9,,4.1776
nc73598211,NC,MGPB,,EHZ,1,130.0,,73.1,,7.2521
nc73598211,NC,MCS,,EHZ,1,124.0,,51.5,,8.5298
nc73598211,NC,MINS,,HHZ,1,123.0,,306.6,,8.7143
nc73598211,NC,MDPB,,HHZ,1,122.0,,288.0,,9.078
nc73598211,NC,MDH1,1.0,DP1,-1,118.0,,38.4,,10.2989
nc73598211,NC,MCO,,EHZ,1,117.0,,82.8,,10.5502
nc73598211,NC,MDC,2.0,EHZ,-1,109.0,,335.0,,12.565
nc73598211,NC,MCV,,EHZ,1,108.0,,98.0,,13.588
nc73598211,NC,MBS1,,EP1,1,104.0,,10.8,,17.3909
nc73598211,NC,MMT,,EHZ,-1,93.0,,214.3,,31.0679
nc73598211,BK,MMI,0.0,HHZ,-1,88.0,,253.0,,70.5421
nc73598211,NC,MDR,2.0,EHZ,1,108.0,,75.0,,13.2989
nc73598211,NC,MLC,,EHZ,1,137.0,,84.6,,5.8733
nc73598216,NC,MMP,,EHZ,-1,146.0,,278.3,,4.2721
nc73598216,NC,MLC,,EHZ,1,136.0,,81.3,,5.8555
nc73598216,NC,MGPB,,EHZ,-1,129.0,,70.4,,7.2999
nc73598216,NC,MDPB,,HHZ,1,121.0,,289.8,,9.2414
nc73598216,NC,MCO,,EHZ,1,116.0,,80.9,,10.5391
nc73598216,NC,MDC,2.0,EHZ,1,108.0,,335.4,,12.8875
nc73598416,NC,MDPB,,HHZ,1,107.0,,301.6,,7.5057
nc73598416,NC,MINS,,HHZ,1,105.0,,323.0,,7.9071
nc73598416,NC,MGPB,,EHZ,-1,99.0,,70.5,,9.7307
nc73598416,NC,MMP,,EHZ,1,145.0,,306.3,,2.3918
nc73598416,NC,MRD,2.0,EHZ,1,123.0,,271.1,,4.5823
nc73598416,NC,MMX1,,HN3,-1,122.0,,61.6,,4.7191
nc73598521,NC,MMP,,EHZ,1,143.0,,313.3,,2.8711
nc73598521,NC,MMX1,,HN3,-1,125.0,,55.0,,4.8726
nc73598521,NC,MCY,,EHZ,1,117.0,,339.4,,6.0412
nc73598521,NC,MDPB,,HHZ,-1,109.0,,304.4,,7.9427
nc73598521,NC,MLC,,EHZ,1,107.0,,74.2,,8.2318
nc73598521,NC,MINS,,HHZ,1,107.0,,324.4,,8.4497
nc73598521,NC,MGPB,,EHZ,-1,102.0,,67.1,,9.7785
nc73598521,NC,MCO,,EHZ,1,91.0,,76.5,,12.8986
nc73598521,NC,MDC,2.0,EHZ,1,92.0,,346.1,,13.4657
nc73598561,NC,MMX1,,HN3,1,161.0,,2.7,,1.3833
nc73598561,NC,MLC,,EHZ,1,131.0,,78.2,,4.0775
nc73598561,NC,MGPB,,EHZ,1,120.0,,64.8,,5.6153
nc73598561,NC,MMP,,EHZ,1,117.0,,275.4,,6.049
nc73598561,NC,MCO,,EHZ,1,106.0,,79.5,,8.7588
nc73598561,NC,MDPB,,HHZ,1,99.0,,286.4,,10.9327
nc73598711,NC,MMX1,,HN3,-1,157.0,,49.7,,2.6865
nc73598711,NC,MLC,,EHZ,1,135.0,,78.8,,6.0946
nc73598711,NC,MDPB,,HHZ,1,121.0,,292.0,,9.168
nc73598711,NC,MCO,,EHZ,1,116.0,,79.5,,10.777
nc73598711,NC,MDC,2.0,EHZ,-1,108.0,,336.7,,13.0876
nc73598711,NC,MDR,2.0,EHZ,1,108.0,,72.6,,13.6103
nc73598711,NC,MCV,,EHZ,1,107.0,,95.3,,13.6547
nc73598716,NC,MMX1,,HN3,1,165.0,,48.7,,2.1005
nc73598716,NC,MQ1P,,EHZ,-1,153.0,,283.2,,3.9574
nc73598716,NC,MMP,,EHZ,1,149.0,,277.1,,4.5412
nc73598716,NC,MLC,,EHZ,1,143.0,,81.4,,5.5709
nc73598716,NC,MGPB,,EHZ,1,136.0,,70.1,,7.0175
nc73598716,NC,MINS,,HHZ,1,128.0,,306.7,,9.1513
nc73598716,NC,MDPB,,HHZ,1,126.0,,288.9,,9.4872
nc73598716,NC,MCO,,EHZ,1,124.0,,81.0,,10.2533
nc73598716,CI,MLAC,,HHZ,-1,115.0,,77.1,,12.8208
nc73598716,NC,MDC,2.0,EHZ,-1,115.0,,334.2,,12.9653
nc73598716,NC,MDR,2.0,EHZ,1,114.0,,73.4,,13.0543
nc73598716,NC,MCV,,EHZ,1,114.0,,97.0,,13.2211
nc73598846,NP,1576,10.0,HNZ,1,155.0,,38.2,,3.8785
nc73598846,NC,MCV,,EHZ,-1,140.0,,320.9,,6.8596
nc73598846,NC,MLC,,EHZ,1,117.0,,303.2,,14.2552
nc73598846,NC,MMX1,,HN3,1,112.0,,297.8,,17.9246
nc73598846,NC,MDH,,HNZ,-1,111.0,,323.5,,19.0477
nc73598846,NC,MDH1,1.0,DP1,1,111.0,,323.5,,19.0477
nc73598846,NC,MEM,,EHZ,-1,110.0,,314.4,,19.7037
nc73598846,NC,MDY,,HHZ,-1,104.0,,302.3,,24.2071
nc73598846,NC,MCY,,EHZ,-1,104.0,,297.1,,24.6853
nc73598846,NC,MINS,,HHZ,-1,101.0,,296.7,,27.732
nc73598846,NC,MDPB,,HHZ,-1,101.0,,290.9,,28.2658
nc73598846,NC,MBS1,,EP1,1,101.0,,329.3,,28.2991
nc73598846,NC,MDC,2.0,EHZ,-1,100.0,,309.0,,29.6668
nc73598846,NC,MFB,,EHZ,-1,98.0,,111.9,,33.4808
nc73598846,BK,LEGD,0.0,HHZ,1,85.0,,253.6,,126.651
nc73598846,BK,MMI,0.0,HHZ,1,89.0,,261.2,,86.3317
nc73598846,BK,TOLH,0.0,HHZ,1,88.0,,221.8,,88.1553
nc73598846,CI,MLAC,,HHZ,-1,125.0,,333.2,,10.9538
nc73598846,NC,MCD,,EHZ,1,100.0,,88.6,,29.7558
nc73598846,NC,MCO,,EHZ,-1,124.0,,319.5,,11.2418
nc73598846,NC,MCS,,EHZ,-1,114.0,,318.6,,16.7348
nc73598846,NC,MDR,2.0,EHZ,-1,123.0,,335.2,,11.7199
nc73598846,NC,MGPB,,EHZ,-1,117.0,,310.8,,14.2997
nc73598846,NC,MHD,,EHZ,1,86.0,,244.7,,109.5048
nc73598846,NC,MLH,,EHZ,-1,115.0,,348.5,,15.4561
nc73598846,NC,MMI,,EHZ,1,89.0,,261.2,,86.3317
nc73598846,NC,MMLB,,HHZ,-1,106.0,,306.6,,21.8498
nc73598846,NC,MMP,,EHZ,1,105.0,,289.0,,23.2175
nc73598846,NC,MMT,,EHZ,1,96.0,,242.5,,39.8745
nc73598846,NC,MPR,,EHZ,1,86.0,,285.4,,112.7517
nc73598846,NC,MRC,,EHZ,1,101.0,,58.6,,28.1768
nc73598846,NC,MTU,2.0,EHZ,-1,101.0,,137.6,,28.4214
nc73598851,NC,MCV,,EHZ,-1,142.0,,329.8,,5.5564
nc73598851,NC,MLC,,EHZ,-1,113.0,,305.0,,12.6873
nc73598851,NC,MMX1,,HN3,1,109.0,,298.7,,16.3345
nc73598851,NC,MDH,,HNZ,-1,108.0,,326.4,,17.7356
nc73598851,NC,MDH1,1.0,DP1,1,108.0,,326.4,,17.7356
nc73598851,NC,MEM,,EHZ,-1,107.0,,316.6,,18.2582
nc73598851,NC,MDPB,,HHZ,1,99.0,,291.0,,26.6534
nc73598851,NC,MBS1,,EP1,1,98.0,,331.5,,27.0982
nc73598851,NC,MCO,,EHZ,-1,123.0,,324.2,,9.8875
nc73598851,NC,MCS,,EHZ,-1,110.0,,321.5,,15.3449
nc73598851,NC,MDR,2.0,EHZ,-1,121.0,,341.5,,10.6725
nc73598851,NC,MGPB,,EHZ,-1,113.0,,313.5,,12.8208
nc73598851,NC,MHD,,EHZ,1,86.0,,244.1,,108.3483
nc73598851,NC,MLH,,EHZ,-1,111.0,,354.0,,14.7
nc73598851,NC,MRC,,EHZ,1,97.0,,61.0,,29.2443
nc73599176,NC,MDH1,1.0,DP1,-1,172.0,,96.1,,0.6073
nc73599176,NC,MCS,,EHZ,1,146.0,,162.9,,2.9578
nc73599176,NC,MLC,,EHZ,-1,115.0,,179.7,,7.5735
nc73599176,NC,MCO,,EHZ,-1,112.0,,145.8,,8.2473
nc73599176,NC,MDR,2.0,EHZ,-1,111.0,,123.8,,8.4675
nc73599241,NC,MCV,,EHZ,1,146.0,,61.3,,3.1401
nc73599241,NC,MCO,,EHZ,-1,133.0,,357.2,,4.7224
nc73599241,NC,MLC,,EHZ,1,123.0,,309.3,,6.2592
nc73599241,CI,MLAC,,HHZ,1,123.0,,19.7,,6.3337
nc73599241,NC,MDR,2.0,EHZ,1,118.0,,17.5,,7.1554
nc73599241,NC,MCS,,EHZ,1,109.0,,335.4,,9.5794
nc73599241,NC,MMX1,,HN3,1,108.0,,297.3,,9.8708
nc73599241,NC,MQ1P,,EHZ,1,97.0,,285.9,,14.7778
nc73599241,NC,MMP,,EHZ,1,97.0,,284.0,,15.3227
nc73599241,NC,MINS,,HHZ,1,95.0,,296.0,,19.6815
nc73599241,NC,MDPB,,HHZ,1,85.0,,287.9,,20.3042
nc73599241,NC,MMT,,EHZ,1,77.0,,231.7,,35.9604
nc73599311,NP,1576,10.0,HNZ,1,114.0,,23.7,,8.0538
nc73599311,NC,MMX1,,HN3,-1,84.0,,310.2,,19.6593
nc73599311,NC,MDH,,HNZ,1,86.0,,331.9,,22.2501
nc73599311,NC,MDH1,1.0,DP1,-1,86.0,,331.9,,22.2501
nc73599311,NC,MQ1P,,EHZ,-1,84.0,,300.9,,23.8291
nc73599311,NC,MMP,,EHZ,-1,84.0,,299.4,,24.2183
nc73599311,NC,MLI,,HHZ,-1,83.0,,306.5,,25.0411
nc73599311,NC,MTU,2.0,EHZ,-1,82.0,,129.8,,26.0419
nc73599311,NC,MCY,,EHZ,-1,82.0,,306.4,,26.242
nc73599311,NC,MINS,,HHZ,-1,80.0,,305.1,,29.2331
nc73599311,NC,MBS1,,EP1,-1,79.0,,334.6,,31.7239
nc73599311,NC,MDC,2.0,EHZ,-1,79.0,,316.0,,31.9685
nc73599311,NC,MMT,,EHZ,1,76.0,,247.8,,37.2948
nc73599311,BK,TOLH,0.0,HHZ,1,76.0,,223.4,,84.4081
nc73599311,BK,MMI,0.0,HHZ,1,76.0,,264.0,,84.9418
nc73599311,CI,MLAC,,HHZ,-1,96.0,,343.8,,14.6888
nc73599311,NC,MCO,,EHZ,-1,96.0,,333.3,,14.3997
nc73599311,NC,MCS,,EHZ,-1,85.0,,328.8,,19.726
nc73599311,NC,MCV,,EHZ,-1,106.0,,340.1,,10.2577
nc73599311,NC,MDPB,,HHZ,-1,80.0,,299.4,,29.3443
nc73599311,NC,MDR,2.0,EHZ,-1,96.0,,344.8,,15.5117
nc73599311,NC,MDY,,HHZ,-1,82.0,,311.3,,26.1197
nc73599311,NC,MGPB,,EHZ,-1,96.0,,323.9,,16.9239
nc73599311,NC,MLC,,EHZ,-1,96.0,,317.6,,16.4235
nc73599311,NC,MLH,,EHZ,-1,84.0,,353.4,,19.5925
nc73599311,NC,MMLB,,HHZ,-1,84.0,,316.1,,24.0848
nc73599311,NC,MRC,,EHZ,1,79.0,,52.6,,31.3236
nc73599326,NC,MCV,,EHZ,1,139.0,,60.2,,3.5493
nc73599326,NC,MCO,,EHZ,-1,127.0,,1.1,,4.9771
nc73599326,NC,MLC,,EHZ,-1,120.0,,313.1,,6.1847
nc73599326,NC,MGPB,,EHZ,-1,116.0,,329.3,,6.7084
nc73599326,NC,MDR,2.0,EHZ,-1,113.0,,19.2,,7.5045
nc73599326,NC,MMX1,,HN3,1,105.0,,299.5,,9.7084
nc73599326,NC,MQ1P,,EHZ,1,94.0,,287.3,,14.5443
nc73599326,NC,MMP,,EHZ,-1,94.0,,285.3,,15.078
nc73599331,NC,MCY,,EHZ,-1,174.0,,279.5,,0.1764
nc73599331,NC,MDY,,HHZ,-1,141.0,,37.7,,2.1605
nc73599331,NC,MINS,,HHZ,1,127.0,,292.6,,3.2247
nc73599331,NC,MQ1P,,EHZ,1,126.0,,171.2,,3.357
nc73599331,NC,MMP,,EHZ,1,121.0,,182.1,,3.6616
nc73599331,NC,MDPB,,HHZ,1,113.0,,255.9,,4.7491
nc73599331,NC,MDC,2.0,EHZ,1,99.0,,350.2,,7.5524
nc73599611,NC,MCV,,EHZ,-1,157.0,,289.8,,2.8088
nc73599611,NC,MCO,,EHZ,1,132.0,,306.6,,7.0042
nc73599611,NC,MDR,2.0,EHZ,-1,132.0,,332.8,,7.0553
nc73599611,NC,MLC,,EHZ,1,117.0,,288.4,,10.8037
nc73599611,NC,MDPB,,HHZ,1,97.0,,283.0,,25.3747
nc73599646,NC,MTU,2.0,EHZ,-1,157.0,,153.2,,4.0886
nc73599646,NC,MFB,,EHZ,1,121.0,,70.6,,14.5665
nc73599646,NC,MCD,,EHZ,1,111.0,,34.6,,21.8832
nc73599646,NC,MCV,,EHZ,-1,102.0,,316.5,,31.3458
nc73599646,CI,MLAC,,HHZ,1,100.0,,320.8,,35.082
nc73599646,NC,MCO,,EHZ,-1,100.0,,316.6,,35.7269
nc73599646,NC,MDR,2.0,EHZ,-1,100.0,,321.7,,35.738
nc73599646,NC,MLH,,EHZ,-1,99.0,,328.0,,38.3511
nc73599646,NC,MGPB,,EHZ,1,99.0,,313.6,,38.7848
nc73599646,NC,MQ1P,,EHZ,-1,96.0,,303.3,,46.1348
nc73599646,NC,MMP,,EHZ,-1,96.0,,302.5,,46.5017
nc73599646,NC,MBS1,,EP1,1,94.0,,322.8,,52.4062
nc73599646,NC,MMT,,EHZ,1,94.0,,269.0,,52.7509
nc73599691,NC,MTU,2.0,EHZ,1,131.0,,152.3,,7.8404
nc73599691,NC,MCD,,EHZ,-1,104.0,,44.0,,20.471
nc73599691,NC,MDR,2.0,EHZ,-1,95.0,,320.5,,32.0464
nc73599691,NC,MCO,,EHZ,-1,95.0,,314.8,,32.1131
nc73599691,NC,MLH,,EHZ,-1,94.0,,327.7,,34.6039
nc73599691,NC,MLC,,EHZ,1,94.0,,308.6,,35.082
nc73599691,NC,MQ1P,,EHZ,-1,92.0,,300.9,,42.8545
nc73599691,NC,MDPB,,HHZ,1,91.0,,300.0,,48.3809
nc73599691,NC,MBS1,,EP1,-1,91.0,,322.1,,48.7034
nc73599691,NC,MMT,,EHZ,1,91.0,,265.2,,51.1163
nc73599696,NP,1589,10.0,HNZ,1,111.0,,101.1,,23.5622
nc73599696,NC,MCV,,EHZ,-1,106.0,,314.9,,29.7669
nc73599696,NC,MRC,,EHZ,-1,105.0,,13.5,,31.0901
nc73599696,BK,OVRO,0.0,HHZ,-1,104.0,,124.9,,33.1472
nc73599696,NC,MLC,,EHZ,-1,101.0,,309.3,,37.0835
nc73599696,NP,1587,10.0,HNZ,-1,101.0,,56.8,,37.1725
nc73599696,NC,MMX1,,HN3,-1,100.0,,306.4,,40.5417
nc73599696,NC,MDH,,HNZ,1,99.0,,317.8,,41.8315
nc73599696,NC,MDH1,1.0,DP1,-1,99.0,,317.8,,41.8315
nc73599696,NC,MQ1P,,EHZ,1,98.0,,301.8,,44.8004
nc73599696,CI,TIN,,HHZ,-1,96.0,,140.4,,50.0377
nc73599696,NC,MBS1,,EP1,-1,96.0,,322.1,,50.7494
nc73599696,NC,MDC,2.0,EHZ,1,96.0,,310.8,,52.6063
nc73599696,BK,HELL,0.0,HHZ,-1,90.0,,205.7,,88.8559
nc73599696,NN,LHV,,HHZ,-1,89.0,,4.5,,94.6269
nc73599696,BK,KARE,0.0,HHZ,1,87.0,,222.5,,120.7577
nc73599696,BK,MERC,0.0,HHZ,-1,84.0,,270.1,,165.5692
nc73599696,CI,WOR,,HHZ,1,81.0,,170.6,,191.8112
nc73599696,NC,BMS,,EHZ,1,49.0,,247.9,,212.4935
nc73599696,BK,LIND,0.0,HHZ,-1,86.0,,199.8,,123.5376
nc73599696,BK,MMI,0.0,HHZ,1,88.0,,271.5,,102.2104
nc73599696,BK,TOLH,0.0,HHZ,1,90.0,,236.6,,90.7795
nc73599696,BK,WINE,0.0,HHZ,1,85.0,,235.6,,142.6631
nc73599696,CI,MLAC,,HHZ,-1,103.0,,319.6,,33.4474
nc73599696,CI,SPG2,,HHZ,-1,86.0,,186.8,,134.2123
nc73599696,NC,MCD,,EHZ,1,115.0,,38.3,,20.7935
nc73599696,NC,MCO,,EHZ,-1,103.0,,315.2,,34.1591
nc73599696,NC,MCS,,EHZ,-1,100.0,,315.4,,39.641
nc73599696,NC,MDPB,,HHZ,1,96.0,,300.9,,50.3046
nc73599696,NC,MDR,2.0,EHZ,-1,103.0,,320.5,,34.1035
nc73599696,NC,MFB,,EHZ,1,124.0,,77.7,,14.5665
nc73599696,NC,MGPB,,EHZ,-1,101.0,,312.2,,37.2614
nc73599696,NC,MLH,,EHZ,-1,101.0,,327.3,,36.6387
nc73599696,NC,MMLB,,HHZ,-1,98.0,,310.0,,44.7448
nc73599696,NC,MMT,,EHZ,1,96.0,,267.1,,52.3283
nc73599696,NC,MTU,2.0,EHZ,-1,152.0,,156.5,,5.8533
nc73599771,NC,MCS,,EHZ,1,158.0,,299.6,,1.8859
nc73599771,NC,MGPB,,EHZ,-1,151.0,,211.4,,2.6576
nc73599771,NC,MDH,,HNZ,1,137.0,,332.7,,4.1565
nc73599771,NC,MDH1,1.0,DP1,1,137.0,,332.7,,4.1565
nc73599771,NC,MLC,,EHZ,1,134.0,,212.9,,4.5534
nc73599771,NC,MDR,2.0,EHZ,-1,134.0,,101.9,,4.6257
nc73599771,CI,MLAC,,HHZ,-1,132.0,,111.9,,4.8614
nc73599771,NC,MCV,,EHZ,-1,114.0,,140.8,,8.0983
nc73599771,NC,MQ1P,,EHZ,1,98.0,,252.4,,12.4205
nc73599771,NC,MMP,,EHZ,1,97.0,,251.9,,13.1432
nc73599771,NC,MINS,,HHZ,-1,97.0,,273.1,,15.356
nc73599771,NC,MDPB,,HHZ,-1,96.0,,264.7,,17.0351
nc73599771,NC,MMT,,EHZ,1,77.0,,220.7,,39.6188
nc73599771,NC,MCO,,EHZ,-1,140.0,,145.1,,3.7273
nc73599771,NC,MMLB,,HHZ,-1,113.0,,279.8,,8.2306
nc73599931,NC,MMX1,,HN3,-1,145.0,,44.0,,2.4407
nc73599931,NC,MMP,,EHZ,-1,125.0,,282.0,,4.4867
nc73599931,NC,MLC,,EHZ,1,116.0,,77.9,,5.7521
nc73599931,NC,MGPB,,EHZ,-1,108.0,,67.7,,7.261
nc73599931,NC,MDPB,,HHZ,1,101.0,,291.3,,9.5027
nc73599931,NC,MBS1,,EP1,1,85.0,,9.7,,17.9802
nc73600051,NC,MMX1,,HN3,-1,148.0,,44.5,,2.4607
nc73600051,NC,MLC,,EHZ,1,119.0,,78.0,,5.781
nc73600051,NC,MMLB,,HHZ,1,115.0,,0.2,,6.4115
nc73600051,NC,MEM,,EHZ,1,109.0,,25.8,,7.9871
nc73600051,NC,MINS,,HHZ,-1,104.0,,309.1,,9.2614
nc73600051,NC,MCV,,EHZ,1,92.0,,95.4,,13.3323
nc73600051,NC,MLH,,EHZ,1,94.0,,59.3,,16.8572
nc73600051,NC,MMT,,EHZ,1,77.0,,215.3,,30.6453
nc73600051,BK,MMI,0.0,HHZ,-1,73.0,,253.6,,70.5421
nc73600051,NC,MMI,,EHZ,1,73.0,,253.6,,70.5421
nc73600051,NC,MPR,,EHZ,-1,72.0,,284.2,,94.0042
nc73600051,NC,MHD,,EHZ,1,72.0,,236.6,,97.3178
nc73600051,NC,MCO,,EHZ,1,101.0,,79.1,,10.4623
nc73600051,NC,MCS,,EHZ,1,106.0,,47.4,,8.8044
nc73600051,NC,MDPB,,HHZ,1,104.0,,291.4,,9.476
nc73600051,NC,MDR,2.0,EHZ,1,92.0,,72.1,,13.2989
nc73600051,NC,MDY,,HHZ,1,113.0,,335.4,,6.9297
nc73600051,NC,MGPB,,EHZ,1,111.0,,67.7,,7.2877
nc73600051,NC,MMP,,EHZ,-1,128.0,,282.1,,4.4578
nc73600281,NC,MMT,,EHZ,1,121.0,,253.1,,13.121
nc73600281,NC,MLC,,EHZ,-1,106.0,,25.7,,24.8854
nc73600281,NC,MDPB,,HHZ,1,106.0,,351.6,,24.9077
nc73600281,NC,MGPB,,EHZ,1,105.0,,26.3,,26.7535
nc73600281,NC,MINS,,HHZ,-1,105.0,,355.7,,27.0982
nc73600281,NC,MCO,,EHZ,-1,104.0,,33.6,,27.8432
nc73600281,NC,MDC,2.0,EHZ,1,100.0,,359.4,,33.2362
nc73600281,NC,MBS1,,EP1,-1,97.0,,11.9,,39.7855
nc73600281,BK,MMI,0.0,HHZ,1,92.0,,271.2,,62.5138
nc73600321,NC,MCV,,EHZ,1,108.0,,347.7,,16.935
nc73600321,NC,MCO,,EHZ,1,103.0,,341.6,,20.8379
nc73600321,CI,MLAC,,HHZ,1,102.0,,348.6,,21.4273
nc73600321,NC,MLC,,EHZ,-1,101.0,,329.5,,22.0722
nc73600321,NC,MDR,2.0,EHZ,-1,101.0,,349.1,,22.2723
nc73600321,NC,MGPB,,EHZ,-1,100.0,,333.8,,22.9173
nc73600321,NC,MQ1P,,EHZ,1,97.0,,312.9,,28.0878
nc73600321,NC,MMP,,EHZ,-1,97.0,,311.5,,28.3436
nc73600321,NC,MDY,,HHZ,1,95.0,,320.8,,31.1902
nc73600321,NC,MDPB,,HHZ,1,95.0,,309.7,,33.3807
nc73600321,NC,MINS,,HHZ,1,94.0,,314.6,,33.7588
nc73600321,NC,MMT,,EHZ,1,94.0,,258.3,,35.4156
nc73600321,NC,MDC,2.0,EHZ,1,93.0,,323.3,,37.317
nc73600321,BK,MMI,0.0,HHZ,1,87.0,,268.7,,84.6416
nc73601206,NC,MMX1,,HN3,-1,153.0,,58.0,,1.9492
nc73601206,NC,MMP,,EHZ,1,127.0,,272.7,,4.4378
nc73601206,NC,MLC,,EHZ,1,118.0,,85.1,,5.6031
nc73601206,NC,MGPB,,EHZ,-1,111.0,,73.0,,6.9775
nc73601206,NC,MDPB,,HHZ,1,103.0,,287.0,,9.3081
nc73601206,NC,MDC,2.0,EHZ,1,90.0,,333.8,,12.6095
nc73601431,NC,MMX1,,HN3,-1,106.0,,323.3,,10.8048
nc73601431,NP,1576,10.0,HNZ,1,98.0,,74.0,,12.287
nc73601431,NC,MEM,,EHZ,-1,97.0,,341.6,,14.8445
nc73601431,NC,MMLB,,HHZ,1,97.0,,328.6,,15.6229
nc73601431,NC,MDH,,HNZ,-1,97.0,,352.8,,15.7341
nc73601431,NC,MDH1,1.0,DP1,1,97.0,,352.8,,15.7341
nc73601431,NC,MLI,,HHZ,1,97.0,,313.2,,15.8786
nc73601431,NC,MCY,,EHZ,1,96.0,,312.6,,17.0684
nc73601431,NC,MDPB,,HHZ,-1,95.0,,301.4,,19.9261
nc73601431,NC,MDC,2.0,EHZ,1,85.0,,324.2,,23.3732
nc73601431,NC,MBS1,,EP1,1,83.0,,348.3,,25.1523
nc73601431,NC,MMT,,EHZ,1,79.0,,235.1,,31.635
nc73601431,NC,MCD,,EHZ,1,77.0,,88.4,,39.1851
nc73601431,BK,MMI,0.0,HHZ,1,77.0,,260.3,,76.9914
nc73601431,CI,MLAC,,HHZ,-1,105.0,,23.7,,11.0428
nc73601431,NC,MCO,,EHZ,-1,111.0,,13.2,,9.1013
nc73601431,NC,MCS,,EHZ,-1,98.0,,352.5,,12.9542
nc73601431,NC,MCV,,EHZ,-1,117.0,,41.8,,7.5891
nc73601431,NC,MDR,2.0,EHZ,-1,102.0,,22.1,,11.8423
nc73601431,NC,MDY,,HHZ,1,96.0,,320.1,,17.2463
nc73601431,NC,MGPB,,EHZ,-1,109.0,,351.5,,9.7551
nc73601431,NC,MLC,,EHZ,1,113.0,,342.6,,8.4864
nc73601431,NC,MLH,,EHZ,-1,96.0,,22.1,,16.7126
nc73601431,NC,MMP,,EHZ,1,97.0,,302.1,,14.8
nc73601431,NC,MRC,,EHZ,1,77.0,,65.8,,36.6832
nc73601436,NC,MLC,,EHZ,1,122.0,,336.2,,7.5824
nc73601436,NC,MMX1,,HN3,1,112.0,,317.1,,10.2499
nc73601436,NC,MCS,,EHZ,-1,107.0,,349.2,,11.8867
nc73601436,NC,MMP,,EHZ,1,101.0,,297.1,,14.6888
nc73601436,NC,MDH,,HNZ,-1,101.0,,350.2,,14.6555
nc73601436,NC,MDH1,1.0,DP1,-1,101.0,,350.2,,14.6555
nc73601436,NC,MRD,2.0,EHZ,-1,99.0,,288.9,,16.6236
nc73601436,NC,MCY,,EHZ,1,99.0,,308.4,,16.7237
nc73601436,NC,MDC,2.0,EHZ,-1,90.0,,321.4,,22.7727
nc73601436,NC,MBS1,,EP1,1,90.0,,346.5,,24.1293
nc73601436,NC,MMT,,EHZ,1,84.0,,233.9,,32.7358
nc73601436,BK,MMI,0.0,HHZ,1,82.0,,259.5,,77.7141
nc73601436,CI,MLAC,,HHZ,-1,113.0,,23.6,,9.7629
nc73601436,NC,MCO,,EHZ,-1,121.0,,11.3,,7.8492
nc73601436,NC,MCV,,EHZ,-1,128.0,,45.2,,6.3781
nc73601436,NC,MDPB,,HHZ,1,96.0,,297.7,,19.8149
nc73601436,NC,MDR,2.0,EHZ,-1,111.0,,21.8,,10.5635
nc73601436,NC,MGPB,,EHZ,-1,117.0,,346.9,,8.7099
nc73601436,NC,MLH,,EHZ,-1,100.0,,21.9,,15.4339
nc73601436,NC,MLI,,HHZ,1,100.0,,308.7,,15.5117
nc73601436,NC,MMLB,,HHZ,-1,100.0,,324.5,,14.9446
nc73601716,NC,MQ1P,,EHZ,1,132.0,,2.6,,4.3088
nc73601716,NC,MLI,,HHZ,1,115.0,,4.0,,6.9842
nc73601716,NC,MCY,,EHZ,1,112.0,,356.3,,7.6669
nc73601716,NC,MDPB,,HHZ,1,110.0,,322.8,,8.1339
nc73601716,NC,MDY,,HHZ,1,106.0,,6.1,,9.3826
nc73601716,NC,MINS,,HHZ,1,106.0,,339.6,,9.4516
nc73601716,NC,MGPB,,EHZ,-1,94.0,,61.4,,12.1202
nc73601716,NC,MDC,2.0,EHZ,1,94.0,,353.9,,15.1447
nc73601716,NC,MMP,,EHZ,1,134.0,,353.4,,3.9897
nc73601861,NC,MMP,,EHZ,1,151.0,,303.9,,2.2361
nc73601861,NC,MDPB,,HHZ,1,113.0,,300.8,,7.3567
nc73601861,NC,MLC,,EHZ,1,109.0,,79.4,,8.2974
nc73601861,NC,MDC,2.0,EHZ,-1,94.0,,346.3,,12.7096
nc73601861,NC,MMX1,,HN3,1,129.0,,63.9,,4.7091
nc73601966,NC,MCD,,EHZ,1,126.0,,46.5,,9.7173
nc73601966,NC,MFB,,EHZ,1,123.0,,128.0,,10.5935
nc73601966,NC,MTU,2.0,EHZ,-1,112.0,,193.2,,15.3783
nc73601966,NC,MDR,2.0,EHZ,-1,97.0,,301.3,,32.2465
nc73601966,NC,MLC,,EHZ,1,94.0,,291.9,,37.2837
nc73601966,NC,MRC,,EHZ,-1,106.0,,4.0,,20.6711
nc73601966,NC,MDPB,,HHZ,-1,91.0,,288.3,,51.6723
nc73601966,NC,MDC,2.0,EHZ,-1,91.0,,298.5,,51.9836
nc73601966,NN,LHV,,HHZ,1,88.0,,1.1,,84.7528
nc73602156,NC,MCV,,EHZ,1,121.0,,15.3,,6.0668
nc73602156,NC,MCO,,EHZ,-1,107.0,,351.4,,9.1691
nc73602156,NC,MLC,,EHZ,1,104.0,,324.3,,10.2433
nc73602156,NC,MGPB,,EHZ,-1,102.0,,333.6,,11.0061
nc73602156,NC,MDR,2.0,EHZ,-1,101.0,,5.2,,11.2196
nc73602566,NC,MDPB,,HHZ,-1,120.0,,84.9,,6.8085
nc73602566,NC,MINS,,HHZ,-1,112.0,,70.3,,8.9223
nc73602566,NC,MMP,,EHZ,-1,104.0,,99.6,,11.4086
nc73602566,NC,MDY,,HHZ,-1,98.0,,74.7,,13.1766
nc73602566,NC,MDC,2.0,EHZ,-1,98.0,,47.5,,13.6547
nc73602566,NC,MMT,,EHZ,1,81.0,,184.2,,27.9099
nc73602746,NC,MDY,,HHZ,-1,150.0,,275.6,,2.1272
nc73602746,NC,MLI,,HHZ,1,137.0,,230.5,,3.3959
nc73602746,NC,MQ1P,,EHZ,1,119.0,,211.2,,5.6354
nc73602746,NC,MINS,,HHZ,1,114.0,,267.6,,6.4271
nc73602746,NC,MDPB,,HHZ,1,106.0,,251.7,,8.4742
nc73602871,NC,MLC,,EHZ,-1,164.0,,198.9,,1.8447
nc73602871,NC,MCS,,EHZ,-1,155.0,,4.6,,3.0112
nc73602871,NC,MCO,,EHZ,-1,147.0,,103.8,,4.1398
nc73602871,NC,MMX1,,HN3,-1,143.0,,255.2,,4.6791
nc73602871,NC,MEM,,EHZ,-1,140.0,,327.1,,5.0605
nc73602871,NC,MDH,,HNZ,1,136.0,,359.7,,5.7632
nc73602871,NC,MDH1,1.0,DP1,1,136.0,,359.7,,5.7632
nc73602871,CI,MLAC,,HHZ,1,133.0,,87.6,,6.4015
nc73602871,NC,MDR,2.0,EHZ,1,132.0,,80.0,,6.5094
nc73602871,NC,MCV,,EHZ,1,125.0,,121.0,,8.1706
nc73602871,NC,MMP,,EHZ,1,115.0,,259.3,,10.8026
nc73602871,NC,MINS,,HHZ,-1,107.0,,282.2,,13.7548
nc73602871,NC,MDC,2.0,EHZ,1,106.0,,307.8,,14.8668
nc73602871,NC,MDPB,,HHZ,1,106.0,,271.9,,15.0892
nc73602871,NC,MDY,,HHZ,1,118.0,,290.2,,9.744
nc73602871,NC,MLH,,EHZ,1,118.0,,55.6,,9.992
nc73602911,NC,MCV,,EHZ,-1,148.0,,306.8,,4.4011
nc73602911,NC,MGPB,,EHZ,1,112.0,,303.6,,12.0313
nc73602911,NC,MLC,,EHZ,1,112.0,,294.6,,12.2426
nc73602911,NC,MCS,,EHZ,-1,110.0,,313.8,,14.233
nc73602911,NC,MMX1,,HN3,1,108.0,,290.6,,16.0899
nc73602911,NC,MDH,,HNZ,-1,108.0,,320.2,,16.4346
nc73602911,NC,MDH1,1.0,DP1,1,108.0,,320.2,,16.4346
nc73602911,NC,MMP,,EHZ,1,101.0,,282.9,,21.6941
nc73602911,NC,MDY,,HHZ,-1,100.0,,297.5,,22.1611
nc73602911,NC,MBS1,,EP1,1,98.0,,327.8,,25.5971
nc73602911,NC,MDC,2.0,EHZ,-1,97.0,,305.7,,27.3984
nc73602911,NC,MRC,,EHZ,1,97.0,,64.2,,27.6097
nc73602911,NC,MCD,,EHZ,1,95.0,,93.7,,30.6231
nc73602911,NC,MTU,2.0,EHZ,-1,95.0,,139.9,,30.9789
nc73602911,NC,MMT,,EHZ,1,92.0,,238.6,,40.4861
nc73602911,BK,MMI,0.0,HHZ,1,87.0,,259.3,,85.987
nc73602911,NC,MHD,,EHZ,1,85.0,,243.3,,109.9495
nc73602911,NC,MPR,,EHZ,1,85.0,,284.2,,111.1949
nc73602911,CI,MLAC,,HHZ,-1,128.0,,329.8,,8.2095
nc73602911,NC,MCO,,EHZ,-1,126.0,,312.0,,8.7544
nc73602911,NC,MDPB,,HHZ,1,98.0,,286.1,,26.6534
nc73602911,NC,MDR,2.0,EHZ,-1,125.0,,332.7,,8.9568
nc73602911,NC,MLH,,EHZ,-1,111.0,,349.7,,12.6651
nc73603156,NC,MCO,,EHZ,-1,77.0,,320.7,,31.7684
nc73603156,NC,MDR,2.0,EHZ,1,76.0,,326.4,,32.0353
nc73603156,NC,MLC,,EHZ,-1,75.0,,314.0,,34.3592
nc73603156,NC,MGPB,,EHZ,1,75.0,,317.1,,34.6928
nc73603156,NC,MDPB,,HHZ,1,73.0,,303.7,,47.1355
nc73603156,NC,MMT,,EHZ,1,73.0,,267.3,,48.3253
nc73603156,NC,MDC,2.0,EHZ,-1,73.0,,314.1,,49.9154
nc73603351,NC,MMP,,EHZ,1,99.0,,340.3,,11.0772
nc73603351,NC,MMX1,,HN3,1,98.0,,11.7,,11.4864
nc73603351,NC,MLC,,EHZ,-1,91.0,,30.2,,12.3871
nc73603351,NC,MCY,,EHZ,-1,93.0,,345.0,,14.611
nc73603351,NC,MDPB,,HHZ,1,93.0,,327.6,,15.3227
nc73603351,NC,MCO,,EHZ,1,93.0,,43.4,,15.8008
nc73603351,NC,MCV,,EHZ,1,93.0,,59.2,,16.1344
nc73603351,NC,MINS,,HHZ,1,94.0,,336.8,,16.6792
nc73603351,NC,MDC,2.0,EHZ,1,84.0,,347.2,,22.0722
nc73603351,NC,MMT,,EHZ,1,83.0,,227.8,,23.1063
nc73603351,NC,MBS1,,EP1,-1,80.0,,7.6,,27.4651
nc73603376,NC,MCV,,EHZ,1,102.0,,284.2,,27.5207
nc73603376,NC,MDR,2.0,EHZ,1,100.0,,293.9,,29.8114
nc73603376,NC,MCO,,EHZ,1,99.0,,288.6,,31.2903
nc73603376,NC,MBS1,,EP1,1,94.0,,305.1,,44.9116
nc73603376,NC,MMP,,EHZ,-1,94.0,,281.5,,45.2007
nc73603376,NC,MMT,,EHZ,1,91.0,,253.7,,60.2232
nc73603681,NC,MCO,,EHZ,-1,142.0,,138.0,,3.5404
nc73603681,NC,MLC,,EHZ,1,137.0,,213.4,,4.0686
nc73603681,NC,MCV,,EHZ,-1,115.0,,137.6,,7.9304
nc73603736,NC,MCV,,EHZ,-1,117.0,,329.5,,9.0502
nc73603736,NC,MLC,,EHZ,-1,101.0,,310.1,,15.9454
nc73603736,NC,MGPB,,EHZ,1,100.0,,316.8,,16.2122
nc73603736,NC,MLH,,EHZ,1,99.0,,349.3,,17.9357
nc73603736,NC,MCS,,EHZ,-1,97.0,,323.0,,18.8142
nc73603736,NC,MMX1,,HN3,-1,97.0,,303.9,,19.4258
nc73603736,NC,MMLB,,HHZ,-1,90.0,,311.1,,23.6067
nc73603736,NC,MQ1P,,EHZ,1,90.0,,295.7,,23.9291
nc73603736,NC,MDY,,HHZ,1,90.0,,306.6,,25.8195
nc73603736,NC,MTU,2.0,EHZ,-1,90.0,,134.4,,26.4644
nc73603736,NC,MINS,,HHZ,-1,90.0,,300.9,,29.1553
nc73603736,NC,MDPB,,HHZ,-1,90.0,,295.2,,29.4889
nc73603736,NC,MDC,2.0,EHZ,-1,90.0,,312.2,,31.4793
nc73603736,NC,MMT,,EHZ,1,86.0,,245.9,,39.0405
nc73603736,CI,MLAC,,HHZ,-1,103.0,,337.0,,13.31
nc73603736,NC,MCO,,EHZ,-1,103.0,,325.5,,13.3767
nc73603811,NC,MDR,2.0,EHZ,1,169.0,,289.6,,1.8147
nc73603811,NC,MCO,,EHZ,1,155.0,,249.9,,4.3666
nc73603811,NC,MCV,,EHZ,1,153.0,,193.2,,4.8448
nc73603811,NC,MLC,,EHZ,1,135.0,,255.4,,9.0101
nc73603811,NC,MINS,,HHZ,1,110.0,,276.3,,21.7052
nc73604141,NC,MCV,,EHZ,-1,167.0,,235.1,,1.8414
nc73604141,NC,MDR,2.0,EHZ,1,149.0,,333.8,,4.7614
nc73604141,NC,MCO,,EHZ,-1,147.0,,295.8,,4.9927
nc73604141,NC,MGPB,,EHZ,1,131.0,,290.3,,8.5509
nc73604141,NC,MLC,,EHZ,1,129.0,,278.8,,9.2281
nc73604141,NC,MMT,,EHZ,1,94.0,,232.7,,40.8975
nc73604151,NC,MCV,,EHZ,1,171.0,,234.7,,1.1831
nc73604151,NC,MCO,,EHZ,1,147.0,,302.8,,4.6969
nc73604151,NC,MGPB,,EHZ,-1,130.0,,294.0,,8.1851
nc73604151,NC,MLC,,EHZ,1,127.0,,281.7,,8.7577
nc73604151,NC,MLH,,EHZ,-1,126.0,,1.8,,9.1491
nc73604151,NC,MCS,,EHZ,1,122.0,,310.3,,10.1132
nc73604151,NC,MMX1,,HN3,1,113.0,,280.6,,12.7207
nc73604151,NC,MDC,2.0,EHZ,1,101.0,,302.7,,23.4177
nc73604151,NC,MMT,,EHZ,1,92.0,,232.6,,40.2414
nc73604211,NC,MCV,,EHZ,-1,102.0,,14.3,,6.973
nc73604211,NC,MLC,,EHZ,1,93.0,,327.5,,10.9271
nc73604211,NC,MGPB,,EHZ,1,90.0,,336.1,,11.7755
nc73604211,NC,MMX1,,HN3,1,89.0,,315.0,,13.8438
nc73604211,NC,MDH1,,DP1,1,84.0,,342.5,,17.5354
nc73604211,NC,MMP,,EHZ,-1,84.0,,299.5,,18.2471
nc73604211,NC,MDPB,,HHZ,1,80.0,,299.5,,23.3732
nc73604216,NC,MQ1P,,EHZ,1,160.0,,178.3,,1.579
nc73604216,NC,MCY,,EHZ,1,157.0,,340.0,,1.8825
nc73604216,NC,MINS,,HHZ,1,131.0,,310.9,,4.5545
nc73604216,NC,MDPB,,HHZ,1,127.0,,276.6,,5.1116
nc73604216,NC,MMX1,,HN3,-1,124.0,,101.3,,5.5898
nc73604216,NC,MEM,,EHZ,1,110.0,,59.0,,8.4408
nc73604216,NC,MLC,,EHZ,1,107.0,,100.0,,9.5516
nc73604216,NC,MCS,,EHZ,1,103.0,,73.1,,10.7025
nc73604216,NC,MDH,,HNZ,1,100.0,,59.4,,11.5643
nc73604216,NC,MDH1,1.0,DP1,-1,100.0,,59.4,,11.5643
nc73604216,CI,MLAC,,HHZ,-1,95.0,,88.7,,16.4013
nc73604216,NC,MBS1,,EP1,-1,95.0,,24.5,,16.3679
nc73604216,NC,MDR,2.0,EHZ,1,95.0,,85.7,,16.4568
nc73604216,NC,MCV,,EHZ,1,95.0,,103.6,,17.5021
nc73604216,NC,MMT,,EHZ,-1,78.0,,206.6,,31.1568
nc73604216,NC,MCO,,EHZ,1,95.0,,93.6,,14.055
nc73604216,NC,MDC,2.0,EHZ,1,107.0,,349.2,,9.347
nc73604216,NC,MDY,,HHZ,1,140.0,,13.9,,3.5493
nc73604216,NC,MGPB,,EHZ,1,104.0,,90.5,,10.5024
nc73604216,NC,MLI,,HHZ,1,165.0,,17.7,,1.1375
nc73604216,NC,MMLB,,HHZ,1,126.0,,46.5,,5.1906
nc73604216,NC,MMP,,EHZ,-1,155.0,,197.5,,2.0126
nc73604256,NC,MQ1P,,EHZ,-1,165.0,,175.6,,1.1742
nc73604256,NC,MLI,,HHZ,1,161.0,,14.6,,1.5412
nc73604256,NC,MMP,,EHZ,-1,160.0,,200.3,,1.6134
nc73604256,NC,MCY,,EHZ,1,152.0,,344.6,,2.2561
nc73604256,NC,MDY,,HHZ,1,136.0,,13.1,,3.9563
nc73604256,NC,MINS,,HHZ,1,130.0,,314.9,,4.7981
nc73604256,NC,MDPB,,HHZ,1,127.0,,281.2,,5.1305
nc73604256,NC,MDC,2.0,EHZ,-1,106.0,,349.9,,9.7396
nc73604256,NC,MCO,,EHZ,1,95.0,,91.9,,14.0773
nc73604736,NC,MGPB,,EHZ,1,163.0,,268.0,,3.9941
nc73604736,NC,MLH,,EHZ,-1,152.0,,33.4,,6.8207
nc73604736,NC,MDH1,1.0,DP1,1,150.0,,322.3,,7.3644
nc73604816,NC,MCV,,EHZ,-1,118.0,,333.5,,9.7507
nc73604816,NC,MCO,,EHZ,-1,106.0,,328.5,,14.0217
nc73604816,CI,MLAC,,HHZ,-1,106.0,,339.4,,14.0884
nc73604816,NC,MDR,2.0,EHZ,-1,105.0,,340.6,,14.889
nc73604816,NC,MLC,,EHZ,1,104.0,,313.1,,16.379
nc73604816,NC,MGPB,,EHZ,1,104.0,,319.6,,16.746
nc73604816,NC,MMX1,,HN3,-1,100.0,,306.6,,19.7593
nc73604816,NC,MTU,2.0,EHZ,-1,94.0,,132.6,,25.9974
nc73604816,NC,MDPB,,HHZ,-1,92.0,,297.0,,29.6779
nc73604846,NC,MCV,,EHZ,-1,129.0,,57.6,,4.7925
nc73604846,NC,MCO,,EHZ,-1,122.0,,10.4,,5.8689
nc73604846,NC,MLC,,EHZ,1,120.0,,324.7,,6.1424
nc73604846,NC,MGPB,,EHZ,1,115.0,,339.5,,7.0053
nc73604846,CI,MLAC,,HHZ,-1,112.0,,26.0,,7.8126
nc73604846,NC,MDR,2.0,EHZ,-1,109.0,,23.6,,8.6009
nc73604846,NC,MCS,,EHZ,-1,104.0,,344.5,,10.1254
nc73604871,NC,MCV,,EHZ,-1,109.0,,357.8,,15.3004
nc73604871,NC,MCO,,EHZ,-1,105.0,,349.1,,18.8475
nc73604871,NC,MLC,,EHZ,-1,104.0,,335.3,,19.5481
nc73604871,NC,MGPB,,EHZ,1,103.0,,339.8,,20.5599
nc73604871,NC,MDR,2.0,EHZ,-1,103.0,,356.7,,20.6378
nc73604871,NC,MMX1,,HN3,-1,101.0,,326.6,,21.961
nc73604871,NC,MDPB,,HHZ,-1,95.0,,311.5,,30.245
nc73604871,NC,MINS,,HHZ,-1,95.0,,316.9,,30.7343
nc73604891,NC,MCO,,EHZ,-1,112.0,,22.7,,7.1843
nc73604891,NC,MGPB,,EHZ,1,111.0,,354.3,,7.4456
nc73604891,NC,MDPB,,HHZ,1,85.0,,296.5,,18.2248
nc73604891,NC,MCV,,EHZ,1,113.0,,59.3,,6.7073
nc73604996,NC,MCV,,EHZ,1,116.0,,35.1,,7.9994
nc73604996,NC,MLC,,EHZ,1,111.0,,341.6,,9.4727
nc73604996,NC,MCO,,EHZ,-1,109.0,,9.4,,9.883
nc73604996,NC,MGPB,,EHZ,-1,107.0,,349.8,,10.7058
nc73604996,NC,MMX1,,HN3,1,104.0,,324.2,,11.7867
nc73604996,NC,MDR,2.0,EHZ,1,99.0,,18.6,,12.5205
nc73604996,NC,MQ1P,,EHZ,1,98.0,,306.4,,15.3338
nc73604996,NC,MMP,,EHZ,1,97.0,,304.0,,15.6674
nc73604996,NC,MDPB,,HHZ,1,94.0,,302.9,,20.7823
nc73604996,NC,MINS,,HHZ,1,94.0,,310.8,,20.9046
nc73604996,NC,MDC,2.0,EHZ,1,84.0,,324.6,,24.3628
nc73604996,NC,MMT,,EHZ,1,80.0,,236.9,,31.5126
nc73605586,NP,1576,10.0,HNZ,1,90.0,,24.3,,12.6651
nc73605586,NC,MCO,,EHZ,-1,84.0,,345.3,,17.6022
nc73605586,CI,MLAC,,HHZ,-1,84.0,,353.4,,18.3805
nc73605586,NC,MLC,,EHZ,-1,84.0,,330.8,,18.6474
nc73605586,NC,MGPB,,EHZ,1,83.0,,335.8,,19.5369
nc73605586,NC,MMX1,,HN3,-1,82.0,,322.3,,21.2827
nc73605586,NC,MCS,,EHZ,-1,81.0,,338.6,,22.5726
nc73605586,NC,MLH,,EHZ,1,80.0,,359.4,,23.6289
nc73605586,NC,MQ1P,,EHZ,-1,79.0,,311.6,,24.6742
nc73605586,NC,MEM,,EHZ,1,79.0,,333.2,,24.941
nc73605586,NC,MDH,,HNZ,1,79.0,,340.3,,25.2524
nc73605586,NC,MDY,,HHZ,-1,77.0,,320.5,,27.732
nc73605586,NC,MINS,,HHZ,-1,76.0,,313.7,,30.3229
nc73605586,NC,MCD,,EHZ,1,73.0,,74.2,,33.8589
nc73605586,NC,MDC,2.0,EHZ,-1,73.0,,323.3,,33.8477
nc73605586,NC,MMT,,EHZ,1,73.0,,253.0,,34.0368
nc73605586,NC,MRC,,EHZ,1,72.0,,49.2,,35.4823
nc73605586,BK,MMI,0.0,HHZ,1,69.0,,266.7,,82.6178
nc73605586,NC,MCV,,EHZ,-1,89.0,,353.8,,13.8882
nc73605586,NC,MDPB,,HHZ,-1,76.0,,308.2,,30.0004
nc73605586,NC,MMLB,,HHZ,-1,78.0,,325.7,,26.053
nc73605731,CI,MLAC,,HHZ,-1,105.0,,337.1,,13.9661
nc73605731,NC,MMX1,,HN3,-1,98.0,,305.0,,19.9595
nc73605731,NC,MDH,,HNZ,-1,95.0,,327.3,,21.872
nc73605731,NC,MDH1,1.0,DP1,-1,95.0,,327.3,,21.872
nc73605731,NC,MMLB,,HHZ,1,93.0,,311.8,,24.196
nc73605731,NC,MMP,,EHZ,-1,93.0,,295.4,,24.8409
nc73605731,NC,MLI,,HHZ,-1,92.0,,302.5,,25.4525
nc73605731,NC,MRD,2.0,EHZ,-1,92.0,,290.4,,26.7869
nc73605731,NC,MCD,,EHZ,1,90.0,,82.6,,29.5
nc73605731,NC,MINS,,HHZ,-1,90.0,,301.6,,29.6779
nc73605731,NC,MDPB,,HHZ,-1,90.0,,296.1,,29.9559
nc73605731,NC,MBS1,,EP1,-1,90.0,,331.4,,31.2347
nc73605731,NC,MDC,2.0,EHZ,-1,90.0,,312.8,,32.0686
nc73605731,NC,MMI,,EHZ,1,86.0,,263.3,,86.4207
nc73605731,BK,TOLH,0.0,HHZ,1,86.0,,223.5,,86.2317
nc73605731,NC,MHD,,EHZ,1,85.0,,246.3,,108.693
nc73605731,NC,MPR,,EHZ,-1,84.0,,286.8,,114.086
nc73605731,BK,MMI,0.0,HHZ,1,86.0,,263.3,,86.4096
nc73605731,NC,MCO,,EHZ,-1,105.0,,326.2,,14.0106
nc73605731,NC,MCS,,EHZ,-1,99.0,,323.5,,19.448
nc73605731,NC,MCV,,EHZ,-1,117.0,,330.2,,9.6973
nc73605731,NC,MDR,2.0,EHZ,-1,104.0,,338.5,,14.7556
nc73605731,NC,MDY,,HHZ,-1,92.0,,307.4,,26.3754
nc73605731,NC,MGPB,,EHZ,-1,102.0,,317.7,,16.8238
nc73605731,NC,MLC,,EHZ,-1,102.0,,311.2,,16.5236
nc73605731,NC,MLH,,EHZ,-1,100.0,,348.9,,18.5807
nc73605731,NC,MRC,,EHZ,1,90.0,,52.9,,29.5
nc73605731,NC,MTU,2.0,EHZ,-1,92.0,,133.8,,25.8639
nc73605791,NP,1576,10.0,HNZ,1,127.0,,16.0,,6.4393
nc73605791,NC,MMX1,,HN3,-1,95.0,,305.0,,20.0929
nc73605791,NC,MDH,,HNZ,1,92.0,,327.1,,21.9832
nc73605791,NC,MDH1,1.0,DP1,-1,92.0,,327.1,,21.9832
nc73605791,NC,MMLB,,HHZ,-1,92.0,,311.7,,24.3183
nc73605791,NC,MTU,2.0,EHZ,-1,93.0,,133.9,,25.7416
nc73605791,NC,MDY,,HHZ,1,93.0,,307.3,,26.5089
nc73605791,NC,MCD,,EHZ,1,84.0,,82.4,,29.3888
nc73605791,NC,MRC,,EHZ,1,84.0,,52.7,,29.4444
nc73605791,NC,MDPB,,HHZ,-1,84.0,,296.1,,30.0893
nc73605791,NC,MBS1,,EP1,-1,84.0,,331.3,,31.3347
nc73605791,NC,MDC,2.0,EHZ,-1,83.0,,312.7,,32.1909
nc73605791,NC,MMT,,EHZ,1,82.0,,247.0,,39.0961
nc73605791,BK,TOLH,0.0,HHZ,1,81.0,,223.5,,86.265
nc73605791,BK,MMI,0.0,HHZ,1,81.0,,263.3,,86.5208
nc73605791,NC,MMI,,EHZ,1,81.0,,263.3,,86.5319
nc73605791,BK,HELL,0.0,HHZ,1,80.0,,193.5,,95.1606
nc73605791,NC,MHD,,EHZ,1,80.0,,246.4,,108.7709
nc73605791,CI,MLAC,,HHZ,-1,101.0,,336.8,,14.0662
nc73605791,NC,MCO,,EHZ,-1,100.0,,325.9,,14.1218
nc73605791,NC,MCS,,EHZ,-1,96.0,,323.3,,19.5592
nc73605791,NC,MCV,,EHZ,-1,112.0,,329.7,,9.8041
nc73605791,NC,MDR,2.0,EHZ,-1,100.0,,338.1,,14.8556
nc73605791,NC,MGPB,,EHZ,-1,98.0,,317.5,,16.935
nc73605791,NC,MLC,,EHZ,-1,99.0,,311.1,,16.6459
nc73605791,NC,MLH,,EHZ,-1,97.0,,348.6,,18.6585
nc73605806,NC,MCV,,EHZ,-1,116.0,,329.5,,9.3326
nc73605806,NC,MCO,,EHZ,-1,103.0,,325.6,,13.6547
nc73605806,NC,MDR,2.0,EHZ,-1,102.0,,338.3,,14.3886
nc73605806,NC,MLC,,EHZ,-1,100.0,,310.5,,16.2122
nc73605806,NC,MTU,2.0,EHZ,-1,90.0,,134.3,,26.1864
nc73605806,NC,MMT,,EHZ,1,87.0,,246.3,,39.085
nc73605886,NP,1576,10.0,HNZ,1,123.0,,75.9,,9.8585
nc73605886,NC,MMX1,,HN3,-1,118.0,,311.5,,11.6199
nc73605886,NC,MCS,,EHZ,-1,113.0,,341.7,,12.5094
nc73605886,NC,MDH,,HNZ,1,111.0,,344.0,,15.2226
nc73605886,NC,MDH1,1.0,DP1,1,111.0,,344.0,,15.2226
nc73605886,NC,MRD,2.0,EHZ,1,107.0,,287.7,,18.3249
nc73605886,NC,MINS,,HHZ,-1,103.0,,303.8,,21.2049
nc73605886,NC,MBS1,,EP1,-1,100.0,,342.8,,24.7742
nc73605886,NC,MTU,2.0,EHZ,-1,95.0,,129.4,,34.0924
nc73605886,NC,MFB,,EHZ,1,93.0,,109.0,,40.4194
nc73605886,BK,BUCR,0.0,HHZ,1,85.0,,277.4,,114.642
nc73605886,BK,DRDG,0.0,HHZ,-1,85.0,,305.7,,119.3122
nc73605886,BK,LEGD,0.0,HHZ,1,85.0,,252.3,,119.9793
nc73605886,BK,KARE,0.0,HHZ,-1,85.0,,208.5,,119.9793
nc73605886,BK,MERC,0.0,HHZ,-1,83.0,,263.3,,142.5519
nc73605886,BK,HELL,0.0,HHZ,1,86.0,,188.5,,97.3956
nc73605886,BK,LIND,0.0,HHZ,1,84.0,,187.5,,133.7675
nc73605886,BK,MMI,0.0,HHZ,1,87.0,,259.9,,79.3709
nc73605886,BK,TOLH,0.0,HHZ,1,88.0,,217.9,,84.0522
nc73605886,BK,WINE,0.0,HHZ,1,84.0,,223.9,,134.7683
nc73605886,CI,MLAC,,HHZ,1,125.0,,13.5,,9.386
nc73605886,GS,MCA04,0.0,HHZ,1,85.0,,59.5,,117.1995
nc73605886,NC,MCD,,EHZ,1,93.0,,89.9,,36.9167
nc73605886,NC,MCO,,EHZ,-1,131.0,,358.8,,7.8826
nc73605886,NC,MCV,,EHZ,-1,143.0,,31.0,,5.4497
nc73605886,NC,MCY,,EHZ,-1,107.0,,305.5,,18.2137
nc73605886,NC,MDC,2.0,EHZ,-1,100.0,,318.5,,24.0181
nc73605886,NC,MDPB,,HHZ,-1,103.0,,296.0,,21.4384
nc73605886,NC,MDR,2.0,EHZ,1,122.0,,12.5,,10.2288
nc73605886,NC,MDY,,HHZ,-1,108.0,,312.6,,18.0914
nc73605886,NC,MEM,,EHZ,-1,111.0,,332.2,,14.8334
nc73605886,NC,MGPB,,EHZ,-1,125.0,,337.0,,9.4238
nc73605886,NC,MHD,,EHZ,1,86.0,,242.7,,103.3779
nc73605886,NC,MLC,,EHZ,-1,128.0,,326.2,,8.5809
nc73605886,NC,MLH,,EHZ,1,111.0,,15.6,,15.0558
nc73605886,NC,MLI,,HHZ,-1,109.0,,305.6,,17.0017
nc73605886,NC,MMI,,EHZ,1,87.0,,259.9,,79.3821
nc73605886,NC,MMLB,,HHZ,-1,110.0,,319.9,,16.1455
nc73605886,NC,MMP,,EHZ,-1,110.0,,295.0,,16.3234
nc73605886,NC,MMT,,EHZ,1,95.0,,235.9,,34.0479
nc73605886,NC,MPR,,EHZ,1,86.0,,286.0,,105.6352
nc73605886,NC,MRC,,EHZ,1,95.0,,65.7,,34.2258
nc73605886,NN,LHV,,HHZ,1,88.0,,21.7,,84.119
nc73605901,NC,MCV,,EHZ,-1,143.0,,35.4,,5.3251
nc73605901,NC,MGPB,,EHZ,1,126.0,,337.8,,9.009
nc73605901,CI,MLAC,,HHZ,1,125.0,,15.7,,9.1347
nc73605901,NC,MDR,2.0,EHZ,1,122.0,,14.4,,9.9708
nc73605901,NC,MMX1,,HN3,1,118.0,,311.1,,11.1862
nc73605901,NC,MCS,,EHZ,1,113.0,,342.4,,12.098
nc73605901,NC,MLH,,EHZ,1,110.0,,17.0,,14.8112
nc73605901,NC,MDH1,1.0,DP1,1,110.0,,344.7,,14.8223
nc73605901,NC,MDY,,HHZ,1,107.0,,312.4,,17.6578
nc73605901,NC,MCY,,EHZ,1,107.0,,305.2,,17.7912
nc73605901,NC,MINS,,HHZ,1,103.0,,303.5,,20.7823
nc73605901,NC,MDPB,,HHZ,1,103.0,,295.5,,21.0381
nc73605901,NC,MDC,2.0,EHZ,1,100.0,,318.5,,23.5844
nc73605901,NC,MBS1,,EP1,1,100.0,,343.2,,24.3739
nc73605901,NC,MMT,,EHZ,1,94.0,,235.2,,34.0034
nc73605901,NC,MRC,,EHZ,-1,94.0,,66.4,,34.3481
nc73605901,NC,MCO,,EHZ,1,132.0,,0.8,,7.5479
nc73605901,NC,MLC,,EHZ,1,129.0,,326.5,,8.1484
nc73605901,NC,MMP,,EHZ,1,109.0,,294.3,,15.9342
nc73606071,NC,MCV,,EHZ,-1,85.0,,2.1,,11.542
nc73606071,NC,MCO,,EHZ,-1,83.0,,350.2,,14.9668
nc73606071,NC,MLC,,EHZ,-1,83.0,,332.9,,15.723
nc73606071,CI,MLAC,,HHZ,-1,82.0,,359.4,,15.9898
nc73606071,NC,MGPB,,EHZ,-1,82.0,,338.7,,16.6792
nc73606071,NC,MCS,,EHZ,1,80.0,,341.4,,19.7705
nc73606071,NC,MQ1P,,EHZ,1,79.0,,310.5,,21.7164
nc73606071,NC,MMP,,EHZ,1,78.0,,308.7,,22.0055
nc73606071,NC,MDPB,,HHZ,-1,75.0,,307.0,,27.076
nc73606071,NC,MDC,2.0,EHZ,1,73.0,,323.7,,30.8677
nc73606071,NC,MBS1,,EP1,1,72.0,,342.4,,32.0353
nc73606081,NC,MMX1,,HN3,1,141.0,,319.7,,4.321
nc73606081,NC,MCV,,EHZ,-1,118.0,,88.1,,8.7399
nc73606081,NC,MMP,,EHZ,-1,116.0,,285.6,,9.2292
nc73606081,CI,MLAC,,HHZ,1,115.0,,59.6,,9.4015
nc73606081,NC,MDH,,HNZ,1,112.0,,9.3,,10.3789
nc73606081,NC,MDH1,1.0,DP1,-1,112.0,,9.3,,10.3789
nc73606081,NC,MDY,,HHZ,-1,111.0,,316.6,,10.7937
nc73606081,NC,MCY,,EHZ,-1,111.0,,304.7,,10.8448
nc73606081,NC,MDPB,,HHZ,-1,101.0,,290.5,,14.2552
nc73606081,NC,MDC,2.0,EHZ,-1,99.0,,323.6,,16.8794
nc73606081,NC,MBS1,,EP1,1,97.0,,355.7,,19.3146
nc73606081,NC,MMT,,EHZ,1,93.0,,223.4,,32.3466
nc73606081,NC,MTU,2.0,EHZ,-1,84.0,,128.9,,41.4423
nc73606081,BK,MMI,0.0,HHZ,1,84.0,,255.7,,74.5117
nc73606081,NC,MCO,,EHZ,1,126.0,,58.6,,6.7251
nc73606081,NC,MCS,,EHZ,1,122.0,,14.6,,7.7325
nc73606081,NC,MDR,2.0,EHZ,1,113.0,,55.3,,9.8763
nc73606081,NC,MGPB,,EHZ,1,138.0,,27.3,,4.8225
nc73606081,NC,MINS,,HHZ,-1,102.0,,302.2,,13.8549
nc73606081,NC,MLC,,EHZ,1,152.0,,22.3,,2.9533
nc73606081,NC,MLH,,EHZ,1,101.0,,44.5,,14.1996
nc73606391,NC,MCV,,EHZ,1,159.0,,352.3,,3.0089
nc73606391,CI,MLAC,,HHZ,1,135.0,,352.2,,7.509
nc73606391,NC,MDR,2.0,EHZ,1,132.0,,353.1,,8.363
nc73606391,NC,MLC,,EHZ,1,127.0,,304.3,,9.6862
nc73606391,NC,MGPB,,EHZ,1,126.0,,315.4,,9.8341
nc73606391,NC,MLH,,EHZ,1,116.0,,3.7,,12.8319
nc73606511,NC,MMX1,,HN3,1,162.0,,57.0,,2.3395
nc73606511,NC,MMP,,EHZ,1,150.0,,276.2,,4.1487
nc73606511,NC,MLC,,EHZ,1,139.0,,83.0,,5.9345
nc73606511,NC,MMLB,,HHZ,-1,139.0,,2.5,,5.9356
nc73606511,NC,MGPB,,EHZ,1,132.0,,71.9,,7.3444
nc73606511,NC,MCS,,EHZ,1,127.0,,50.8,,8.6676
nc73606511,NC,MINS,,HHZ,1,126.0,,307.6,,8.7788
nc73606511,NC,MDPB,,HHZ,1,125.0,,289.1,,9.0891
nc73606511,NC,MDH,,HNZ,1,121.0,,38.0,,10.4568
nc73606511,NC,MDH1,1.0,DP1,1,121.0,,38.0,,10.4568
nc73606511,NC,MDC,2.0,EHZ,-1,112.0,,335.5,,12.6985
nc73606511,NC,MLH,,EHZ,1,108.0,,61.1,,16.8127
nc73606511,NC,MBS1,,EP1,1,107.0,,10.8,,17.5577
nc73606511,NC,MMT,,EHZ,-1,95.0,,214.4,,30.9011
nc73606511,NC,MPR,,EHZ,1,87.0,,284.0,,93.6595
nc73606511,NC,MHD,,EHZ,1,86.0,,236.3,,97.3845
nc73606511,NC,MCO,,EHZ,1,120.0,,81.9,,10.6158
nc73606511,NC,MCV,,EHZ,1,111.0,,97.3,,13.6103
nc73606511,NC,MDR,2.0,EHZ,1,111.0,,74.4,,13.3879
nc73606831,NC,MTU,2.0,EHZ,-1,147.0,,172.0,,7.0064
nc73606831,NC,MFB,,EHZ,1,127.0,,83.2,,12.9653
nc73606831,NC,MCD,,EHZ,1,119.0,,38.1,,18.7141
nc73606831,NC,MCV,,EHZ,-1,106.0,,310.9,,29.7002
nc73606831,NC,MLC,,EHZ,1,102.0,,306.1,,37.2058
nc73606831,NC,MDPB,,HHZ,1,96.0,,298.6,,50.7049
nc73606831,NC,MMT,,EHZ,1,96.0,,265.5,,53.785
nc73606831,BK,TOLH,0.0,HHZ,-1,90.0,,236.3,,92.781
nc73606951,NC,MCO,,EHZ,-1,104.0,,332.6,,12.3426
nc73606951,NC,MLH,,EHZ,-1,99.0,,355.3,,17.6244
nc73606951,NC,MMX1,,HN3,1,99.0,,307.2,,17.8468
nc73606951,NC,MEM,,EHZ,-1,95.0,,322.5,,20.4265
nc73606951,NC,MQ1P,,EHZ,1,90.0,,297.7,,22.2056
nc73606951,NC,MMP,,EHZ,1,90.0,,296.2,,22.6282
nc73606951,NC,MDY,,HHZ,1,90.0,,309.2,,24.285
nc73606951,NC,MCY,,EHZ,-1,90.0,,303.9,,24.4962
nc73606951,NC,MINS,,HHZ,1,90.0,,302.8,,27.5096
nc73606951,NC,MDPB,,HHZ,1,90.0,,296.8,,27.7543
nc73606951,NC,MTU,2.0,EHZ,1,90.0,,131.8,,27.8877
nc73606951,NC,MBS1,,EP1,1,90.0,,334.4,,29.6668
nc73606951,NC,MDC,2.0,EHZ,-1,90.0,,314.6,,30.056
nc73606951,NC,MMT,,EHZ,1,88.0,,244.6,,37.3393
nc73606951,BK,MMI,0.0,HHZ,1,86.0,,262.6,,84.3747
nc73606951,CI,MLAC,,HHZ,-1,104.0,,344.9,,12.6429
nc73606951,NC,MCV,,EHZ,-1,121.0,,340.8,,8.1951
nc73606951,NC,MDR,2.0,EHZ,-1,103.0,,345.9,,13.4657
nc73606951,NC,MGPB,,EHZ,-1,102.0,,322.0,,14.9224
nc73606951,NC,MLC,,EHZ,1,102.0,,314.8,,14.4998
nc73606951,NC,MMLB,,HHZ,1,90.0,,314.2,,22.1723
nc73606961,NC,MGPB,,EHZ,-1,165.0,,220.7,,1.6268
nc73606961,NC,MCO,,EHZ,-1,153.0,,129.4,,3.1824
nc73606961,NC,MDY,,HHZ,1,114.0,,282.3,,10.956
nc73606961,NC,MQ1P,,EHZ,1,111.0,,256.8,,11.8311
nc73606961,NC,MMP,,EHZ,1,107.0,,255.9,,12.5428
nc73606961,NC,MINS,,HHZ,1,105.0,,277.1,,15.1225
nc73606961,NC,MDC,2.0,EHZ,1,105.0,,301.3,,15.5673
nc73606961,NC,MDPB,,HHZ,1,104.0,,268.2,,16.6459
nc73606966,NC,MCO,,EHZ,-1,163.0,,141.5,,1.7291
nc73606966,NC,MGPB,,EHZ,1,156.0,,257.0,,2.5119
nc73606966,NC,MDR,2.0,EHZ,-1,148.0,,77.7,,3.5493
nc73606966,NC,MLC,,EHZ,-1,144.0,,239.1,,4.1253
nc73606966,NC,MCV,,EHZ,-1,131.0,,138.4,,6.1157
nc73607051,NC,MCD,,EHZ,-1,162.0,,50.9,,2.5953
nc73607051,NC,MFB,,EHZ,-1,118.0,,164.1,,12.0091
nc73607051,NC,MTU,2.0,EHZ,-1,106.0,,203.2,,21.772
nc73607051,NC,MCV,,EHZ,1,98.0,,281.3,,32.6802
nc73607051,NC,MRC,,EHZ,-1,114.0,,347.0,,16.0009
nc73607051,NP,1589,10.0,HNZ,1,104.0,,147.6,,22.7171
nc73607051,NC,MMT,,EHZ,-1,90.0,,254.7,,65.5049
nc73607086,NC,MMI,,EHZ,1,86.0,,264.1,,113.53
nc73607086,NC,MCD,,EHZ,-1,160.0,,49.6,,2.8966
nc73607086,NC,MFB,,EHZ,-1,120.0,,162.9,,11.8311
nc73607086,NC,MTU,2.0,EHZ,-1,105.0,,203.0,,21.4717
nc73607086,NC,MCV,,EHZ,1,97.0,,281.7,,32.5468
nc73607086,CI,MLAC,,HHZ,1,96.0,,288.9,,34.2925
nc73607086,NC,MDR,2.0,EHZ,1,96.0,,290.2,,34.5594
nc73607086,NC,MCO,,EHZ,1,95.0,,285.8,,36.2051
nc73607086,NC,MLC,,EHZ,-1,94.0,,283.0,,40.4972
nc73607086,NC,MMT,,EHZ,1,91.0,,254.9,,65.2492
nc73607086,BK,TOLH,0.0,HHZ,1,86.0,,233.4,,107.8257
nc73607086,BK,MMI,0.0,HHZ,1,86.0,,264.1,,113.53
nc73607086,NC,MPR,,EHZ,1,84.0,,283.1,,139.772
nc73607086,NP,1589,10.0,HNZ,1,103.0,,146.9,,22.617
nc73607086,NN,LHV,,HHZ,1,88.0,,357.7,,80.0047
nc73607756,NC,MCV,,EHZ,-1,102.0,,11.8,,12.1202
nc73607756,NC,MCO,,EHZ,-1,100.0,,358.1,,15.0892
nc73607756,NC,MLC,,EHZ,-1,100.0,,340.4,,15.2115
nc73607756,NC,MGPB,,EHZ,-1,99.0,,345.8,,16.3679
nc73607756,CI,MLAC,,HHZ,1,99.0,,6.5,,16.4235
nc73607756,NC,MMX1,,HN3,-1,98.0,,328.8,,17.4131
nc73607756,NC,MQ1P,,EHZ,-1,95.0,,314.9,,20.4265
nc73607756,NC,MMP,,EHZ,-1,94.0,,313.0,,20.6711
nc73607756,NC,MDPB,,HHZ,-1,93.0,,310.3,,25.6749
nc73607756,NC,MINS,,HHZ,-1,93.0,,316.6,,26.1308
nc73607756,NC,MDC,2.0,EHZ,-1,84.0,,327.2,,29.967
nc73607756,NC,MMT,,EHZ,1,84.0,,247.4,,30.9233
nc73607836,NC,MFB,,EHZ,1,140.0,,59.2,,6.4093
nc73607836,NC,MTU,2.0,EHZ,-1,131.0,,230.9,,8.2229
nc73607836,NC,MCV,,EHZ,-1,95.0,,305.5,,36.5943
nc73607836,NC,MDR,2.0,EHZ,1,94.0,,311.2,,40.3415
nc73607836,NC,MCO,,EHZ,-1,94.0,,306.7,,40.8975
nc73607836,NC,MLH,,EHZ,1,93.0,,317.4,,42.1429
nc73607836,NC,MLC,,EHZ,-1,93.0,,302.4,,44.2889
nc73607836,NC,MQ1P,,EHZ,-1,92.0,,297.0,,52.5062
nc73607836,NC,MMP,,EHZ,1,91.0,,296.4,,52.9399
nc73607836,NC,MDPB,,HHZ,1,90.0,,296.7,,58.0549
nc73607836,NC,MMT,,EHZ,1,90.0,,267.7,,61.0349
nc73608091,NC,MMP,,EHZ,-1,175.0,,252.2,,0.6524
nc73608091,NC,MDPB,,HHZ,1,143.0,,294.5,,5.5909
nc73608091,NC,MLC,,EHZ,1,126.0,,89.6,,9.3949
nc73608091,NC,MGPB,,EHZ,-1,122.0,,81.2,,10.6124
nc73608091,NC,MCO,,EHZ,1,113.0,,86.5,,14.0439
nc73608091,CI,MLAC,,HHZ,-1,110.0,,82.7,,16.5236
nc73608091,NC,MDR,2.0,EHZ,1,110.0,,79.7,,16.6681
nc73608091,NC,MCV,,EHZ,1,110.0,,98.0,,17.1685
nc73608091,NC,MMT,,EHZ,1,97.0,,208.1,,29.6334
nc73608481,NC,MCV,,EHZ,1,98.0,,16.5,,21.6608
nc73608481,NC,MLC,,EHZ,1,96.0,,356.5,,23.2509
nc73608481,NC,MCO,,EHZ,1,96.0,,7.6,,24.1849
nc73608481,NC,MMX1,,HN3,-1,96.0,,347.4,,24.3628
nc73608481,NC,MGPB,,EHZ,1,96.0,,359.2,,24.7631
nc73608481,NC,MMT,,EHZ,1,96.0,,263.2,,25.0189
nc73608481,NC,MMP,,EHZ,1,95.0,,333.6,,25.6416
nc73608481,NC,MLI,,HHZ,1,94.0,,338.1,,27.9878
nc73608481,NC,MTU,2.0,EHZ,1,93.0,,100.5,,30.2673
nc73608481,NC,MINS,,HHZ,-1,93.0,,333.0,,31.2903
nc73608481,NC,MDC,2.0,EHZ,-1,92.0,,339.8,,36.3051
nc73608496,NC,MCV,,EHZ,1,85.0,,16.3,,21.5607
nc73608496,NC,MLC,,EHZ,-1,85.0,,356.2,,23.1841
nc73608496,NC,MCO,,EHZ,-1,84.0,,7.3,,24.0959
nc73608496,NC,MMX1,,HN3,-1,83.0,,347.1,,24.3183
nc73608496,NC,MGPB,,EHZ,1,83.0,,359.0,,24.6964
nc73608496,NC,MMT,,EHZ,1,83.0,,263.0,,25.1301
nc73608496,NC,MMP,,EHZ,-1,82.0,,333.3,,25.6304
nc73608496,NC,MDR,2.0,EHZ,1,82.0,,11.9,,26.5756
nc73608496,NC,MDY,,HHZ,1,79.0,,340.4,,29.9893
nc73608496,NC,MTU,2.0,EHZ,1,79.0,,100.6,,30.1783
nc73608496,NC,MINS,,HHZ,-1,79.0,,332.7,,31.2791
nc73608496,NC,MBS1,,EP1,1,76.0,,354.1,,39.8745
nc73608606,CI,MLAC,,HHZ,1,131.0,,31.9,,5.7877
nc73608606,NC,MMX1,,HN3,1,118.0,,293.9,,8.5787
nc73608606,NP,1576,10.0,HNZ,1,111.0,,99.9,,10.588
nc73608606,NC,MEM,,EHZ,-1,110.0,,325.7,,10.7692
nc73608606,NC,MDH,,HNZ,-1,110.0,,342.2,,10.9338
nc73608606,NC,MDH1,1.0,DP1,1,110.0,,342.2,,10.9338
nc73608606,NC,MCY,,EHZ,1,100.0,,294.5,,15.3449
nc73608606,NC,MDC,2.0,EHZ,-1,95.0,,312.5,,20.4043
nc73608606,NC,MBS1,,EP1,1,95.0,,341.6,,20.4932
nc73608606,NC,MRC,,EHZ,1,84.0,,73.0,,33.5586
nc73608606,NC,MMT,,EHZ,1,83.0,,229.5,,35.9048
nc73608606,NC,MTU,2.0,EHZ,-1,83.0,,133.6,,37.5283
nc73608606,NC,MCD,,EHZ,1,83.0,,96.3,,38.0064
nc73608606,BK,TOLH,0.0,HHZ,1,82.0,,215.7,,86.8988
nc73608606,CI,CWC,,HHZ,-1,80.0,,150.9,,145.3318
nc73608606,BK,LEGD,0.0,HHZ,1,81.0,,250.3,,120.5353
nc73608606,BK,MMI,0.0,HHZ,1,82.0,,256.8,,79.3709
nc73608606,NC,MCO,,EHZ,1,145.0,,10.7,,3.7273
nc73608606,NC,MCS,,EHZ,-1,119.0,,338.1,,8.244
nc73608606,NC,MCV,,EHZ,-1,145.0,,83.0,,3.7128
nc73608606,NC,MDR,2.0,EHZ,1,127.0,,28.0,,6.5416
nc73608606,NC,MDY,,HHZ,1,101.0,,302.8,,14.8223
nc73608606,NC,MGPB,,EHZ,1,134.0,,327.7,,5.2729
nc73608606,NC,MINS,,HHZ,1,97.0,,294.3,,18.3916
nc73608606,NC,MLC,,EHZ,1,137.0,,306.6,,4.8792
nc73608606,NC,MLH,,EHZ,1,108.0,,25.5,,11.3975
nc73608606,NC,MLI,,HHZ,1,101.0,,293.6,,14.1551
nc73608606,NC,MMLB,,HHZ,1,102.0,,310.5,,12.5317
nc73608606,NC,MMP,,EHZ,1,101.0,,280.8,,14.1885
nc73608606,NC,MQ1P,,EHZ,1,101.0,,282.7,,13.6214
nc73608646,NC,MCO,,EHZ,-1,168.0,,138.4,,1.2654
nc73608646,NC,MGPB,,EHZ,1,156.0,,266.6,,2.6876
nc73608646,CI,MLAC,,HHZ,-1,151.0,,84.7,,3.2313
nc73608646,NC,MDR,2.0,EHZ,-1,150.0,,70.2,,3.4348
nc73608646,NC,MLC,,EHZ,-1,144.0,,245.6,,4.1453
nc73608646,NC,MCS,,EHZ,1,144.0,,316.1,,4.2254
nc73608646,NC,MCV,,EHZ,-1,135.0,,137.5,,5.6554
nc73608646,NC,MLH,,EHZ,1,125.0,,41.7,,7.6091
nc73608646,NC,MMP,,EHZ,-1,104.0,,261.9,,13.9327
nc73608646,NC,MINS,,HHZ,1,101.0,,280.0,,16.8905
nc73608721,NC,MCO,,EHZ,-1,89.0,,357.4,,6.6105
nc73608721,NC,MLC,,EHZ,-1,57.0,,320.0,,7.6413
nc73608721,NC,MGPB,,EHZ,-1,46.0,,332.7,,8.3252
nc73608721,NC,MMX1,,HN3,-1,40.0,,306.0,,10.9238
nc73608721,NC,MQ1P,,EHZ,-1,40.0,,292.6,,15.4672
nc73608976,NC,MLC,,EHZ,-1,157.0,,149.6,,2.4129
nc73608976,NC,MMX1,,HN3,-1,152.0,,240.5,,3.1001
nc73608976,NC,MCS,,EHZ,1,150.0,,37.6,,3.3748
nc73608976,NC,MDH,,HNZ,1,134.0,,18.2,,5.7188
nc73608976,NC,MDH1,,DP1,-1,134.0,,18.2,,5.7188
nc73608976,NC,MDR,2.0,EHZ,1,121.0,,84.5,,8.2729
nc73608976,NC,MCV,,EHZ,-1,114.0,,117.2,,9.9286
nc73608976,NC,MLH,,EHZ,-1,110.0,,62.1,,11.3864
nc73608976,NC,MDPB,,HHZ,1,103.0,,270.7,,13.2544
nc73608976,NC,MDC,2.0,EHZ,-1,103.0,,311.5,,13.2433
nc73608976,NC,MMT,,EHZ,1,91.0,,218.0,,35.9271
nc73609821,NC,MMX1,,HN3,-1,157.0,,67.4,,1.8236
nc73609821,NC,MMP,,EHZ,-1,132.0,,268.4,,4.4055
nc73609821,NC,MLC,,EHZ,1,123.0,,88.5,,5.6131
nc73609821,NC,MGPB,,EHZ,1,115.0,,75.8,,6.9163
nc73609821,NC,MDPB,,HHZ,1,107.0,,285.1,,9.188
nc73609821,NC,MCO,,EHZ,1,103.0,,84.9,,10.2722
nc73609821,NC,MDR,2.0,EHZ,1,94.0,,76.5,,12.9764
nc73609821,NC,MCV,,EHZ,1,94.0,,99.9,,13.4212
nc73609826,NC,MCO,,EHZ,1,172.0,,298.3,,0.8973
nc73609826,CI,MLAC,,HHZ,-1,160.0,,43.4,,2.3006
nc73609826,NC,MCV,,EHZ,-1,151.0,,141.9,,3.5527
nc73609826,NC,MGPB,,EHZ,-1,144.0,,285.8,,4.4834
nc73609826,NC,MLC,,EHZ,1,138.0,,266.4,,5.4219
nc73609826,NC,MMX1,,HN3,1,120.0,,271.4,,9.3404
nc73609826,NC,MMP,,EHZ,1,105.0,,267.8,,15.4339
nc73609826,NC,MBS1,,EP1,-1,103.0,,333.9,,18.0581
nc73609826,NC,MTU,2.0,EHZ,-1,91.0,,138.5,,38.8181
nc73609826,NC,MDR,2.0,EHZ,1,155.0,,32.2,,2.9934
nc73609826,NC,MLH,,EHZ,1,126.0,,26.0,,7.8337
nc73609836,NC,MCV,,EHZ,-1,150.0,,148.4,,3.5638
nc73609836,NC,MGPB,,EHZ,-1,142.0,,281.9,,4.7402
nc73609836,NC,MLC,,EHZ,1,136.0,,264.2,,5.7643
nc73609836,NC,MDH1,1.0,DP1,-1,122.0,,323.4,,8.6398
nc73609836,NC,MMX1,,HN3,-1,118.0,,269.9,,9.6617
nc73609836,NC,MBS1,,EP1,-1,102.0,,332.6,,17.9802
nc73609836,NC,MINS,,HHZ,-1,101.0,,282.4,,19.0255
nc73609836,NC,MDC,2.0,EHZ,1,100.0,,301.4,,19.7705
nc73609836,NC,MDPB,,HHZ,1,100.0,,274.8,,20.2931
nc73609836,NC,MTU,2.0,EHZ,-1,91.0,,139.1,,38.7848
nc73609836,NC,MMT,,EHZ,1,91.0,,227.4,,39.5632
nc73609836,CI,MLAC,,HHZ,1,163.0,,41.3,,1.9048
nc73609836,NC,MCO,,EHZ,1,170.0,,279.4,,1.1297
nc73609836,NC,MDR,2.0,EHZ,1,157.0,,29.0,,2.6209
nc73609836,NC,MLH,,EHZ,1,127.0,,24.6,,7.4779
nc73609836,NC,MMP,,EHZ,1,105.0,,267.0,,15.7786
nc73609846,NC,MCV,,EHZ,1,128.0,,38.6,,6.3848
nc73609846,NC,MCO,,EHZ,1,119.0,,7.0,,8.2562
nc73609846,NC,MLC,,EHZ,1,119.0,,334.1,,8.2651
nc73609846,NC,MGPB,,EHZ,1,115.0,,344.4,,9.3293
nc73609846,NC,MDR,2.0,EHZ,1,110.0,,18.2,,10.846
nc73609846,NC,MMX1,,HN3,-1,110.0,,316.8,,10.9872
nc73609846,NC,MCS,,EHZ,1,102.0,,347.2,,12.4872
nc73609846,NC,MDH,,HNZ,1,100.0,,348.5,,15.2448
nc73609846,NC,MMP,,EHZ,1,100.0,,297.9,,15.4005
nc73609846,NC,MLH,,EHZ,1,100.0,,19.4,,15.7118
nc73609851,NC,MLH,,EHZ,1,144.0,,237.1,,5.0838
nc73609851,CI,MLAC,,HHZ,1,121.0,,217.0,,10.1777
nc73609851,NC,MCO,,EHZ,1,112.0,,222.2,,12.654
nc73609851,NC,MDH1,,DP1,-1,112.0,,258.2,,12.8208
nc73609851,NC,MCS,,EHZ,1,111.0,,246.3,,13.4101
nc73609851,NC,MCV,,EHZ,1,111.0,,203.6,,13.7326
nc73609851,NC,MGPB,,EHZ,1,110.0,,234.5,,14.7778
nc73609851,NC,MLC,,EHZ,1,108.0,,232.3,,16.5792
nc73609851,NC,MMLB,,HHZ,1,105.0,,255.3,,19.3813
nc73609851,NC,MMX1,,HN3,1,105.0,,240.7,,19.5592
nc73609851,NC,MDY,,HHZ,-1,101.0,,257.0,,22.2501
nc73609851,NC,MRC,,EHZ,1,100.0,,98.1,,23.1174
nc73609851,NC,MMP,,EHZ,1,99.0,,245.8,,25.3636
nc73609851,NC,MINS,,HHZ,1,98.0,,258.1,,26.5533
nc73609851,NC,MDPB,,HHZ,1,96.0,,254.1,,28.7105
nc73609851,NC,MCD,,EHZ,-1,94.0,,121.1,,33.3362
nc73609851,NC,MFB,,EHZ,-1,92.0,,135.6,,42.5988
nc73609851,NC,MTU,2.0,EHZ,-1,91.0,,155.2,,42.8212
nc73609851,NN,LHV,,HHZ,-1,88.0,,20.5,,65.0268
nc73609856,NC,MLC,,EHZ,1,153.0,,20.0,,2.9678
nc73609856,NC,MMX1,,HN3,1,142.0,,319.1,,4.43
nc73609856,NC,MGPB,,EHZ,1,140.0,,25.9,,4.8259
nc73609856,NC,MCO,,EHZ,1,128.0,,57.7,,6.6661
nc73609856,NC,MCS,,EHZ,1,124.0,,13.8,,7.7603
nc73609856,NC,MCV,,EHZ,-1,120.0,,87.7,,8.6387
nc73609856,NC,MEM,,EHZ,1,119.0,,352.6,,8.8478
nc73609856,NC,MMLB,,HHZ,1,117.0,,330.2,,9.2359
nc73609856,CI,MLAC,,HHZ,1,117.0,,59.0,,9.3415
nc73609856,NC,MDH,,HNZ,1,113.0,,8.7,,10.4179
nc73609856,NC,MDH1,,DP1,-1,113.0,,8.7,,10.4179
nc73609856,NC,MCY,,EHZ,1,112.0,,304.6,,10.9616
nc73609856,NC,MINS,,HHZ,-1,103.0,,302.2,,13.9661
nc73609856,NC,MLH,,EHZ,1,103.0,,44.0,,14.1662
nc73609856,NC,MDPB,,HHZ,-1,103.0,,290.6,,14.3775
nc73609856,NC,MDC,2.0,EHZ,-1,100.0,,323.4,,16.9906
nc73609946,NC,MDPB,,HHZ,1,94.0,,300.4,,46.2793
nc73609946,NC,MDC,2.0,EHZ,1,93.0,,311.2,,48.5811
nc73609946,NC,MMT,,EHZ,1,93.0,,264.1,,49.226
nc73609946,NC,MTU,2.0,EHZ,-1,130.0,,144.0,,9.5505
nc73609946,NC,MFB,,EHZ,1,113.0,,87.5,,17.5354
nc73609946,NC,MCD,,EHZ,1,107.0,,49.2,,21.3828
nc73609946,NC,MCV,,EHZ,-1,103.0,,316.3,,25.7861
nc73609946,CI,MLAC,,HHZ,-1,100.0,,321.4,,29.5445
nc73609946,NC,MRC,,EHZ,1,100.0,,20.7,,29.8114
nc73609946,NC,MCO,,EHZ,-1,100.0,,316.4,,30.1783
nc73609946,NC,MDR,2.0,EHZ,-1,100.0,,322.5,,30.2117
nc73609946,NC,MLH,,EHZ,1,98.0,,329.8,,32.9137
nc73609946,BK,TOLH,0.0,HHZ,1,88.0,,234.2,,89.3896
nc73609946,BK,HELL,0.0,HHZ,1,88.0,,203.2,,89.6231
nc73610521,NC,MMT,,EHZ,1,91.0,,239.5,,36.0605
nc73610521,BK,MMI,0.0,HHZ,1,86.0,,260.8,,82.0841
nc73610521,NC,MMI,,EHZ,1,86.0,,260.8,,82.0841
nc73610521,BK,TOLH,0.0,HHZ,1,86.0,,219.7,,85.2309
nc73610521,BK,HELL,0.0,HHZ,1,85.0,,190.3,,97.0621
nc73610521,NC,MHD,,EHZ,1,85.0,,243.8,,105.5907
nc73610521,NC,MPR,,EHZ,1,85.0,,286.1,,108.6374
nc73610521,NC,MCV,,EHZ,1,135.0,,359.3,,5.4797
nc73610521,NP,1576,10.0,HNZ,-1,125.0,,64.2,,7.4078
nc73610521,NC,MCO,,EHZ,-1,118.0,,340.7,,9.2169
nc73610521,NC,MDR,2.0,EHZ,1,112.0,,356.5,,10.8204
nc73610521,NC,MLC,,EHZ,-1,112.0,,316.1,,11.0405
nc73610521,NC,MGPB,,EHZ,1,110.0,,325.4,,11.542
nc73610521,NC,MCS,,EHZ,-1,103.0,,331.8,,14.3997
nc73610521,NC,MLH,,EHZ,1,102.0,,4.4,,15.356
nc73610521,NC,MEM,,EHZ,-1,100.0,,324.9,,17.0462
nc73610521,NC,MMLB,,HHZ,-1,99.0,,314.8,,18.7141
nc73610521,NC,MDY,,HHZ,-1,96.0,,308.9,,20.8157
nc73610521,NC,MDPB,,HHZ,-1,90.0,,294.8,,24.3962
nc73610521,NC,MDC,2.0,EHZ,-1,90.0,,315.0,,26.5978
nc73610521,NC,MRC,,EHZ,1,90.0,,62.3,,31.9797
nc73610521,NC,MCD,,EHZ,1,90.0,,88.5,,34.0368
nc73610521,NN,LHV,,HHZ,1,86.0,,19.7,,83.8632
nc73610521,BK,DRDG,0.0,HHZ,-1,84.0,,305.2,,122.2032
nc73610521,BK,LIND,0.0,HHZ,-1,84.0,,188.8,,133.3227
nc73610521,CI,CWC,,HHZ,-1,83.0,,151.3,,139.1049
nc73610961,NC,MCV,,EHZ,1,137.0,,0.7,,5.294
nc73610961,NP,1576,10.0,HNZ,1,125.0,,65.9,,7.4501
nc73610961,NC,MCO,,EHZ,-1,119.0,,341.1,,8.9979
nc73610961,CI,MLAC,,HHZ,1,116.0,,356.8,,9.7674
nc73610961,NC,MLC,,EHZ,-1,112.0,,315.9,,10.8159
nc73610961,NC,MGPB,,EHZ,-1,111.0,,325.4,,11.3196
nc73610961,NC,MMX1,,HN3,-1,103.0,,306.0,,14.1662
nc73610961,NC,MCS,,EHZ,-1,103.0,,331.9,,14.1774
nc73610961,NC,MLH,,EHZ,1,103.0,,4.9,,15.1781
nc73610961,NC,MDH,,HNZ,1,101.0,,335.5,,16.7682
nc73610961,NC,MEM,,EHZ,-1,101.0,,324.9,,16.8127
nc73610961,NC,MMLB,,HHZ,-1,99.0,,314.7,,18.4806
nc73610961,NC,MQ1P,,EHZ,-1,99.0,,295.0,,18.6363
nc73610961,NC,MMP,,EHZ,-1,98.0,,293.2,,19.0922
nc73610961,NC,MLI,,HHZ,1,98.0,,302.4,,19.6481
nc73610961,NC,MDY,,HHZ,-1,96.0,,308.8,,20.5933
nc73610961,NC,MCY,,EHZ,-1,96.0,,302.6,,20.849
nc73610961,NC,MRD,2.0,EHZ,1,95.0,,287.1,,21.1382
nc73610961,NC,MINS,,HHZ,-1,90.0,,301.4,,23.8624
nc73610961,NC,MDPB,,HHZ,-1,90.0,,294.5,,24.196
nc73610961,NC,MDC,2.0,EHZ,-1,90.0,,315.0,,26.3754
nc73610961,NC,MRC,,EHZ,1,90.0,,62.7,,32.013
nc73610961,NC,MMT,,EHZ,1,91.0,,239.2,,36.0383
nc73610961,BK,MMI,0.0,HHZ,1,86.0,,260.7,,81.984
nc73610961,BK,TOLH,0.0,HHZ,1,86.0,,219.6,,85.2865
nc73610961,BK,HELL,0.0,HHZ,1,85.0,,190.2,,97.2177
nc73611231,NC,MMX1,,HN3,-1,119.0,,11.9,,9.1458
nc73611231,NC,MLC,,EHZ,1,116.0,,34.6,,10.2133
nc73611231,NC,MCO,,EHZ,1,105.0,,48.6,,13.8882
nc73611231,NC,MCV,,EHZ,1,104.0,,66.0,,14.6888
nc73611231,NC,MDPB,,HHZ,1,105.0,,320.9,,13.7215
nc73611231,NC,MMT,,EHZ,1,93.0,,224.5,,25.0077
nc73611231,BK,MMI,0.0,HHZ,1,87.0,,259.3,,68.6962
nc73611231,NC,MMI,,EHZ,1,87.0,,259.3,,68.6962
nc73611231,NC,MHD,,EHZ,1,85.0,,240.3,,93.426
nc73611261,NC,MDR,2.0,EHZ,-1,162.0,,42.3,,2.6998
nc73611261,NC,MLC,,EHZ,1,146.0,,260.4,,5.264
nc73611261,NC,MMT,,EHZ,1,95.0,,226.5,,39.3741
nc73611261,NC,MMX1,,HN3,1,130.0,,268.0,,9.1224
nc73611276,NC,MCO,,EHZ,1,170.0,,285.3,,1.4756
nc73611276,NC,MDR,2.0,EHZ,-1,163.0,,21.1,,2.6742
nc73611276,NC,MCV,,EHZ,-1,160.0,,151.1,,3.2324
nc73611276,NC,MLH,,EHZ,1,139.0,,21.8,,7.5435
nc73611276,NC,MMX1,,HN3,1,130.0,,271.1,,9.972
nc73611276,NC,MDC,2.0,EHZ,1,111.0,,301.4,,20.1374
nc73611276,NC,MTU,2.0,EHZ,-1,97.0,,139.3,,38.429
nc73611276,NC,MMT,,EHZ,1,96.0,,227.9,,39.6632
nc73611276,NC,MCS,,EHZ,-1,142.0,,310.2,,6.794
nc73611276,NC,MDPB,,HHZ,1,110.0,,275.3,,20.6155
nc73611276,NC,MGPB,,EHZ,-1,150.0,,283.4,,5.0861
nc73611276,NC,MLC,,EHZ,1,145.0,,266.4,,6.0557
nc73611306,NC,MCV,,EHZ,-1,153.0,,136.6,,3.6427
nc73611306,NC,MLC,,EHZ,1,144.0,,267.9,,5.1061
nc73611306,NC,MGPB,,EHZ,1,150.0,,288.8,,4.2321
nc73611306,NC,MMX1,,HN3,1,126.0,,272.4,,9.0368
nc73611306,NC,MDPB,,HHZ,-1,105.0,,276.1,,19.6926
nc73611311,NC,MDR,2.0,EHZ,1,162.0,,16.4,,2.8499
nc73611311,NC,MCS,,EHZ,1,140.0,,310.8,,7.0731
nc73611311,NC,MLH,,EHZ,1,138.0,,20.0,,7.7091
nc73611311,NC,MMX1,,HN3,1,129.0,,272.4,,10.1421
nc73611311,NC,MMP,,EHZ,1,115.0,,268.6,,16.2233
nc73611311,NC,MDC,2.0,EHZ,1,110.0,,301.8,,20.4043
nc73611311,NC,MMT,,EHZ,1,96.0,,228.3,,39.6188
nc73611311,BK,TOLH,0.0,HHZ,-1,88.0,,215.8,,90.7017
nc73611311,NC,MPR,,EHZ,1,87.0,,282.0,,105.2571
nc73611311,NC,MHD,,EHZ,1,87.0,,239.6,,108.1037
nc73611311,BK,BUCR,0.0,HHZ,1,86.0,,273.7,,115.3091
nc73611311,BK,MMI,0.0,HHZ,-1,89.0,,255.1,,82.3287
nc73611311,NC,MCD,,EHZ,1,97.0,,101.5,,36.2162
nc73611311,NC,MCV,,EHZ,-1,161.0,,151.6,,2.9433
nc73611311,NC,MDPB,,HHZ,1,109.0,,275.9,,20.7935
nc73611311,NC,MGPB,,EHZ,-1,148.0,,285.6,,5.3029
nc73611311,NC,MINS,,HHZ,1,111.0,,283.4,,19.5814
nc73611311,NC,MLC,,EHZ,1,144.0,,268.8,,6.208
nc73611311,NC,MRC,,EHZ,1,100.0,,77.2,,30.5675
nc73611361,NC,MCV,,EHZ,-1,155.0,,152.6,,3.874
nc73611361,NC,MGPB,,EHZ,-1,150.0,,276.8,,4.7614
nc73611361,NC,MLC,,EHZ,1,144.0,,260.4,,5.9067
nc73611361,NC,MLH,,EHZ,1,139.0,,25.3,,7.072
nc73611361,NC,MMX1,,HN3,1,128.0,,267.5,,9.7596
nc73611361,NC,MMLB,,HHZ,1,118.0,,290.4,,12.2092
nc73611361,NC,MQ1P,,EHZ,1,115.0,,266.6,,15.2115
nc73611361,NC,MMP,,EHZ,1,114.0,,265.5,,15.8898
nc73611361,NC,MCY,,EHZ,1,114.0,,278.8,,16.0565
nc73611361,NC,MINS,,HHZ,1,110.0,,281.1,,19.0255
nc73611361,NC,MDC,2.0,EHZ,1,109.0,,300.3,,19.637
nc73611361,NC,MDPB,,HHZ,1,108.0,,273.6,,20.3487
nc73611361,NC,MRC,,EHZ,-1,99.0,,78.9,,30.7676
nc73611366,NC,MCO,,EHZ,1,170.0,,275.8,,1.46
nc73611366,CI,MLAC,,HHZ,-1,169.0,,33.5,,1.6679
nc73611366,NC,MCV,,EHZ,-1,159.0,,153.5,,3.4315
nc73611366,NC,MGPB,,EHZ,1,150.0,,280.7,,5.0649
nc73611366,NC,MLC,,EHZ,1,145.0,,264.2,,6.1046
nc73611366,NC,MCS,,EHZ,1,142.0,,308.4,,6.665
nc73611366,NC,MLH,,EHZ,1,139.0,,22.3,,7.3088
nc73611366,NC,MDH1,,DP1,1,134.0,,321.5,,8.8178
nc73611366,NP,1576,10.0,HNZ,-1,130.0,,122.9,,9.8496
nc73611366,NC,MMX1,,HN3,1,129.0,,269.7,,10.0009
nc73611366,NC,MMLB,,HHZ,1,120.0,,291.6,,12.5761
nc73611366,NC,MLI,,HHZ,1,117.0,,278.1,,15.2782
nc73611366,NC,MDY,,HHZ,1,117.0,,287.2,,15.2893
nc73611366,NC,MQ1P,,EHZ,1,116.0,,268.0,,15.445
nc73611366,NC,MMP,,EHZ,1,116.0,,266.9,,16.1121
nc73611366,NC,MCY,,EHZ,1,115.0,,280.0,,16.3679
nc73611366,NC,MINS,,HHZ,1,111.0,,282.1,,19.3479
nc73611366,NC,MDC,2.0,EHZ,-1,110.0,,300.8,,20.0373
nc73611366,NC,MDPB,,HHZ,1,109.0,,274.6,,20.6267
nc73611366,NC,MRC,,EHZ,1,100.0,,78.1,,30.6008
nc73611366,NC,MCD,,EHZ,-1,97.0,,102.2,,36.4386
nc73611366,NC,MMT,,EHZ,1,96.0,,227.7,,39.8411
nc73611456,NC,MCV,,EHZ,1,105.0,,297.3,,29.4333
nc73611456,CI,MLAC,,HHZ,1,104.0,,303.9,,32.2243
nc73611456,NC,MDR,2.0,EHZ,1,103.0,,305.2,,32.6913
nc73611456,NC,MCO,,EHZ,1,103.0,,299.9,,33.592
nc73611456,NC,MLH,,EHZ,-1,102.0,,313.2,,34.0924
nc73611456,NC,MGPB,,EHZ,-1,101.0,,298.3,,37.0613
nc73611456,NC,MLC,,EHZ,1,101.0,,295.4,,37.3504
nc73611456,NC,MDH1,1.0,DP1,1,99.0,,305.4,,40.6306
nc73611456,NC,MDPB,,HHZ,1,96.0,,290.8,,51.5833
nc73611456,NC,MDC,2.0,EHZ,1,95.0,,301.0,,52.3061
nc73611456,NC,MMT,,EHZ,1,94.0,,259.9,,58.1772
nc73611456,NC,MRC,,EHZ,-1,111.0,,5.7,,22.8394
nc73611456,NC,MEM,,EHZ,-1,99.0,,301.5,,42.0873
nc73611456,NN,LHV,,HHZ,1,90.0,,1.6,,86.8766
nc73611456,BK,HELL,0.0,HHZ,-1,88.0,,206.5,,97.8071
nc73611751,NC,MLC,,EHZ,-1,142.0,,40.7,,10.3044
nc73611751,NC,MDPB,,HHZ,-1,134.0,,322.4,,12.6873
nc73611751,NC,MMP,,EHZ,1,148.0,,336.5,,8.2195
nc73611751,NC,MMX1,,EP1,1,147.0,,18.5,,8.8144
nc73611751,NC,MDY,,HHZ,-1,134.0,,352.0,,13.032
nc73611751,NC,MMLB,,HHZ,1,133.0,,4.8,,13.0654
nc73611751,NC,MCO,,EHZ,-1,132.0,,52.8,,14.2218
nc73611751,NC,MCS,,EHZ,1,131.0,,31.0,,14.6555
nc73611751,NC,MCV,,EHZ,-1,130.0,,69.4,,15.3115
nc73611751,NC,MDH,,HNZ,1,128.0,,25.4,,16.9572
nc73611751,NC,MDH1,,DP1,1,128.0,,25.4,,16.9572
nc73611751,NC,MDC,2.0,EHZ,1,125.0,,346.6,,19.1589
nc73611981,NC,MCV,,EHZ,-1,129.0,,65.1,,5.4852
nc73611981,NC,MGPB,,EHZ,-1,123.0,,346.4,,6.4838
nc73611981,NC,MCS,,EHZ,-1,110.0,,349.4,,9.6617
nc73611981,NC,MDH,,HNZ,-1,99.0,,350.5,,12.4316
nc73611981,NC,MQ1P,,EHZ,1,99.0,,292.0,,12.932
nc73611981,NC,MMP,,EHZ,1,98.0,,289.6,,13.4212
nc73611981,NC,MDC,2.0,EHZ,-1,94.0,,318.6,,20.8157
nc73611981,NC,MMT,,EHZ,1,79.0,,230.5,,33.7254
nc73611981,NC,MTU,2.0,EHZ,1,78.0,,130.1,,37.2614
nc73611981,BK,MMI,0.0,HHZ,1,78.0,,257.9,,77.703
nc73611981,NC,MMI,,EHZ,1,78.0,,257.9,,77.7141
nc73611981,NC,MHD,,EHZ,1,77.0,,240.9,,102.5773
nc73611981,NC,MPR,,EHZ,-1,77.0,,285.1,,102.922
nc73611981,NC,MCO,,EHZ,1,127.0,,19.8,,5.8611
nc73611981,NC,MDR,2.0,EHZ,1,113.0,,29.8,,8.7877
nc73611981,NC,MLC,,EHZ,1,130.0,,331.1,,5.4285
nc73611981,NC,MMX1,,EP1,-1,114.0,,309.1,,8.4352
nc73612036,NC,MCV,,EHZ,1,154.0,,47.0,,2.4785
nc73612036,NC,MCO,,EHZ,1,134.0,,346.6,,5.0405
nc73612036,NC,MLC,,EHZ,-1,122.0,,305.7,,7.1209
nc73612036,NC,MDR,2.0,EHZ,1,122.0,,9.8,,7.112
nc73612036,NC,MGPB,,EHZ,1,121.0,,320.6,,7.3789
nc73612036,NC,MMX1,,HN3,-1,108.0,,295.9,,10.797
nc73612036,NC,MLH,,EHZ,-1,105.0,,14.8,,11.909
nc73612036,NC,MMP,,EHZ,-1,98.0,,283.9,,16.2789
nc73612036,NC,MINS,,HHZ,1,94.0,,295.3,,20.6155
nc73612041,NC,MCV,,EHZ,-1,108.0,,349.9,,13.4212
nc73612041,NC,MCO,,EHZ,-1,105.0,,342.0,,17.2797
nc73612041,NC,MLC,,EHZ,-1,103.0,,327.6,,18.5696
nc73612041,NC,MGPB,,EHZ,1,102.0,,332.8,,19.3702
nc73612041,NC,MMX1,,HN3,-1,99.0,,319.5,,21.3717
nc73612041,NC,MCS,,EHZ,-1,98.0,,336.0,,22.3613
nc73612041,NC,MMP,,EHZ,-1,96.0,,307.8,,25.2412
nc73612041,NC,MDH,,HNZ,1,96.0,,338.0,,25.0077
nc73612041,NC,MDPB,,HHZ,-1,93.0,,306.4,,30.3229
nc73612041,NC,MMT,,EHZ,1,92.0,,252.5,,35.0264
nc73612041,NP,1576,10.0,HNZ,1,113.0,,21.7,,11.7867
nc73612041,NC,MCD,,EHZ,1,93.0,,74.8,,32.8692
nc73612041,NC,MRC,,EHZ,1,92.0,,49.0,,34.4482
nc73612041,BK,TOLH,0.0,HHZ,1,87.0,,224.5,,81.05
nc73612241,NC,MCV,,EHZ,-1,108.0,,352.8,,11.6088
nc73612241,NC,MCO,,EHZ,-1,100.0,,343.2,,15.3894
nc73612241,CI,MLAC,,HHZ,-1,100.0,,352.6,,16.101
nc73612241,NC,MLC,,EHZ,-1,99.0,,327.1,,16.657
nc73612241,NC,MDR,2.0,EHZ,-1,99.0,,353.0,,16.9572
nc73612241,NC,MGPB,,EHZ,1,99.0,,332.9,,17.4465
nc73612241,NC,MMX1,,HN3,1,96.0,,318.3,,19.4925
nc73612241,NC,MCS,,EHZ,-1,95.0,,336.3,,20.4376
nc73612241,NC,MDH,,HNZ,1,90.0,,338.5,,23.0952
nc73612241,NC,MMP,,EHZ,1,90.0,,305.8,,23.5066
nc73612241,NC,MTU,2.0,EHZ,-1,90.0,,123.9,,26.5533
nc73612241,NC,MDPB,,HHZ,-1,92.0,,304.7,,28.6105
nc73612241,NC,MFB,,EHZ,-1,84.0,,100.5,,34.526
nc73612241,NC,MMT,,EHZ,1,84.0,,249.4,,34.7262
nc73612406,NC,MLC,,EHZ,-1,123.0,,333.1,,10.608
nc73612406,NP,1576,10.0,HNZ,-1,123.0,,63.5,,10.6414
nc73612406,NC,MMX1,,HN3,-1,114.0,,319.0,,13.2878
nc73612406,NC,MQ1P,,EHZ,-1,110.0,,304.0,,17.0907
nc73612406,NC,MDH,,HNZ,1,110.0,,346.0,,17.4798
nc73612406,NC,MCY,,EHZ,-1,107.0,,311.0,,19.6704
nc73612406,NC,MDY,,HHZ,-1,107.0,,317.6,,19.7593
nc73612406,NC,MINS,,HHZ,-1,102.0,,308.7,,22.6059
nc73612406,NC,MDC,2.0,EHZ,-1,100.0,,321.9,,25.8306
nc73612406,NC,MTU,2.0,EHZ,-1,96.0,,126.3,,32.6357
nc73612406,NC,MMT,,EHZ,1,96.0,,239.3,,32.8247
nc73612406,NC,MCD,,EHZ,1,94.0,,86.2,,36.9612
nc73612406,BK,MMI,0.0,HHZ,1,88.0,,261.6,,79.0262
nc73612406,CI,MLAC,,HHZ,1,119.0,,10.7,,11.6643
nc73612406,NC,MCO,,EHZ,1,124.0,,358.9,,10.2133
nc73612406,NC,MCV,,EHZ,1,134.0,,21.6,,7.5312
nc73612406,NC,MDPB,,HHZ,-1,103.0,,301.3,,22.5726
nc73612406,NC,MDR,2.0,EHZ,1,115.0,,10.0,,12.5094
nc73612406,NC,MGPB,,EHZ,1,120.0,,341.4,,11.6088
nc73612406,NC,MLH,,EHZ,1,110.0,,13.4,,17.3019
nc73612406,NC,MRC,,EHZ,1,95.0,,62.2,,35.2154
nc73612426,NC,MCO,,EHZ,1,99.0,,1.2,,12.2648
nc73612426,NC,MLC,,EHZ,-1,99.0,,339.3,,12.2982
nc73612426,NC,MGPB,,EHZ,-1,98.0,,346.0,,13.4546
nc73612426,NC,MQ1P,,EHZ,1,96.0,,310.3,,17.9691
nc73612426,NC,MDPB,,HHZ,-1,85.0,,306.2,,23.3398
nc73612426,NC,MINS,,HHZ,1,85.0,,313.3,,23.6067
nc73612426,NC,MBS1,,EP1,1,81.0,,346.2,,28.8773
nc73612751,NP,1576,10.0,HNZ,1,104.0,,59.7,,8.5576
nc73612751,NC,MDH,,HNZ,1,85.0,,339.0,,17.7245
nc73612751,NC,MINS,,HHZ,-1,81.0,,304.7,,24.0626
nc73612751,NC,MDPB,,HHZ,-1,81.0,,297.9,,24.2294
nc73612751,NC,MDC,2.0,EHZ,-1,79.0,,317.8,,26.8869
nc73612751,NC,MMT,,EHZ,1,74.0,,240.5,,34.8818
nc73612751,CI,MLAC,,HHZ,-1,98.0,,0.2,,11.0283
nc73612751,NC,MCO,,EHZ,-1,100.0,,346.6,,10.0609
nc73612751,NC,MCS,,EHZ,-1,92.0,,336.2,,15.0669
nc73612751,NC,MCV,,EHZ,-1,112.0,,5.7,,6.6028
nc73612751,NC,MDR,2.0,EHZ,-1,95.0,,0.3,,11.8867
nc73612751,NC,MGPB,,EHZ,-1,90.0,,331.1,,12.0869
nc73612751,NC,MLC,,EHZ,-1,97.0,,322.5,,11.3975
nc73612751,NC,MMLB,,HHZ,-1,84.0,,318.7,,19.0032
nc73612786,NC,MLC,,EHZ,-1,165.0,,150.8,,2.0226
nc73612786,NC,MCS,,EHZ,1,155.0,,31.4,,3.5004
nc73612786,NC,MCO,,EHZ,-1,143.0,,100.1,,5.6987
nc73612786,NC,MDH,,HNZ,1,141.0,,15.1,,5.9523
nc73612786,NC,MDH1,1.0,DP1,-1,141.0,,15.1,,5.9523
nc73612786,NC,MDR,2.0,EHZ,1,132.0,,82.1,,8.0761
nc73612786,NC,MQ1P,,EHZ,1,130.0,,258.6,,8.5398
nc73612786,NC,MMP,,EHZ,-1,127.0,,257.3,,9.2492
nc73612786,NC,MCV,,EHZ,1,126.0,,116.2,,9.5772
nc73612786,NC,MINS,,HHZ,1,115.0,,283.7,,12.2092
nc73612786,NC,MDPB,,HHZ,1,114.0,,272.1,,13.4991
nc73612786,NC,MDC,2.0,EHZ,-1,114.0,,311.9,,13.6325
nc73612806,NP,1589,10.0,HNZ,1,105.0,,91.7,,23.0952
nc73612806,NC,MCV,,EHZ,-1,99.0,,319.6,,32.5912
nc73612806,CI,MLAC,,HHZ,-1,96.0,,323.4,,36.4608
nc73612806,NC,MDR,2.0,EHZ,-1,96.0,,324.2,,37.1391
nc73612806,NC,MGPB,,EHZ,1,95.0,,316.2,,39.9412
nc73612806,NC,MCS,,EHZ,1,95.0,,319.0,,42.4653
nc73612806,NC,MQ1P,,EHZ,1,94.0,,305.7,,46.9465
nc73612806,NC,MMT,,EHZ,1,93.0,,271.3,,52.3172
nc73612806,NC,MINS,,HHZ,-1,93.0,,307.6,,52.4618
nc73612806,NC,MBS1,,EP1,-1,92.0,,324.5,,53.8295
nc73612806,NC,MDC,2.0,EHZ,1,92.0,,313.8,,55.1972
nc73612806,CI,CWC,,HHZ,1,86.0,,156.1,,112.4181
nc73612806,BK,HELL,0.0,HHZ,-1,89.0,,206.9,,85.4644
nc73612806,BK,LIND,0.0,HHZ,-1,85.0,,200.4,,119.9793
nc73612806,BK,MMI,0.0,HHZ,1,87.0,,273.6,,102.4216
nc73612806,CI,POR,,HHZ,1,84.0,,194.8,,144.9982
nc73612806,CI,SPG2,,HHZ,-1,85.0,,187.0,,130.4316
nc73612806,NC,MCD,,EHZ,-1,104.0,,32.6,,23.8624
nc73612806,NC,MCO,,EHZ,-1,96.0,,319.3,,36.9834
nc73612806,NC,MDPB,,HHZ,1,93.0,,304.4,,52.395
nc73612806,NC,MFB,,EHZ,1,115.0,,63.9,,15.7786
nc73612806,NC,MMLB,,HHZ,1,94.0,,313.5,,47.3134
nc73612806,NC,MRC,,EHZ,-1,97.0,,12.0,,34.7929
nc73612806,NC,MTU,2.0,EHZ,1,162.0,,124.2,,2.7721
nc73612916,NC,MCV,,EHZ,1,115.0,,20.7,,7.5401
nc73612916,NC,MCO,,EHZ,1,106.0,,358.2,,10.2722
nc73612916,NC,MLC,,EHZ,1,104.0,,332.6,,10.7114
nc73612916,NC,MGPB,,EHZ,-1,101.0,,340.9,,11.7088
nc73612916,NC,MDR,2.0,EHZ,1,96.0,,9.5,,12.5428
nc73612916,NC,MLH,,EHZ,-1,95.0,,13.0,,17.3242
nc73612916,NC,MBS1,,EP1,1,81.0,,344.0,,27.0982
nc73613126,NP,1576,10.0,HNZ,1,111.0,,56.9,,8.1706
nc73613126,NC,MLH,,EHZ,1,95.0,,4.7,,16.6014
nc73613126,NC,MEM,,EHZ,-1,94.0,,327.6,,17.9802
nc73613126,NC,MDH,,HNZ,-1,94.0,,337.5,,18.0581
nc73613126,NC,MDH1,1.0,DP1,-1,94.0,,337.5,,18.0581
nc73613126,NC,MINS,,HHZ,-1,83.0,,304.3,,24.5963
nc73613126,NC,MDPB,,HHZ,-1,83.0,,297.6,,24.7853
nc73613126,NC,MBS1,,EP1,-1,80.0,,338.7,,27.6097
nc73613126,NC,MCD,,EHZ,1,76.0,,86.4,,34.2703
nc73613126,NC,MMT,,EHZ,1,76.0,,241.1,,35.2933
nc73613126,NC,MFB,,EHZ,-1,75.0,,107.3,,37.2058
nc73613126,BK,MMI,0.0,HHZ,1,74.0,,261.7,,81.7283
nc73613126,NC,MMI,,EHZ,1,74.0,,261.7,,81.7283
nc73613126,NC,MHD,,EHZ,1,74.0,,244.4,,104.8902
nc73613126,NC,MPR,,EHZ,1,74.0,,286.7,,108.8154
nc73613126,CI,MLAC,,HHZ,-1,101.0,,357.4,,11.1862
nc73613126,NC,MCO,,EHZ,-1,104.0,,343.9,,10.3434
nc73613126,NC,MCS,,EHZ,-1,95.0,,334.5,,15.4339
nc73613126,NC,MCV,,EHZ,-1,117.0,,0.9,,6.7195
nc73613126,NC,MDC,2.0,EHZ,-1,81.0,,317.1,,27.3651
nc73613126,NC,MDR,2.0,EHZ,-1,95.0,,357.7,,12.0535
nc73613126,NC,MDY,,HHZ,-1,85.0,,311.8,,21.4829
nc73613126,NC,MGPB,,EHZ,-1,95.0,,329.3,,12.4872
nc73613126,NC,MLC,,EHZ,-1,99.0,,320.8,,11.8534
nc73613126,NC,MMLB,,HHZ,-1,85.0,,317.8,,19.4814
nc73613126,NC,MRC,,EHZ,1,77.0,,60.5,,32.7358
nc73613126,NC,MTU,2.0,EHZ,-1,78.0,,129.7,,30.6898
nc73613186,NC,MTU,2.0,EHZ,1,114.0,,96.5,,21.3605
nc73613186,NC,MCV,,EHZ,-1,111.0,,354.5,,23.9847
nc73613186,NC,MCO,,EHZ,-1,107.0,,349.0,,27.5986
nc73613186,NC,MLC,,EHZ,-1,107.0,,339.4,,28.1323
nc73613186,NC,MDR,2.0,EHZ,-1,105.0,,354.3,,29.3332
nc73613186,NC,MGPB,,EHZ,1,106.0,,342.5,,29.2443
nc73613186,NC,MCS,,EHZ,1,104.0,,343.8,,32.3688
nc73613186,NC,MFB,,EHZ,1,103.0,,79.5,,33.6587
nc73613186,NC,MLH,,EHZ,-1,103.0,,358.2,,33.7143
nc73613186,NC,MMT,,EHZ,1,103.0,,270.3,,33.3807
nc73613186,NC,MDPB,,HHZ,1,101.0,,319.6,,37.595
nc73613186,CI,MLAC,,HHZ,1,106.0,,354.1,,28.477
nc73613186,BK,HELL,0.0,HHZ,-1,90.0,,194.3,,79.5711
nc73613186,BK,MMI,0.0,HHZ,1,90.0,,273.7,,83.474
nc73613186,NC,MMI,,EHZ,1,90.0,,273.7,,83.474
nc73613281,NC,MCO,,EHZ,-1,169.0,,137.0,,1.3188
nc73613281,NC,MGPB,,EHZ,1,159.0,,266.2,,2.6298
nc73613281,NC,MLC,,EHZ,-1,149.0,,245.0,,4.0998
nc73613281,NC,MCS,,EHZ,1,148.0,,316.5,,4.1709
nc73613281,NC,MCV,,EHZ,-1,139.0,,137.1,,5.7087
nc73613281,NC,MDH1,,DP1,1,134.0,,331.6,,6.5827
nc73613281,NC,MLH,,EHZ,1,130.0,,42.1,,7.6346
nc73613286,NC,MGPB,,EHZ,1,161.0,,255.7,,2.5864
nc73613286,NC,MLC,,EHZ,-1,150.0,,238.6,,4.2143
nc73613286,NC,MCV,,EHZ,1,140.0,,139.3,,6.1324
nc73613286,NC,MLH,,EHZ,1,134.0,,45.2,,7.3822
nc73613406,NC,MDR,2.0,EHZ,-1,150.0,,82.3,,3.2914
nc73613406,NC,MLC,,EHZ,1,142.0,,236.9,,4.4667
nc73613406,NC,MDPB,,HHZ,-1,99.0,,269.5,,18.236
nc73613426,NC,MCV,,EHZ,-1,130.0,,1.9,,5.9823
nc73613426,NC,MCO,,EHZ,-1,113.0,,343.2,,9.6084
nc73613426,NC,MLC,,EHZ,-1,108.0,,318.8,,11.2307
nc73613426,NC,MGPB,,EHZ,1,106.0,,327.8,,11.8089
nc73613426,NC,MCS,,EHZ,1,100.0,,333.6,,14.7222
nc73613426,NC,MEM,,EHZ,-1,98.0,,326.5,,17.3131
nc73613426,NC,MDY,,HHZ,-1,94.0,,310.4,,20.9269
nc73613426,NC,MINS,,HHZ,-1,92.0,,303.0,,24.1182
nc73613426,NC,MDPB,,HHZ,-1,92.0,,296.1,,24.3628
nc73613426,NC,MDC,2.0,EHZ,-1,93.0,,316.2,,26.7646
nc73613426,NC,MRC,,EHZ,1,83.0,,61.7,,32.4578
nc73613426,NC,MCD,,EHZ,-1,82.0,,87.7,,34.3148
nc73613426,NC,MMT,,EHZ,1,82.0,,240.0,,35.5824
nc73613451,NC,MQ1P,,EHZ,1,143.0,,313.0,,2.5475
nc73613451,NC,MMP,,EHZ,1,139.0,,299.0,,2.8788
nc73613451,NC,MLI,,HHZ,1,122.0,,340.5,,4.6657
nc73613451,NC,MCY,,EHZ,1,115.0,,333.4,,5.6876
nc73613451,NC,MDY,,HHZ,1,108.0,,351.1,,6.8396
nc73613451,NC,MLC,,EHZ,1,106.0,,77.4,,7.678
nc73613451,NC,MDPB,,HHZ,1,104.0,,299.3,,8.0049
nc73613451,NC,MCO,,EHZ,1,90.0,,78.6,,12.3538
nc73613451,NC,MDC,2.0,EHZ,1,90.0,,343.7,,13.0209
nc73613451,CI,MLAC,,HHZ,-1,91.0,,75.7,,14.9446
nc73613451,NC,MCV,,EHZ,1,92.0,,93.0,,15.1336
nc73613451,NC,MINS,,HHZ,1,103.0,,319.6,,8.2618
nc73613451,NC,MMLB,,HHZ,1,107.0,,15.1,,7.122
nc73613456,NC,MCY,,EHZ,-1,163.0,,225.1,,0.4314
nc73613456,NC,MDY,,HHZ,1,134.0,,40.8,,1.8191
nc73613456,NC,MINS,,HHZ,-1,109.0,,286.2,,3.2391
nc73613456,NC,MDPB,,HHZ,-1,73.0,,252.5,,4.9671
nc73613456,NC,MLI,,HHZ,-1,148.0,,145.4,,1.2031
nc73613456,NC,MMP,,EHZ,-1,79.0,,183.8,,4.0008
nc73613456,NC,MDC,2.0,EHZ,-1,61.0,,348.7,,7.2488
nc73613471,NC,MCY,,EHZ,1,106.0,,333.8,,6.1013
nc73613471,NC,MLC,,EHZ,1,100.0,,74.3,,7.6291
nc73613471,NC,MDPB,,HHZ,1,98.0,,301.1,,8.3263
nc73613471,NC,MINS,,HHZ,1,97.0,,320.6,,8.6543
nc73613471,NC,MCO,,EHZ,1,90.0,,76.7,,12.2982
nc73613471,NC,MDC,2.0,EHZ,1,89.0,,343.5,,13.4323
nc73613471,NC,MCV,,EHZ,1,88.0,,91.5,,14.9668
nc73613476,NC,MQ1P,,EHZ,1,142.0,,316.5,,2.8555
nc73613476,NC,MLI,,HHZ,1,122.0,,340.6,,5.0138
nc73613476,NC,MCY,,EHZ,1,116.0,,333.9,,6.0312
nc73613476,NC,MDY,,HHZ,1,110.0,,350.7,,7.1843
nc73613476,NC,MLC,,EHZ,1,108.0,,74.8,,7.6569
nc73613476,NC,MDPB,,HHZ,1,105.0,,300.9,,8.2607
nc73613476,NC,MGPB,,EHZ,1,103.0,,67.2,,9.1969
nc73613476,NC,MDC,2.0,EHZ,1,90.0,,343.6,,13.3656
nc73613476,CI,MLAC,,HHZ,1,92.0,,74.4,,14.9335
nc73613476,NC,MCV,,EHZ,1,92.0,,91.7,,15.0113
nc73613476,NC,MCO,,EHZ,1,90.0,,77.0,,12.3315
nc73613476,NC,MINS,,HHZ,1,105.0,,320.6,,8.5831
nc73613476,NC,MMLB,,HHZ,1,109.0,,13.7,,7.4189
nc73613476,NC,MMP,,EHZ,1,139.0,,303.4,,3.139
nc73613691,NC,MQ1P,,EHZ,-1,146.0,,307.5,,2.4596
nc73613691,NC,MMP,,EHZ,-1,142.0,,293.9,,2.851
nc73613691,NC,MCY,,EHZ,1,119.0,,331.4,,5.5153
nc73613691,NC,MLC,,EHZ,1,109.0,,79.1,,7.5424
nc73613691,NC,MDPB,,HHZ,1,107.0,,297.4,,7.9682
nc73613691,NC,MINS,,HHZ,1,106.0,,318.1,,8.1395
nc73613691,NC,MGPB,,EHZ,-1,104.0,,70.6,,9.0057
nc73613691,NC,MCO,,EHZ,1,90.0,,79.6,,12.2203
nc73613691,NC,MCV,,EHZ,1,92.0,,93.9,,15.0558
nc73613696,NC,MQ1P,,EHZ,-1,147.0,,295.2,,2.126
nc73613696,NC,MMP,,EHZ,-1,141.0,,282.3,,2.6387
nc73613696,NC,MLC,,EHZ,1,105.0,,83.6,,7.4823
nc73613696,NC,MDPB,,HHZ,1,104.0,,293.6,,7.688
nc73613696,NC,MINS,,HHZ,1,104.0,,315.3,,7.6891
nc73613701,NC,MQ1P,,EHZ,-1,142.0,,323.4,,2.9011
nc73613701,NC,MCY,,EHZ,1,116.0,,336.9,,6.1691
nc73613701,NC,MDPB,,HHZ,1,107.0,,303.3,,8.1973
nc73613701,NC,MGPB,,EHZ,1,103.0,,66.3,,9.5161
nc73613701,NC,MCS,,EHZ,1,99.0,,50.3,,10.9849
nc73613701,NC,MDC,2.0,EHZ,1,91.0,,344.9,,13.5547
nc73613701,CI,MLAC,,HHZ,1,93.0,,73.7,,15.2337
nc73613701,NC,MDR,2.0,EHZ,1,93.0,,70.6,,15.5117
nc73613701,NC,MBS1,,EP1,1,84.0,,14.9,,19.448
nc73613701,NC,MMT,,EHZ,1,79.0,,213.3,,28.6661
nc73613701,BK,MMI,0.0,HHZ,-1,72.0,,253.9,,68.3515
nc73613701,NC,MPR,,EHZ,1,72.0,,285.2,,92.3585
nc73613701,NC,MHD,,EHZ,1,72.0,,236.5,,95.0828
nc73613701,NC,MCO,,EHZ,1,90.0,,76.1,,12.6206
nc73613701,NC,MCV,,EHZ,1,93.0,,90.7,,15.2448
nc73613701,NC,MDY,,HHZ,1,110.0,,352.9,,7.4067
nc73613701,NC,MINS,,HHZ,1,106.0,,322.9,,8.6398
nc73613701,NC,MLC,,EHZ,1,108.0,,73.5,,7.9538
nc73613701,NC,MLI,,HHZ,1,122.0,,344.0,,5.1895
nc73613701,NC,MMP,,EHZ,-1,140.0,,309.9,,3.1046
nc73613801,NC,MDPB,,HHZ,1,106.0,,341.4,,20.7601
nc73613801,NC,MMP,,EHZ,-1,110.0,,352.8,,17.2908
nc73613801,NC,MMT,,EHZ,1,109.0,,240.5,,17.8579
nc73613801,NC,MCV,,EHZ,1,104.0,,45.8,,21.5162
nc73613801,BK,MMI,0.0,HHZ,1,89.0,,266.8,,65.5939
nc73613801,NC,MMI,,EHZ,1,89.0,,266.8,,65.5939
nc73613801,NC,MPR,,EHZ,1,87.0,,293.9,,97.2288
nc73613926,NC,MCO,,EHZ,-1,125.0,,339.4,,10.419
nc73613926,NC,MGPB,,EHZ,1,116.0,,325.8,,12.7652
nc73613926,NC,MLC,,EHZ,-1,117.0,,317.4,,12.2314
nc73613926,NC,MCV,,EHZ,-1,140.0,,354.0,,6.5694
nc73613936,NC,MDH,,HNZ,1,163.0,,320.5,,2.5108
nc73613936,NC,MGPB,,EHZ,1,152.0,,194.9,,4.1665
nc73613936,NC,MCO,,EHZ,-1,146.0,,153.1,,5.3974
nc73613936,NC,MDR,2.0,EHZ,-1,145.0,,119.3,,5.5408
nc73613936,NC,MLC,,EHZ,-1,143.0,,201.2,,5.9834
nc73613936,NC,MMLB,,HHZ,-1,135.0,,267.4,,7.8092
nc73613936,NC,MDY,,HHZ,1,124.0,,267.5,,10.7314
nc73613936,NC,MBS1,,EP1,-1,120.0,,336.7,,11.9423
nc73613936,NC,MDC,2.0,EHZ,-1,115.0,,291.6,,14.333
nc73613936,NC,MINS,,HHZ,1,114.0,,266.4,,15.0558
nc73613936,NC,MDPB,,HHZ,-1,112.0,,258.7,,16.9906
nc73613936,NC,MCS,,EHZ,-1,169.0,,238.0,,1.569
nc73613936,NC,MMP,,EHZ,1,116.0,,244.3,,13.5102
nc73613941,NC,MEM,,EHZ,-1,163.0,,330.0,,1.7168
nc73613941,NC,MDH,,HNZ,-1,146.0,,31.7,,3.5404
nc73613941,NC,MLC,,EHZ,1,138.0,,164.0,,4.6858
nc73613941,NC,MLI,,HHZ,1,120.0,,257.2,,7.9571
nc73613941,NC,MQ1P,,EHZ,1,115.0,,241.1,,9.1969
nc73613941,NC,MCV,,EHZ,-1,108.0,,128.1,,11.2974
nc73613941,NC,MINS,,HHZ,-1,107.0,,270.6,,11.5532
nc73613941,NC,MDC,2.0,EHZ,1,107.0,,302.8,,11.7199
nc73613941,NC,MBS1,,EP1,-1,102.0,,353.9,,12.098
nc73613941,NC,MMT,,EHZ,1,83.0,,215.7,,37.8174
nc73613941,NC,MPR,,EHZ,1,81.0,,280.4,,97.0509
nc73613941,NC,MCO,,EHZ,-1,124.0,,122.4,,6.9997
nc73613941,NC,MCS,,EHZ,-1,158.0,,83.4,,2.1527
nc73613941,NC,MDPB,,HHZ,1,101.0,,260.3,,13.3767
nc73613941,NC,MDR,2.0,EHZ,-1,118.0,,101.1,,8.4664
nc73613941,NC,MLH,,EHZ,-1,111.0,,74.1,,10.5502
nc73613941,NC,MMP,,EHZ,1,112.0,,241.2,,9.933
nc73613956,NC,MDH,,HNZ,-1,146.0,,35.6,,3.4059
nc73613956,NC,MGPB,,EHZ,1,141.0,,141.9,,4.0608
nc73613956,NC,MLC,,EHZ,-1,135.0,,163.4,,4.9493
nc73613956,NC,MCY,,EHZ,1,115.0,,261.3,,8.7332
nc73613956,NC,MQ1P,,EHZ,1,113.0,,239.5,,9.2125
nc73613956,NC,MMP,,EHZ,1,111.0,,239.7,,9.9486
nc73613956,NC,MCV,,EHZ,-1,106.0,,128.6,,11.542
nc73613956,NC,MBS1,,EP1,-1,105.0,,354.4,,11.8423
nc73613956,NC,MDPB,,HHZ,-1,100.0,,259.1,,13.2989
nc73613956,NC,MCO,,EHZ,-1,121.0,,123.5,,7.2299
nc73613956,NC,MCS,,EHZ,-1,156.0,,89.9,,2.2573
nc73613956,NC,MDR,2.0,EHZ,-1,115.0,,102.6,,8.631
nc73613966,NC,MEM,,EHZ,1,170.0,,279.4,,1.0529
nc73613966,NC,MCS,,EHZ,-1,159.0,,118.7,,2.235
nc73613966,NC,MDH1,,DP1,1,158.0,,44.9,,2.394
nc73613966,NC,MGPB,,EHZ,1,140.0,,152.6,,4.807
nc73613966,NC,MLC,,EHZ,-1,133.0,,169.1,,5.9234
nc73613966,NC,MCO,,EHZ,-1,124.0,,131.4,,7.648
nc73613966,NC,MDY,,HHZ,-1,125.0,,264.5,,7.4612
nc73613966,NC,MDR,2.0,EHZ,-1,120.0,,110.0,,8.6476
nc73613966,NC,MMP,,EHZ,1,112.0,,235.5,,10.7715
nc73613966,NC,MDPB,,HHZ,1,103.0,,255.0,,13.8326
nc73613971,NC,MEM,,EHZ,-1,160.0,,339.0,,1.8292
nc73613971,NC,MGPB,,EHZ,1,142.0,,136.5,,3.7695
nc73613971,NC,MDH,,HNZ,-1,141.0,,32.6,,3.8373
nc73613971,NC,MLC,,EHZ,1,137.0,,160.7,,4.5368
nc73613971,NC,MCY,,EHZ,1,114.0,,264.3,,8.5876
nc73613971,NC,MQ1P,,EHZ,1,113.0,,241.8,,8.91
nc73613971,NC,MMP,,EHZ,1,111.0,,241.8,,9.6462
nc73613971,NC,MCV,,EHZ,-1,106.0,,126.5,,11.3308
nc73613971,NC,MDC,2.0,EHZ,-1,105.0,,304.3,,11.6755
nc73613971,NC,MCO,,EHZ,-1,121.0,,119.9,,7.062
nc73613971,NC,MCS,,EHZ,-1,154.0,,78.7,,2.3907
nc73613971,NC,MDPB,,HHZ,-1,99.0,,261.1,,13.1321
nc73613971,NC,MDR,2.0,EHZ,-1,114.0,,99.4,,8.6298
nc73613976,NC,MEM,,EHZ,1,163.0,,340.6,,1.5745
nc73613976,NC,MDH,,HNZ,-1,142.0,,36.2,,3.7295
nc73613976,NC,MGPB,,EHZ,1,140.0,,137.3,,4.0219
nc73613976,NC,MLC,,EHZ,1,135.0,,160.1,,4.7903
nc73613976,NC,MDY,,HHZ,-1,121.0,,275.0,,6.9375
nc73613976,NC,MCY,,EHZ,-1,115.0,,262.7,,8.4808
nc73613976,NC,MQ1P,,EHZ,1,113.0,,240.1,,8.9012
nc73613976,CI,MLAC,,HHZ,-1,113.0,,106.2,,8.9846
nc73613976,NC,MMP,,EHZ,1,110.0,,240.3,,9.6373
nc73613976,NC,MINS,,HHZ,-1,106.0,,270.7,,11.2196
nc73613976,NC,MDC,2.0,EHZ,1,105.0,,303.7,,11.442
nc73613976,NC,MCV,,EHZ,-1,105.0,,127.0,,11.5643
nc73613976,NC,MBS1,,EP1,-1,99.0,,355.5,,12.0646
nc73613976,NC,MRC,,EHZ,1,79.0,,86.3,,37.7284
nc73613976,NC,MCO,,EHZ,-1,120.0,,120.9,,7.2888
nc73613976,NC,MCS,,EHZ,-1,154.0,,84.3,,2.4897
nc73613976,NC,MDPB,,HHZ,-1,99.0,,260.0,,13.0432
nc73613976,NC,MDR,2.0,EHZ,-1,114.0,,100.7,,8.7989
nc73613976,NC,MLH,,EHZ,-1,107.0,,74.6,,10.876
nc73613981,NC,MLC,,EHZ,-1,105.0,,205.0,,3.4593
nc73613981,NC,MCO,,EHZ,-1,99.0,,127.0,,3.9441
nc73613981,NC,MDR,2.0,EHZ,-1,69.0,,92.7,,5.5486
nc73613981,NC,MMLB,,HHZ,1,60.0,,286.4,,7.3956
nc73613981,NC,MCV,,EHZ,1,59.0,,132.4,,8.3007
nc73613981,NC,MDY,,HHZ,1,59.0,,281.2,,10.2077
nc73613981,NC,MCY,,EHZ,-1,59.0,,271.5,,11.5198
nc73613981,NC,MCS,,EHZ,-1,136.0,,338.9,,1.7313
nc73613986,NC,MDH,,HNZ,-1,146.0,,38.7,,3.5004
nc73613986,NC,MCY,,EHZ,1,116.0,,260.8,,8.5353
nc73613986,NC,MQ1P,,EHZ,1,114.0,,238.6,,9.0546
nc73613986,NC,MMP,,EHZ,1,112.0,,238.9,,9.7907
nc73613986,NC,MINS,,HHZ,-1,108.0,,269.2,,11.2307
nc73613986,NC,MDC,2.0,EHZ,-1,107.0,,302.5,,11.2974
nc73613986,NC,MCV,,EHZ,-1,106.0,,128.2,,11.7311
nc73613986,NC,MBS1,,EP1,-1,106.0,,355.4,,11.7867
nc73613986,NC,MCO,,EHZ,-1,121.0,,122.8,,7.4223
nc73613986,NC,MCS,,EHZ,-1,155.0,,90.8,,2.463
nc73613986,NC,MDPB,,HHZ,-1,101.0,,258.8,,13.1099
nc73613986,NC,MDR,2.0,EHZ,-1,115.0,,102.5,,8.84
nc73613986,NC,MGPB,,EHZ,-1,140.0,,140.0,,4.2198
nc73613986,NC,MLC,,EHZ,1,135.0,,161.3,,5.0471
nc73613991,NC,MEM,,EHZ,1,163.0,,336.9,,1.5945
nc73613991,NC,MDH,,HNZ,-1,143.0,,35.0,,3.655
nc73613991,NC,MGPB,,EHZ,-1,141.0,,138.6,,3.9663
nc73613991,NC,MLC,,EHZ,-1,135.0,,161.3,,4.7736
nc73613991,NC,MCO,,EHZ,-1,121.0,,121.5,,7.2099
nc73613991,NC,MMP,,EHZ,1,111.0,,240.5,,9.7362
nc73613991,NC,MLH,,EHZ,1,108.0,,74.5,,10.7715
nc73613991,NC,MINS,,HHZ,1,106.0,,270.6,,11.3196
nc73613991,NC,MCV,,EHZ,-1,106.0,,127.4,,11.4976
nc73613991,NC,MDC,2.0,EHZ,1,106.0,,303.4,,11.5198
nc73613991,NC,MBS1,,EP1,1,100.0,,355.0,,12.0535
nc73613991,NC,MDPB,,HHZ,1,100.0,,260.0,,13.1432
nc73613991,NC,MCS,,EHZ,-1,155.0,,84.5,,2.3851
nc73613991,NC,MDR,2.0,EHZ,-1,115.0,,101.0,,8.701
nc73613996,NC,MEM,,EHZ,-1,165.0,,345.3,,1.3632
nc73613996,NC,MDH,,HNZ,1,143.0,,39.9,,3.7072
nc73613996,NC,MDH1,1.0,DP1,1,143.0,,39.9,,3.7072
nc73613996,NC,MLC,,EHZ,-1,134.0,,158.8,,5.0082
nc73613996,NC,MCO,,EHZ,-1,120.0,,121.3,,7.5257
nc73613996,NC,MMP,,EHZ,1,112.0,,238.9,,9.5694
nc73613996,NC,MINS,,HHZ,1,108.0,,269.8,,11.0405
nc73613996,NC,MDC,2.0,EHZ,1,107.0,,303.5,,11.1973
nc73613996,NC,MCV,,EHZ,-1,105.0,,127.2,,11.8089
nc73613996,NC,MBS1,,EP1,1,105.0,,356.3,,11.8867
nc73613996,NC,MDPB,,HHZ,1,100.0,,259.1,,12.8986
nc73613996,NC,MCS,,EHZ,-1,153.0,,88.3,,2.6553
nc73613996,NC,MDR,2.0,EHZ,-1,114.0,,101.5,,9.0046
nc73614001,NC,MCY,,EHZ,1,121.0,,332.5,,4.4156
nc73614001,NC,MDPB,,HHZ,1,105.0,,293.0,,7.0286
nc73614001,NC,MLC,,EHZ,1,101.0,,86.4,,8.026
nc73614006,NC,MCV,,EHZ,1,108.0,,19.0,,4.7981
nc73614006,NC,MCO,,EHZ,-1,95.0,,349.6,,7.8804
nc73614006,NC,MLC,,EHZ,-1,93.0,,319.3,,9.2403
nc73614006,NC,MGPB,,EHZ,1,92.0,,330.0,,9.8697
nc73614006,NC,MEM,,EHZ,-1,85.0,,327.8,,15.356
nc73614011,NC,MEM,,EHZ,1,162.0,,341.9,,1.6802
nc73614011,NC,MDH,,HNZ,-1,142.0,,35.2,,3.8195
nc73614011,NC,MGPB,,EHZ,1,141.0,,136.2,,3.9407
nc73614011,NC,MMLB,,HHZ,-1,141.0,,281.7,,4.0764
nc73614011,NC,MLC,,EHZ,1,136.0,,159.6,,4.6869
nc73614011,NC,MQ1P,,EHZ,1,114.0,,240.7,,8.8467
nc73614011,CI,MLAC,,HHZ,-1,114.0,,105.5,,8.9545
nc73614011,NC,MDC,2.0,EHZ,-1,106.0,,304.2,,11.4976
nc73614011,NC,MCV,,EHZ,-1,106.0,,126.6,,11.4976
nc73614011,NC,MBS1,,EP1,-1,100.0,,355.6,,12.1758
nc73614011,NC,MMT,,EHZ,1,80.0,,215.3,,37.5283
nc73614011,NC,MCO,,EHZ,-1,121.0,,120.2,,7.2321
nc73614011,NC,MCS,,EHZ,-1,154.0,,81.8,,2.503
nc73614011,NC,MDPB,,HHZ,-1,100.0,,260.5,,13.0209
nc73614011,NC,MDR,2.0,EHZ,-1,115.0,,100.0,,8.7788
nc73614011,NC,MINS,,HHZ,-1,107.0,,271.2,,11.2196
nc73614011,NC,MMP,,EHZ,1,112.0,,240.8,,9.5828
nc73614016,NC,MEM,,EHZ,-1,165.0,,342.1,,1.4633
nc73614016,NC,MDH,,HNZ,-1,144.0,,37.9,,3.7006
nc73614016,NC,MDH1,1.0,DP1,1,144.0,,37.9,,3.7006
nc73614016,NC,MLC,,EHZ,1,136.0,,159.6,,4.9026
nc73614016,NC,MCY,,EHZ,1,117.0,,262.0,,8.4208
nc73614016,CI,MLAC,,HHZ,-1,114.0,,106.6,,9.0813
nc73614016,NC,MINS,,HHZ,-1,108.0,,270.2,,11.1417
nc73614016,NC,MCV,,EHZ,-1,106.0,,127.2,,11.6866
nc73614016,NC,MBS1,,EP1,-1,105.0,,355.8,,11.9646
nc73614016,NC,MRD,2.0,EHZ,1,101.0,,240.5,,12.5761
nc73614016,NC,MDPB,,HHZ,-1,101.0,,259.5,,12.9876
nc73614016,NC,MMT,,EHZ,1,81.0,,215.1,,37.6506
nc73614016,NC,MRC,,EHZ,1,81.0,,86.4,,37.7952
nc73614016,NC,MCO,,EHZ,-1,121.0,,121.3,,7.3989
nc73614016,NC,MCS,,EHZ,-1,154.0,,86.6,,2.5553
nc73614016,NC,MDC,2.0,EHZ,-1,107.0,,303.6,,11.3308
nc73614016,NC,MDR,2.0,EHZ,-1,115.0,,101.2,,8.8889
nc73614016,NC,MGPB,,EHZ,-1,141.0,,137.4,,4.1398
nc73614016,NC,MLH,,EHZ,-1,109.0,,75.2,,10.9227
nc73614016,NC,MMLB,,HHZ,-1,142.0,,279.1,,3.9674
nc73614016,NC,MMP,,EHZ,1,112.0,,239.6,,9.6206
nc73614016,NC,MQ1P,,EHZ,1,115.0,,239.3,,8.8845
nc73614021,NC,MEM,,EHZ,-1,164.0,,334.4,,1.4833
nc73614021,NC,MCS,,EHZ,-1,156.0,,87.6,,2.3618
nc73614021,NC,MDH,,HNZ,1,145.0,,36.0,,3.5404
nc73614021,NC,MDH1,1.0,DP1,1,145.0,,36.0,,3.5404
nc73614021,NC,MGPB,,EHZ,1,141.0,,140.0,,4.0542
nc73614021,NC,MMLB,,HHZ,-1,141.0,,277.9,,4.1487
nc73614021,NC,MLC,,EHZ,1,136.0,,162.0,,4.8915
nc73614021,NC,MCO,,EHZ,-1,122.0,,122.4,,7.2655
nc73614021,NC,MDR,2.0,EHZ,-1,116.0,,101.8,,8.7121
nc73614021,NC,MQ1P,,EHZ,1,114.0,,239.7,,9.0768
nc73614021,NC,MMP,,EHZ,1,111.0,,239.9,,9.813
nc73614021,NC,MDC,2.0,EHZ,-1,107.0,,302.8,,11.4642
nc73614021,NC,MCV,,EHZ,-1,106.0,,128.0,,11.5643
nc73614021,NC,MBS1,,EP1,-1,105.0,,354.9,,11.9312
nc73614021,NC,MDPB,,HHZ,1,100.0,,259.5,,13.1877
nc73614021,CI,MLAC,,HHZ,-1,115.0,,107.3,,8.9145
nc73614026,NC,MCO,,EHZ,-1,113.0,,117.0,,7.1976
nc73614026,NC,MMP,,EHZ,1,105.0,,242.4,,9.2648
nc73614031,NC,MEM,,EHZ,1,167.0,,339.9,,1.2665
nc73614031,NC,MDH,,HNZ,-1,146.0,,40.1,,3.5516
nc73614031,NC,MDH1,1.0,DP1,1,146.0,,40.1,,3.5516
nc73614031,NC,MGPB,,EHZ,1,141.0,,139.1,,4.301
nc73614031,NC,MLC,,EHZ,1,135.0,,160.3,,5.0994
nc73614031,NC,MQ1P,,EHZ,1,116.0,,238.2,,8.9768
nc73614031,CI,MLAC,,HHZ,-1,115.0,,107.8,,9.1547
nc73614031,NC,MMP,,EHZ,1,113.0,,238.5,,9.7118
nc73614031,NC,MDC,2.0,EHZ,-1,109.0,,302.7,,11.2084
nc73614031,NC,MBS1,,EP1,-1,107.0,,355.8,,11.7644
nc73614031,NC,MCV,,EHZ,-1,107.0,,127.9,,11.82
nc73614031,NC,MDPB,,HHZ,-1,102.0,,258.6,,13.0098
nc73614031,NC,MCO,,EHZ,-1,122.0,,122.5,,7.519
nc73614031,NC,MCS,,EHZ,-1,155.0,,91.1,,2.5664
nc73614031,NC,MDR,2.0,EHZ,-1,116.0,,102.5,,8.9445
nc73614036,NC,MCO,,EHZ,-1,117.0,,118.0,,7.678
nc73614036,NC,MDPB,,HHZ,-1,98.0,,260.3,,12.4983
nc73614041,NC,MEM,,EHZ,-1,170.0,,292.9,,0.9196
nc73614041,NC,MCS,,EHZ,-1,157.0,,112.4,,2.3284
nc73614041,NC,MDH1,,DP1,1,154.0,,45.0,,2.6598
nc73614041,NC,MLC,,EHZ,-1,131.0,,166.9,,5.7821
nc73614041,NC,MCO,,EHZ,-1,121.0,,129.5,,7.6736
nc73614041,NC,MDR,2.0,EHZ,-1,117.0,,108.4,,8.7677
nc73614041,NC,MDPB,,HHZ,-1,101.0,,255.5,,13.5991
nc73614296,NC,MMP,,EHZ,-1,113.0,,332.7,,5.6098
nc73614296,NC,MQ1P,,EHZ,-1,113.0,,340.2,,5.6598
nc73614296,NC,MLC,,EHZ,-1,99.0,,54.7,,9.1035
nc73614296,NC,MDPB,,HHZ,-1,96.0,,316.8,,10.2844
nc73614296,NC,MBS1,,EP1,1,82.0,,12.5,,22.3168
nc73614311,NC,MCV,,EHZ,-1,104.0,,344.0,,10.1488
nc73614311,NC,MCO,,EHZ,-1,94.0,,336.0,,14.1996
nc73614311,NC,MDR,2.0,EHZ,-1,94.0,,347.3,,15.4561
nc73614311,NC,MLC,,EHZ,-1,94.0,,319.7,,16.0454
nc73614311,NC,MGPB,,EHZ,1,94.0,,326.0,,16.6236
nc73614311,NC,MCS,,EHZ,-1,85.0,,330.7,,19.4702
nc73614311,NC,MQ1P,,EHZ,-1,84.0,,302.0,,23.2953
nc73614311,NC,MMP,,EHZ,-1,83.0,,300.5,,23.6734
nc73614311,NC,MDY,,HHZ,-1,82.0,,312.5,,25.686
nc73614311,NC,MTU,2.0,EHZ,-1,81.0,,128.6,,26.5089
nc73614311,NC,MINS,,HHZ,-1,79.0,,306.0,,28.7328
nc73614311,NC,MMT,,EHZ,1,75.0,,247.6,,36.6165
nc73614621,CI,MLAC,,HHZ,-1,109.0,,359.1,,10.1421
nc73614621,NC,MGPB,,EHZ,-1,106.0,,328.1,,11.4197
nc73614621,NC,MCS,,EHZ,-1,98.0,,334.0,,14.3441
nc73614621,NC,MLH,,EHZ,-1,98.0,,6.3,,15.6006
nc73614621,NC,MQ1P,,EHZ,1,96.0,,296.6,,18.4472
nc73614621,NC,MMLB,,HHZ,-1,96.0,,316.4,,18.4806
nc73614621,NC,MMP,,EHZ,1,96.0,,294.8,,18.892
nc73614621,NC,MINS,,HHZ,1,85.0,,302.7,,23.729
nc73614621,NC,MDPB,,HHZ,-1,85.0,,295.8,,23.9959
nc73614621,NC,MBS1,,EP1,1,83.0,,338.6,,26.5089
nc73614621,NC,MCO,,EHZ,-1,112.0,,344.2,,9.2503
nc73614621,NC,MCV,,EHZ,-1,129.0,,4.6,,5.701
nc73614621,NC,MDR,2.0,EHZ,-1,107.0,,359.3,,11.0038
nc73614621,NC,MLC,,EHZ,-1,107.0,,318.8,,10.8304
nc73614666,NC,MTU,2.0,EHZ,-1,148.0,,151.1,,6.9986
nc73614666,NC,MFB,,EHZ,1,124.0,,81.2,,15.4561
nc73614666,NC,MCV,,EHZ,1,107.0,,315.2,,28.4993
nc73614666,NC,MDR,2.0,EHZ,1,104.0,,321.1,,32.847
nc73614666,NC,MCO,,EHZ,1,104.0,,315.5,,32.8803
nc73614666,NC,MLH,,EHZ,-1,103.0,,328.0,,35.4378
nc73614666,NC,MDPB,,HHZ,1,97.0,,300.7,,49.0147
nc73614666,NC,MMT,,EHZ,1,97.0,,266.2,,51.3276
nc73614666,NC,MRC,,EHZ,1,106.0,,15.7,,30.6231
nc73614666,BK,TOLH,0.0,HHZ,1,90.0,,235.8,,90.3236
nc73614681,NC,MMT,,EHZ,-1,158.0,,209.9,,8.3229
nc73614681,NC,MMP,,EHZ,-1,134.0,,26.0,,20.8602
nc73614681,NC,MDPB,,HHZ,-1,133.0,,12.4,,21.7497
nc73614681,NC,MCY,,EHZ,-1,129.0,,22.1,,24.2071
nc73614681,NC,MINS,,HHZ,-1,129.0,,14.9,,24.4518
nc73614681,NC,MDY,,HHZ,1,127.0,,23.7,,26.3421
nc73614681,NC,MLC,,EHZ,1,126.0,,45.1,,27.0204
nc73614681,NC,MGPB,,EHZ,-1,124.0,,44.5,,28.8884
nc73614681,NC,MCO,,EHZ,1,122.0,,50.2,,30.9678
nc73614681,NC,MDC,2.0,EHZ,-1,122.0,,15.0,,30.89
nc73614681,NC,MCV,,EHZ,1,121.0,,58.2,,31.5238
nc73614681,NC,MDR,2.0,EHZ,-1,119.0,,50.0,,34.148
nc73614681,NC,MTU,2.0,EHZ,1,108.0,,100.8,,51.3609
nc73614681,BK,MMI,0.0,HHZ,1,107.0,,267.7,,54.1408
nc73614681,NC,MRC,,EHZ,-1,104.0,,64.7,,61.0238
nc73614681,BK,TOLH,0.0,HHZ,1,104.0,,206.7,,61.046
nc73614681,BK,BUCR,0.0,HHZ,-1,96.0,,286.4,,93.4927
nc73614686,NC,MMT,,EHZ,-1,157.0,,212.4,,8.7722
nc73614686,NC,MMP,,EHZ,-1,136.0,,24.8,,20.4487
nc73614686,NC,MDPB,,HHZ,-1,134.0,,11.1,,21.4495
nc73614686,NC,MINS,,HHZ,-1,130.0,,13.8,,24.1404
nc73614686,NC,MGPB,,EHZ,-1,125.0,,43.9,,28.3658
nc73614686,NC,MCO,,EHZ,1,123.0,,49.7,,30.4118
nc73614686,NC,MCV,,EHZ,1,123.0,,57.9,,30.9567
nc73614686,BK,MMI,0.0,HHZ,1,107.0,,267.5,,54.719
nc73614686,BK,TOLH,0.0,HHZ,1,105.0,,207.1,,61.4686
nc73614686,BK,BUCR,0.0,HHZ,-1,96.0,,286.2,,93.982
nc73614686,BK,LEGD,0.0,HHZ,1,96.0,,254.6,,94.1376
nc73614706,NC,MMT,,EHZ,-1,146.0,,218.9,,10.1543
nc73614706,NC,MMP,,EHZ,-1,128.0,,21.0,,19.3368
nc73614706,NC,MQ1P,,EHZ,-1,127.0,,22.4,,19.9039
nc73614706,NC,MDPB,,HHZ,1,125.0,,6.9,,20.6934
nc73614706,NC,MINS,,HHZ,-1,121.0,,10.1,,23.2953
nc73614706,NC,MLC,,EHZ,1,119.0,,42.7,,24.9744
nc73614706,NC,MGPB,,EHZ,1,117.0,,42.1,,26.8647
nc73614706,NC,MCV,,EHZ,1,114.0,,57.0,,29.2776
nc73614706,NC,MDC,2.0,EHZ,-1,114.0,,11.2,,29.7113
nc73614706,NC,MTU,2.0,EHZ,1,103.0,,102.1,,49.3149
nc73614831,NC,MGPB,,EHZ,1,142.0,,307.4,,6.6684
nc73614831,NC,MMP,,EHZ,1,115.0,,277.8,,16.568
nc73614831,NC,MDPB,,HHZ,1,108.0,,282.9,,21.4161
nc73614831,NC,MDC,2.0,EHZ,-1,107.0,,307.4,,22.05
nc73615031,NP,1576,10.0,HNZ,1,126.0,,23.7,,6.8418
nc73615031,NC,MCV,,EHZ,-1,115.0,,335.1,,9.4171
nc73615031,NC,MCO,,EHZ,-1,102.0,,329.4,,13.6659
nc73615031,CI,MLAC,,HHZ,-1,102.0,,340.6,,13.7771
nc73615031,NC,MDR,2.0,EHZ,-1,101.0,,341.8,,14.5888
nc73615031,NC,MLC,,EHZ,-1,100.0,,313.6,,15.9787
nc73615031,NC,MGPB,,EHZ,1,100.0,,320.2,,16.3568
nc73615031,NC,MLH,,EHZ,1,98.0,,351.6,,18.5584
nc73615031,NC,MCS,,EHZ,-1,97.0,,325.8,,19.0588
nc73615031,NC,MMLB,,HHZ,-1,90.0,,313.4,,23.6512
nc73615031,NC,MQ1P,,EHZ,-1,90.0,,298.0,,23.7068
nc73615031,NC,MMP,,EHZ,-1,90.0,,296.5,,24.1293
nc73615031,NC,MCY,,EHZ,-1,90.0,,303.8,,26.0085
nc73615031,NC,MTU,2.0,EHZ,-1,90.0,,132.3,,26.4088
nc73615031,NC,MDPB,,HHZ,-1,91.0,,297.1,,29.2554
nc73615031,NC,MRC,,EHZ,1,92.0,,53.7,,30.2673
nc73615031,NC,MDC,2.0,EHZ,-1,92.0,,314.0,,31.5349
nc73615031,NC,MMT,,EHZ,1,84.0,,246.5,,38.1732
nc73615056,NP,1576,10.0,HNZ,-1,109.0,,116.6,,6.536
nc73615056,NC,MGPB,,EHZ,1,103.0,,294.5,,8.1328
nc73615056,NC,MDH,,HNZ,-1,90.0,,319.7,,12.2314
nc73615056,NC,MDH1,1.0,DP1,1,90.0,,319.7,,12.2314
nc73615056,NC,MQ1P,,EHZ,1,85.0,,276.1,,17.9691
nc73615056,NC,MDY,,HHZ,-1,84.0,,292.2,,18.4028
nc73615056,NC,MDC,2.0,EHZ,-1,81.0,,302.9,,23.3843
nc73615056,NC,MRC,,EHZ,1,77.0,,72.4,,28.8662
nc73615056,NC,MTU,2.0,EHZ,-1,73.0,,140.0,,35.1821
nc73615056,NC,MMT,,EHZ,1,71.0,,232.6,,40.1636
nc73615056,CI,MLAC,,HHZ,-1,126.0,,338.5,,4.0998
nc73615056,NC,MCO,,EHZ,-1,122.0,,303.6,,4.6557
nc73615056,NC,MCS,,EHZ,-1,98.0,,310.7,,10.0809
nc73615056,NC,MCV,,EHZ,1,163.0,,234.1,,1.1012
nc73615056,NC,MDPB,,HHZ,1,81.0,,280.1,,23.3398
nc73615056,NC,MDR,2.0,EHZ,-1,119.0,,342.4,,4.9081
nc73615056,NC,MLC,,EHZ,1,101.0,,282.1,,8.6932
nc73615056,NC,MLH,,EHZ,-1,100.0,,2.2,,9.1891
nc73615056,NC,MMP,,EHZ,1,84.0,,274.8,,18.5807
nc73615116,NC,MCV,,EHZ,1,118.0,,46.9,,5.7844
nc73615116,NC,MLC,,EHZ,-1,110.0,,332.2,,7.2343
nc73615116,NC,MCO,,EHZ,1,110.0,,9.8,,7.2655
nc73615116,NC,MGPB,,EHZ,1,106.0,,344.0,,8.2685
nc73615116,CI,MLAC,,HHZ,-1,104.0,,23.2,,9.1469
nc73615116,NC,MDR,2.0,EHZ,1,101.0,,21.3,,9.9508
nc73615116,NC,MCS,,EHZ,1,97.0,,347.2,,11.4308
nc73615141,CI,MLAC,,HHZ,1,165.0,,73.5,,0.5323
nc73615141,NC,MGPB,,EHZ,1,90.0,,266.8,,5.3985
nc73615141,NC,MCS,,EHZ,-1,90.0,,297.2,,6.3403
nc73615141,NC,MDH1,1.0,DP1,1,87.0,,313.9,,8.1795
nc73615141,NC,MQ1P,,EHZ,-1,82.0,,263.6,,15.9454
nc73615141,NC,MMP,,EHZ,1,82.0,,262.7,,16.6348
nc73615141,NC,MDPB,,HHZ,1,79.0,,271.1,,20.9714
nc73615141,NC,MRC,,EHZ,-1,74.0,,80.3,,29.967
nc73615141,NC,MCO,,EHZ,1,131.0,,239.5,,2.1616
nc73615141,NC,MCV,,EHZ,-1,101.0,,165.4,,4.4522
nc73615141,NC,MDR,2.0,EHZ,1,153.0,,27.3,,1.1409
nc73615141,NC,MLC,,EHZ,1,90.0,,254.0,,6.7451
nc73615186,NC,MCV,,EHZ,-1,114.0,,338.6,,9.4682
nc73615186,NC,MCO,,EHZ,-1,101.0,,331.9,,13.6547
nc73615186,CI,MLAC,,HHZ,-1,101.0,,343.0,,13.8771
nc73615186,NC,MDR,2.0,EHZ,-1,100.0,,344.0,,14.7
nc73615186,NC,MLC,,EHZ,-1,99.0,,315.6,,15.8008
nc73615186,NC,MGPB,,EHZ,-1,99.0,,322.2,,16.2456
nc73615186,NC,MLH,,EHZ,-1,97.0,,353.2,,18.7697
nc73615186,NC,MCS,,EHZ,-1,97.0,,327.5,,19.0032
nc73615186,NC,MTU,2.0,EHZ,-1,93.0,,131.1,,26.6089
nc73615186,NC,MDPB,,HHZ,-1,94.0,,298.0,,28.9218
nc73615186,NC,MDC,2.0,EHZ,-1,84.0,,315.0,,31.357
nc73615186,NC,MMT,,EHZ,1,82.0,,246.6,,37.595
nc73615211,NC,MQ1P,,EHZ,1,162.0,,337.8,,1.3532
nc73615211,NC,MMP,,EHZ,-1,160.0,,308.1,,1.48
nc73615211,NC,MCY,,EHZ,1,127.0,,345.4,,4.7536
nc73615211,NC,MDPB,,HHZ,-1,115.0,,301.3,,6.5916
nc73615211,NC,MINS,,HHZ,1,113.0,,325.5,,7.0531
nc73615211,NC,MLC,,EHZ,1,106.0,,82.4,,8.9278
nc73615211,NC,MDC,2.0,EHZ,1,92.0,,349.1,,12.2314
nc73615211,NC,MCO,,EHZ,1,93.0,,81.7,,13.6103
nc73615626,NC,MCV,,EHZ,-1,121.0,,322.6,,15.6006
nc73615626,NC,MCO,,EHZ,-1,115.0,,321.4,,19.9706
nc73615626,NC,MDR,2.0,EHZ,-1,114.0,,330.4,,20.3709
nc73615626,NC,MLC,,EHZ,-1,110.0,,311.0,,22.6393
nc73615626,NC,MGPB,,EHZ,1,110.0,,315.8,,22.9062
nc73615626,NC,MCS,,EHZ,-1,108.0,,320.4,,25.4525
nc73615626,NC,MINS,,HHZ,-1,101.0,,303.2,,35.738
nc73615626,NC,MDPB,,HHZ,-1,101.0,,298.5,,35.9271
nc73615626,NC,MDC,2.0,EHZ,1,100.0,,312.4,,38.1843
nc73615626,NC,MMT,,EHZ,1,98.0,,254.4,,42.1206
nc73615626,BK,MMI,0.0,HHZ,1,89.0,,266.2,,90.7017
nc73615706,NC,MLI,,HHZ,1,126.0,,296.7,,3.0356
nc73615706,NC,MQ1P,,EHZ,-1,123.0,,246.6,,3.2836
nc73615706,NC,MMP,,EHZ,1,114.0,,245.8,,4.0186
nc73615706,NC,MLC,,EHZ,1,99.0,,102.3,,6.4949
nc73615706,NC,MINS,,HHZ,1,96.0,,296.6,,7.2766
nc73615706,NC,MGPB,,EHZ,1,96.0,,88.6,,7.4434
nc73615706,NC,MDPB,,HHZ,-1,94.0,,276.1,,8.1839
nc73615821,NC,MMP,,EHZ,1,111.0,,272.1,,3.2135
nc73615821,NC,MLC,,EHZ,-1,69.0,,86.7,,6.8151
nc73615821,NC,MINS,,HHZ,1,70.0,,309.7,,7.857
nc73615821,NC,MDPB,,HHZ,1,70.0,,288.9,,8.1172
nc73615951,NC,MCV,,EHZ,-1,158.0,,282.0,,3.1546
nc73615951,NC,MDR,2.0,EHZ,-1,138.0,,328.5,,7.0153
nc73615951,NC,MCO,,EHZ,-1,137.0,,302.6,,7.201
nc73615951,NC,MLC,,EHZ,1,123.0,,286.3,,11.1417
nc73615951,NC,MCS,,EHZ,-1,116.0,,308.7,,12.5984
nc73615951,NC,MDC,2.0,EHZ,1,101.0,,302.7,,25.9195
nc73615951,NC,MDH1,,DP1,-1,114.0,,316.5,,14.6666
nc73616211,NC,MQ1P,,EHZ,-1,132.0,,319.0,,3.3325
nc73616211,NC,MMP,,EHZ,-1,129.0,,307.5,,3.5771
nc73616211,NC,MCY,,EHZ,1,108.0,,333.9,,6.5271
nc73616211,NC,MLC,,EHZ,1,104.0,,71.1,,7.5746
nc73616211,NC,MDY,,HHZ,1,104.0,,349.7,,7.6602
nc73616211,NC,MDPB,,HHZ,1,100.0,,302.7,,8.681
nc73616211,NC,MINS,,HHZ,1,99.0,,321.3,,9.0668
nc73616211,NC,MDC,2.0,EHZ,1,90.0,,343.3,,13.8549
nc73616211,NC,MCV,,EHZ,1,88.0,,90.0,,14.7889
nc73616481,NC,MCV,,EHZ,1,78.0,,28.9,,8.3363
nc73616481,NC,MLC,,EHZ,-1,78.0,,339.9,,10.3778
nc73616481,NC,MGPB,,EHZ,1,77.0,,347.7,,11.5643
nc73616481,NC,MMT,,EHZ,-1,69.0,,238.6,,31.6016
nc73616531,NC,MMT,,EHZ,-1,149.0,,212.9,,10.0509
nc73616531,NC,MMP,,EHZ,-1,132.0,,24.1,,19.1922
nc73616531,NC,MDPB,,HHZ,-1,130.0,,9.6,,20.2931
nc73616531,NC,MLI,,HNZ,1,126.0,,23.2,,22.3279
nc73616531,NC,MINS,,HHZ,-1,125.0,,12.6,,22.9506
nc73616531,NC,MDY,,HHZ,-1,123.0,,22.1,,24.7075
nc73616531,NC,MLC,,EHZ,1,123.0,,45.0,,25.2301
nc73616531,NC,MDC,2.0,EHZ,-1,118.0,,13.1,,29.3777
nc73616531,NC,MCV,,EHZ,1,118.0,,58.8,,29.7669
nc73616531,NC,MDH1,,DP1,1,116.0,,36.0,,31.3125
nc73616531,BK,MMI,0.0,HHZ,1,103.0,,266.5,,55.5196
nc73616531,BK,TOLH,0.0,HHZ,1,100.0,,207.3,,62.7251
nc73616531,NC,MHD,,EHZ,1,96.0,,241.8,,78.3035
nc73616531,NC,MPR,,EHZ,1,95.0,,296.7,,88.2665
nc73616531,BK,BUCR,0.0,HHZ,-1,94.0,,285.5,,94.4156
nc73616531,BK,LEGD,0.0,HHZ,1,94.0,,254.1,,95.1384
nc73616531,NC,MMI,,EHZ,1,103.0,,266.5,,55.5196
nc73616531,NC,MRC,,EHZ,-1,101.0,,65.2,,59.3114
nc73616531,NC,MCD,,EHZ,1,101.0,,79.6,,60.5901
nc73616531,BK,DRDG,0.0,HHZ,1,92.0,,317.1,,109.2601
nc73616561,NC,MMT,,EHZ,-1,147.0,,198.1,,9.9431
nc73616561,NC,MMP,,EHZ,-1,129.0,,31.7,,19.4146
nc73616561,NC,MDPB,,HHZ,-1,128.0,,16.8,,19.8483
nc73616561,NC,MDY,,HHZ,1,121.0,,28.0,,24.7965
nc73616561,NC,MLC,,EHZ,1,119.0,,50.2,,26.2976
nc73616561,NC,MDC,2.0,EHZ,-1,116.0,,18.1,,29.0441
nc73616561,NC,MCV,,EHZ,1,114.0,,62.7,,31.3458
nc73616561,NC,MDR,2.0,EHZ,-1,112.0,,54.1,,33.6142
nc73616561,BK,MMI,0.0,HHZ,1,102.0,,265.2,,53.229
nc73616561,NC,MMI,,EHZ,1,102.0,,265.2,,53.229
nc73616561,NC,MHD,,EHZ,1,96.0,,240.3,,76.7245
nc73616561,NC,MPR,,EHZ,-1,94.0,,296.8,,85.6868
nc73616561,BK,BUCR,0.0,HHZ,-1,93.0,,285.2,,91.8581
nc73616626,NC,MMT,,EHZ,-1,148.0,,211.2,,9.8697
nc73616626,NC,MDPB,,HHZ,-1,128.0,,10.5,,20.3598
nc73616626,NC,MCY,,EHZ,1,124.0,,21.0,,22.7171
nc73616626,NC,MINS,,HHZ,-1,123.0,,13.4,,23.0285
nc73616626,NC,MLC,,EHZ,1,121.0,,45.6,,25.4748
nc73616626,NC,MGPB,,EHZ,1,119.0,,44.8,,27.3428
nc73616626,NC,MDR,2.0,EHZ,1,114.0,,50.5,,32.6246
nc73616626,NC,MLH,,EHZ,1,110.0,,46.9,,36.9723
nc73616626,NC,MTU,2.0,EHZ,1,103.0,,102.4,,50.6493
nc73616626,NC,MRC,,EHZ,1,100.0,,65.3,,59.6227
nc73616626,NC,MCD,,EHZ,1,100.0,,79.7,,60.9237
nc73616626,NC,MFB,,EHZ,1,100.0,,92.2,,61.3685
nc73616626,BK,TOLH,0.0,HHZ,1,99.0,,207.0,,62.5805
nc73616626,NC,MHD,,EHZ,1,96.0,,241.7,,78.0144
nc73616626,NC,MPR,,EHZ,1,94.0,,296.8,,87.9552
nc73616626,BK,BUCR,0.0,HHZ,-1,93.0,,285.5,,94.0931
nc73616626,BK,MMI,0.0,HHZ,1,102.0,,266.4,,55.186
nc73616626,NC,MCO,,EHZ,1,116.0,,50.8,,29.4333
nc73616626,NC,MCV,,EHZ,1,116.0,,59.2,,30.0671
nc73616626,NC,MDC,2.0,EHZ,-1,116.0,,13.8,,29.4555
nc73616626,NC,MDY,,HHZ,-1,122.0,,22.8,,24.8298
nc73616626,NC,MMI,,EHZ,1,102.0,,266.4,,55.186
nc73616626,NC,MMP,,EHZ,-1,130.0,,25.0,,19.3368
nc73616871,NC,MQ1P,,EHZ,-1,126.0,,21.7,,19.5036
nc73616871,NC,MDPB,,HHZ,-1,125.0,,5.9,,20.382
nc73616871,NC,MLI,,HHZ,1,122.0,,19.8,,22.0944
nc73616871,NC,MCY,,EHZ,-1,121.0,,16.9,,22.428
nc73616871,NC,MINS,,HHZ,-1,121.0,,9.3,,22.9618
nc73616871,NC,MLC,,EHZ,1,119.0,,42.5,,24.5185
nc73616871,NC,MGPB,,EHZ,-1,117.0,,41.9,,26.3977
nc73616871,NC,MCO,,EHZ,1,115.0,,48.3,,28.3547
nc73616871,NC,MCV,,EHZ,1,114.0,,57.1,,28.8106
nc73616871,NC,MDC,2.0,EHZ,-1,114.0,,10.6,,29.3666
nc73616871,NC,MDR,2.0,EHZ,1,112.0,,48.3,,31.546
nc73616871,NC,MLH,,EHZ,1,109.0,,44.9,,35.9716
nc73616871,NC,MTU,2.0,EHZ,1,102.0,,102.5,,48.9925
nc73616871,NC,MCD,,EHZ,1,99.0,,79.2,,59.367
nc73616871,NC,MFB,,EHZ,1,99.0,,92.0,,59.7228
nc73616871,BK,MMI,0.0,HHZ,1,99.0,,266.8,,56.7984
nc73616871,NC,MDY,,HHZ,-1,119.0,,19.1,,24.4851
nc73616871,NC,MMLB,,HHZ,-1,118.0,,25.1,,25.7083
nc73616871,NC,MMP,,EHZ,-1,127.0,,20.2,,18.9476
nc73616871,NC,MMT,,EHZ,-1,144.0,,219.5,,10.6113
nc73617021,NC,MLC,,EHZ,-1,121.0,,345.3,,7.1487
nc73617021,NC,MCO,,EHZ,-1,116.0,,20.0,,8.1717
nc73617021,NC,MGPB,,EHZ,1,115.0,,355.1,,8.4942
nc73617021,NC,MDPB,,HHZ,-1,96.0,,299.4,,18.703
nc73617211,NC,MCS,,EHZ,1,152.0,,318.2,,2.9878
nc73617211,NC,MLC,,EHZ,-1,146.0,,228.2,,3.7951
nc73617211,NC,MDR,2.0,EHZ,1,143.0,,85.2,,4.1887
nc73617211,NC,MCV,,EHZ,-1,127.0,,136.3,,6.8941
nc73617211,NC,MLH,,EHZ,1,123.0,,51.0,,7.7314
nc73617376,NC,MLC,,EHZ,-1,131.0,,338.4,,7.2633
nc73617376,NC,MGPB,,EHZ,-1,126.0,,349.2,,8.4486
nc73617376,NC,MCS,,EHZ,-1,115.0,,350.9,,11.6421
nc73617376,NP,1576,10.0,HNZ,1,114.0,,80.1,,11.8423
nc73617376,NC,MEM,,EHZ,-1,110.0,,339.2,,13.6214
nc73617376,NC,MQ1P,,EHZ,-1,109.0,,299.6,,13.8549
nc73617376,NC,MMP,,EHZ,-1,109.0,,297.2,,14.2663
nc73617376,NC,MDH,,HNZ,1,109.0,,351.6,,14.4109
nc73617376,NC,MDH1,1.0,DP1,-1,109.0,,351.6,,14.4109
nc73617376,NC,MCY,,EHZ,-1,107.0,,308.7,,16.3012
nc73617376,NC,MDC,2.0,EHZ,-1,99.0,,321.9,,22.3835
nc73617376,NC,MMT,,EHZ,1,94.0,,233.2,,32.5356
nc73617376,NC,MTU,2.0,EHZ,-1,92.0,,127.7,,35.9716
nc73617376,NC,MRC,,EHZ,1,92.0,,67.6,,36.016
nc73617376,BK,MMI,0.0,HHZ,1,87.0,,259.3,,77.3694
nc73617376,CI,MLAC,,HHZ,1,121.0,,26.1,,9.7562
nc73617376,NC,MCO,,EHZ,1,129.0,,14.4,,7.7547
nc73617376,NC,MCV,,EHZ,1,135.0,,48.8,,6.5338
nc73617376,NC,MDPB,,HHZ,-1,104.0,,297.8,,19.3924
nc73617376,NC,MDR,2.0,EHZ,1,119.0,,24.1,,10.5435
nc73617376,NC,MDY,,HHZ,-1,107.0,,316.6,,16.3345
nc73617376,NC,MINS,,HHZ,-1,104.0,,306.3,,19.2701
nc73617376,NC,MLH,,EHZ,1,108.0,,23.5,,15.4116
nc73617376,NC,MMLB,,HHZ,-1,109.0,,325.3,,14.5665
nc73617421,NC,MLC,,EHZ,-1,139.0,,137.1,,1.7302
nc73617421,NC,MGPB,,EHZ,1,123.0,,82.8,,2.294
nc73617421,NC,MMP,,EHZ,1,71.0,,260.2,,8.9645
nc73617436,CI,MLAC,,HHZ,-1,155.0,,12.4,,3.6016
nc73617436,NC,MDR,2.0,EHZ,-1,150.0,,10.2,,4.4511
nc73617436,NP,1576,10.0,HNZ,1,130.0,,111.6,,8.7433
nc73617436,NC,MDH,,HNZ,-1,123.0,,328.1,,10.6414
nc73617436,NC,MQ1P,,EHZ,1,112.0,,275.9,,15.6674
nc73617436,NC,MCY,,EHZ,1,111.0,,287.0,,17.0017
nc73617436,NC,MINS,,HHZ,1,107.0,,288.0,,20.0373
nc73617436,NC,MDPB,,HHZ,1,106.0,,280.4,,21.0492
nc73617436,NC,MRC,,EHZ,1,98.0,,74.2,,30.9678
nc73617436,NC,MTU,2.0,EHZ,-1,95.0,,137.6,,36.9056
nc73617436,BK,MMI,0.0,HHZ,1,88.0,,256.2,,81.9284
nc73617436,NC,MCO,,EHZ,-1,160.0,,325.0,,2.781
nc73617436,NC,MCS,,EHZ,1,132.0,,319.5,,8.2518
nc73617436,NC,MCV,,EHZ,-1,168.0,,124.2,,1.6768
nc73617436,NC,MDC,2.0,EHZ,1,105.0,,305.5,,21.3272
nc73617436,NC,MDY,,HHZ,1,112.0,,294.2,,16.1789
nc73617436,NC,MGPB,,EHZ,1,142.0,,301.0,,5.9712
nc73617436,NC,MLC,,EHZ,1,140.0,,283.7,,6.4026
nc73617436,NC,MLH,,EHZ,1,128.0,,16.5,,9.2692
nc73617436,NC,MMLB,,HHZ,1,115.0,,299.7,,13.6214
nc73617436,NC,MMP,,EHZ,1,112.0,,274.5,,16.2901
nc73617436,NC,MMT,,EHZ,1,94.0,,230.2,,38.5513
nc73617711,NC,MCV,,EHZ,-1,99.0,,329.0,,16.8127
nc73617711,NC,MTU,2.0,EHZ,-1,97.0,,128.8,,19.0143
nc73617711,NC,MLC,,EHZ,-1,90.0,,316.1,,23.4399
nc73617711,NC,MGPB,,EHZ,-1,90.0,,320.6,,23.8736
nc73617711,NC,MCS,,EHZ,-1,93.0,,324.6,,26.5533
nc73617711,NC,MFB,,EHZ,1,93.0,,97.3,,26.9425
nc73617711,NC,MCD,,EHZ,1,93.0,,68.9,,27.2205
nc73617711,NC,MRC,,EHZ,1,84.0,,39.7,,30.8566
nc73617711,NC,MMP,,EHZ,1,84.0,,302.4,,31.1123
nc73617711,NC,MCY,,EHZ,-1,83.0,,307.8,,33.2584
nc73617711,NC,MDC,2.0,EHZ,-1,82.0,,315.4,,38.9961
nc73617711,BK,TOLH,0.0,HHZ,1,81.0,,228.2,,84.8195
nc73617711,BK,MMI,0.0,HHZ,1,81.0,,267.4,,89.7677
nc73617711,NC,MMI,,EHZ,1,81.0,,267.4,,89.7677
nc73617711,BK,HELL,0.0,HHZ,-1,81.0,,196.7,,90.4015
nc73617711,NC,MPR,,EHZ,1,81.0,,289.1,,119.5345
nc73617711,CI,MLAC,,HHZ,-1,94.0,,333.9,,21.027
nc73617711,NC,MCO,,EHZ,-1,94.0,,326.6,,21.127
nc73617711,NC,MDPB,,HHZ,-1,82.0,,302.0,,36.2384
nc73617711,NC,MDR,2.0,EHZ,-1,92.0,,334.9,,21.7942
nc73617886,NC,MCV,,EHZ,1,152.0,,52.9,,3.8207
nc73617886,NC,MCO,,EHZ,1,142.0,,0.7,,5.513
nc73617886,NC,MLC,,EHZ,-1,137.0,,316.3,,6.5827
nc73617886,CI,MLAC,,HHZ,1,134.0,,19.8,,7.1821
nc73617886,NC,MGPB,,EHZ,-1,134.0,,331.3,,7.1888
nc73617886,NC,MDR,2.0,EHZ,1,131.0,,17.8,,8.0027
nc73617886,NC,MCS,,EHZ,-1,123.0,,338.7,,10.1966
nc73617886,NC,MLH,,EHZ,1,113.0,,19.4,,12.8653
nc73617886,NC,MDH1,1.0,DP1,-1,113.0,,342.1,,12.8875
nc73617886,NC,MQ1P,,EHZ,-1,111.0,,289.2,,14.7333
nc73617886,NC,MMP,,EHZ,-1,111.0,,287.2,,15.2559
nc73617886,NC,MINS,,HHZ,-1,106.0,,298.4,,19.7816
nc73617886,NC,MDPB,,HHZ,-1,105.0,,290.3,,20.2931
nc73617886,NC,MDC,2.0,EHZ,-1,102.0,,314.9,,22.1389
nc73617886,NC,MMT,,EHZ,1,94.0,,232.5,,35.2377
nc73618191,NC,MTU,2.0,EHZ,1,154.0,,152.8,,5.6198
nc73618191,NC,MFB,,EHZ,1,127.0,,76.5,,14.8779
nc73618191,NC,MCD,,EHZ,1,117.0,,38.2,,21.2271
nc73618191,NC,MCV,,EHZ,-1,108.0,,315.7,,29.867
nc73618191,NC,MCO,,EHZ,1,105.0,,315.9,,34.2592
nc73618191,NC,MDPB,,HHZ,1,98.0,,301.4,,50.2935
nc73618191,NC,MMT,,EHZ,1,97.0,,267.5,,52.0726
nc73618191,NC,MDC,2.0,EHZ,-1,97.0,,311.3,,52.673
nc73618236,NC,MCS,,EHZ,1,158.0,,51.1,,2.5175
nc73618236,NC,MGPB,,EHZ,1,156.0,,126.2,,2.7454
nc73618236,NC,MLC,,EHZ,-1,151.0,,160.6,,3.3625
nc73618236,NC,MDH,,HNZ,1,142.0,,21.2,,4.6568
nc73618236,NC,MDH1,1.0,DP1,-1,142.0,,21.2,,4.6568
nc73618236,NC,MCO,,EHZ,-1,133.0,,112.8,,6.2258
nc73618236,NC,MCV,,EHZ,-1,115.0,,122.9,,10.3845
nc73618236,NC,MDPB,,HHZ,1,106.0,,266.0,,13.3879
nc73618751,NC,MQ1P,,EHZ,1,145.0,,241.2,,3.5204
nc73618751,NC,MDY,,HHZ,-1,141.0,,325.8,,4.0386
nc73618751,NC,MLC,,EHZ,1,125.0,,105.7,,6.5171
nc73618751,NC,MINS,,HHZ,-1,121.0,,293.6,,7.1787
nc73618751,NC,MGPB,,EHZ,1,120.0,,91.6,,7.37
nc73618751,NC,MDPB,,HHZ,-1,116.0,,273.3,,8.2262
nc73618751,NC,MDC,2.0,EHZ,1,109.0,,331.7,,10.3067
nc73618751,NC,MCO,,EHZ,-1,108.0,,95.2,,10.9394
nc73618951,NC,MCO,,EHZ,1,121.0,,279.6,,2.324
nc73618951,NC,MDR,2.0,EHZ,1,119.0,,2.3,,2.4952
nc73618951,NC,MCV,,EHZ,-1,114.0,,166.2,,2.9122
nc73618951,NC,MGPB,,EHZ,-1,69.0,,281.5,,5.9345
nc73618951,NC,MLC,,EHZ,1,64.0,,266.9,,6.923
nc73618951,NC,MLH,,EHZ,-1,64.0,,15.5,,7.2644
nc73618951,NC,MCS,,EHZ,-1,63.0,,305.9,,7.4801
nc73619001,NC,MCV,,EHZ,1,166.0,,210.7,,1.311
nc73619001,NC,MCO,,EHZ,-1,141.0,,299.8,,4.2154
nc73619001,NC,MDR,2.0,EHZ,-1,140.0,,343.2,,4.3833
nc73619001,NC,MLC,,EHZ,1,118.0,,279.2,,8.3874
nc73619001,NC,MLH,,EHZ,1,117.0,,3.8,,8.7199
nc73619001,NC,MINS,,HHZ,-1,92.0,,285.9,,21.961
nc73619001,NC,MDC,2.0,EHZ,1,90.0,,302.2,,22.9395
nc73619001,NC,MDPB,,HHZ,-1,90.0,,279.0,,23.0507
nc73619061,NC,MCV,,EHZ,1,133.0,,10.7,,4.3722
nc73619061,NC,MLC,,EHZ,-1,107.0,,314.9,,9.5772
nc73619061,NC,MDR,2.0,EHZ,-1,107.0,,1.3,,9.6184
nc73619061,NC,MGPB,,EHZ,1,105.0,,325.6,,10.0676
nc73619061,NC,MCS,,EHZ,-1,96.0,,332.7,,12.9431
nc73619181,NC,MCS,,EHZ,1,123.0,,68.9,,4.5456
nc73619181,NC,MDY,,HHZ,-1,116.0,,291.2,,5.5164
nc73619181,NC,MDH,,HNZ,1,114.0,,42.0,,5.9234
nc73619181,NC,MQ1P,,EHZ,-1,109.0,,242.9,,6.6884
nc73619181,NC,MMP,,EHZ,-1,106.0,,242.8,,7.4245
nc73619181,NC,MDPB,,HHZ,1,96.0,,265.5,,11.115
nc73619366,NP,1576,10.0,HNZ,1,167.0,,216.7,,2.3484
nc73619366,NC,MDH,,HNZ,-1,118.0,,304.5,,18.3805
nc73619366,NC,MDH1,1.0,DP1,1,118.0,,304.5,,18.3805
nc73619366,NC,MRD,2.0,EHZ,1,106.0,,272.6,,28.4548
nc73619366,NP,1589,10.0,HNZ,1,98.0,,124.8,,43.9665
nc73619366,NP,2021,10.0,HNZ,-1,94.0,,40.1,,56.8428
nc73619366,NN,LHV,,HHZ,1,91.0,,15.3,,76.5688
nc73619366,BK,HELL,0.0,HHZ,1,88.0,,194.2,,103.756
nc73619366,NN,SJC,,EHZ,1,88.0,,324.2,,104.8123
nc73619366,BK,DRDG,0.0,HHZ,-1,86.0,,301.3,,126.2062
nc73619366,BK,LEGD,0.0,HHZ,1,86.0,,252.1,,131.766
nc73619366,BK,LIND,0.0,HHZ,1,85.0,,191.8,,139.772
nc73619366,BK,MERC,0.0,HHZ,1,84.0,,262.3,,153.8938
nc73619366,BK,MMI,0.0,HHZ,1,89.0,,258.5,,90.9463
nc73619366,BK,OVRO,0.0,HHZ,-1,94.0,,134.5,,56.3425
nc73619366,BK,TOLH,0.0,HHZ,1,88.0,,221.6,,94.3711
nc73619366,BP,JCNB,40.0,DP1,1,49.0,,220.0,,237.29
nc73619366,CI,ASP,,EHZ,-1,67.0,,197.0,,200.0397
nc73619366,CI,CGO,,HHZ,-1,85.0,,144.0,,141.8847
nc73619366,CI,CWC,,HHZ,-1,85.0,,155.2,,139.9944
nc73619366,CI,ISA,,HHZ,1,49.0,,173.7,,214.8286
nc73619366,CI,MLAC,,HHZ,-1,135.0,,299.1,,10.0142
nc73619366,CI,SPG2,,HHZ,-1,84.0,,181.0,,153.8938
nc73619366,CI,TIN,,HHZ,-1,91.0,,142.7,,74.2226
nc73619366,CI,WAS2,,HHZ,-1,51.0,,175.5,,205.8218
nc73619366,GM,AE05,1.0,HHZ,-1,88.0,,339.3,,112.0845
nc73619366,GS,MCA04,0.0,HHZ,1,88.0,,58.6,,105.6352
nc73619366,NC,BMS,,EHZ,-1,50.0,,241.2,,209.4912
nc73619366,NC,CRPB,,EHZ,-1,49.0,,278.4,,281.7679
nc73619366,NC,HLB,1.0,EHZ,-1,51.0,,251.8,,205.4882
nc73619366,NC,HSL,2.0,EHZ,-1,49.0,,253.8,,217.6085
nc73619366,NC,MCO,,EHZ,-1,130.0,,288.1,,11.7088
nc73619366,NC,MCS,,EHZ,-1,120.0,,297.1,,16.7348
nc73619366,NC,MCV,,EHZ,-1,141.0,,272.8,,8.1606
nc73619366,NC,MCY,,EHZ,-1,108.0,,283.8,,26.5645
nc73619366,NC,MDC,2.0,EHZ,-1,104.0,,297.1,,30.2005
nc73619366,NC,MDPB,,HHZ,-1,104.0,,279.7,,30.6676
nc73619366,NC,MDR,2.0,EHZ,-1,134.0,,303.3,,10.4457
nc73619366,NC,MDY,,HHZ,-1,109.0,,288.2,,25.5748
nc73619366,NC,MEM,,EHZ,-1,115.0,,296.4,,19.9706
nc73619366,NC,MFB,,EHZ,-1,103.0,,122.7,,32.3355
nc73619366,NC,MGPB,,EHZ,-1,122.0,,286.8,,15.3115
nc73619366,NC,MINS,,HHZ,-1,105.0,,284.8,,29.5779
nc73619366,NC,MLC,,EHZ,-1,121.0,,280.3,,16.0121
nc73619366,NC,MLH,,EHZ,-1,126.0,,326.1,,12.3315
nc73619366,NC,MLI,,HHZ,-1,109.0,,282.8,,25.4414
nc73619366,NC,MMLB,,HHZ,-1,111.0,,290.8,,22.8506
nc73619366,NC,MMP,,EHZ,-1,108.0,,275.8,,25.9084
nc73619366,NC,MMT,,EHZ,1,97.0,,239.2,,45.601
nc73619366,NC,MQ1P,,EHZ,-1,109.0,,276.7,,25.2968
nc73619366,NC,MRC,,EHZ,1,111.0,,64.3,,22.4725
nc73619366,NC,MTU,2.0,EHZ,-1,104.0,,149.4,,30.1116
nc73619366,NC,PCE,1.0,EHZ,1,49.0,,218.9,,222.9458
nc73619366,NC,PJC,1.0,EHZ,1,49.0,,221.8,,220.4995
nc73619436,NP,1576,10.0,HNZ,-1,104.0,,38.8,,12.0758
nc73619436,NC,MQ1P,,EHZ,1,93.0,,311.5,,21.4829
nc73619436,NC,MEM,,EHZ,-1,90.0,,336.2,,21.9944
nc73619436,NC,MDH,,HNZ,-1,90.0,,344.1,,22.4836
nc73619436,NC,MDY,,HHZ,-1,90.0,,321.6,,24.5741
nc73619436,NC,MINS,,HHZ,-1,90.0,,313.8,,27.1427
nc73619436,NC,MRC,,EHZ,1,91.0,,54.2,,36.016
nc73619436,NP,1589,10.0,HNZ,-1,87.0,,106.9,,47.2245
nc73619436,NP,1587,10.0,HNZ,1,87.0,,78.1,,54.3076
nc73619436,BK,TOLH,0.0,HHZ,-1,86.0,,222.1,,79.9714
nc73619436,NN,LHV,,HHZ,-1,85.0,,18.9,,89.9901
nc73619436,BK,KARE,0.0,HHZ,1,84.0,,211.1,,114.9756
nc73619436,BK,BUCR,0.0,HHZ,1,84.0,,280.7,,117.6442
nc73619436,GS,MCA04,0.0,HHZ,1,84.0,,56.1,,119.3122
nc73619436,BK,HELL,0.0,HHZ,-1,85.0,,190.4,,90.824
nc73619436,BK,LEGD,0.0,HHZ,1,84.0,,255.8,,119.9793
nc73619436,BK,LIND,0.0,HHZ,-1,84.0,,188.8,,127.0958
nc73619436,BK,MMI,0.0,HHZ,1,86.0,,265.1,,80.4273
nc73619436,BK,WELL,0.0,HHZ,-1,79.0,,303.3,,196.5926
nc73619436,CI,ASP,,EHZ,1,80.0,,195.3,,186.6963
nc73619436,CI,ISA,,HHZ,-1,80.0,,170.8,,204.8211
nc73619436,CI,MLAC,,HHZ,-1,101.0,,0.8,,16.1233
nc73619436,CI,POR,,HHZ,-1,82.0,,185.5,,154.005
nc73619436,CI,SPG2,,HHZ,-1,83.0,,177.4,,142.6631
nc73619436,CI,SRT,,HHZ,-1,48.0,,153.7,,221.5003
nc73619436,CI,WAS2,,HHZ,1,80.0,,172.6,,195.4807
nc73619436,CI,WNM,,EHZ,1,80.0,,155.2,,200.4845
nc73619436,NC,BMS,,EHZ,1,80.0,,242.8,,196.259
nc73619436,NC,MCO,,EHZ,-1,101.0,,351.8,,15.0224
nc73619436,NC,MCS,,EHZ,-1,96.0,,342.6,,19.7705
nc73619436,NC,MCV,,EHZ,-1,109.0,,4.1,,11.6866
nc73619436,NC,MDC,2.0,EHZ,-1,90.0,,324.4,,30.7232
nc73619436,NC,MDPB,,HHZ,1,90.0,,307.7,,26.8202
nc73619436,NC,MDR,2.0,EHZ,-1,100.0,,0.8,,16.9795
nc73619436,NC,MFB,,EHZ,1,87.0,,99.6,,36.7833
nc73619436,NC,MGPB,,EHZ,-1,100.0,,340.2,,16.657
nc73619436,NC,MLC,,EHZ,-1,101.0,,334.5,,15.6451
nc73619436,NC,MLH,,EHZ,-1,92.0,,5.5,,21.5829
nc73619436,NC,MMLB,,HHZ,-1,90.0,,327.5,,22.9618
nc73619436,NC,MMP,,EHZ,1,91.0,,309.7,,21.7608
nc73619436,NC,MMT,,EHZ,1,90.0,,248.2,,32.5134
nc73619436,NC,MTU,2.0,EHZ,1,90.0,,121.0,,28.4325
nc73619436,NC,PBO,1.0,EHZ,-1,48.0,,207.8,,225.0585
nc73619436,NC,PCE,1.0,EHZ,-1,69.0,,218.9,,208.4905
nc73619441,NC,MCV,,EHZ,-1,93.0,,2.9,,14.2107
nc73619441,NC,MCO,,EHZ,-1,85.0,,352.6,,17.5577
nc73619441,NC,MLC,,EHZ,-1,85.0,,337.6,,18.0247
nc73619441,CI,MLAC,,HHZ,-1,85.0,,0.3,,18.6474
nc73619441,NC,MGPB,,EHZ,-1,85.0,,342.4,,19.1033
nc73619441,NC,MDR,2.0,EHZ,-1,85.0,,0.3,,19.5147
nc73619441,NC,MDPB,,HHZ,1,79.0,,311.6,,28.5437
nc73619441,NC,MMT,,EHZ,-1,77.0,,252.5,,31.7906
nc73619446,NC,MCV,,EHZ,1,98.0,,15.0,,11.7422
nc73619446,NC,MLC,,EHZ,1,94.0,,341.8,,14.5332
nc73619446,NC,MCO,,EHZ,-1,94.0,,0.2,,14.5554
nc73619446,NC,MMP,,EHZ,1,85.0,,313.0,,19.8928
nc73619446,NC,MMT,,EHZ,1,78.0,,246.1,,30.6008
nc73619451,NC,MCV,,EHZ,-1,109.0,,8.8,,11.0861
nc73619451,NC,MCO,,EHZ,-1,101.0,,354.8,,14.233
nc73619451,NC,MLC,,EHZ,-1,101.0,,336.3,,14.6555
nc73619451,NC,MGPB,,EHZ,-1,100.0,,342.2,,15.7118
nc73619451,NC,MDR,2.0,EHZ,-1,100.0,,3.8,,16.3123
nc73619451,NC,MCS,,EHZ,-1,97.0,,344.5,,18.8475
nc73619451,NC,MQ1P,,EHZ,1,95.0,,311.6,,20.382
nc73619451,NC,MMP,,EHZ,1,95.0,,309.7,,20.66
nc73619451,NC,MLH,,EHZ,-1,94.0,,8.0,,20.9936
nc73619451,NC,MDPB,,HHZ,1,90.0,,307.7,,25.7194
nc73619451,NC,MINS,,HHZ,1,91.0,,314.0,,26.0419
nc73619451,NC,MMT,,EHZ,1,94.0,,246.4,,31.9908
nc73619461,NC,MCV,,EHZ,1,135.0,,47.9,,3.1568
nc73619461,NC,MCO,,EHZ,1,115.0,,353.1,,5.3663
nc73619461,NC,MLC,,EHZ,1,107.0,,311.0,,6.9675
nc73619461,NC,MDR,2.0,EHZ,1,104.0,,13.2,,7.6358
nc73619461,NC,MQ1P,,EHZ,1,87.0,,287.7,,15.3449
nc73619461,NC,MMP,,EHZ,1,86.0,,285.8,,15.8786
nc73619461,NC,MDPB,,HHZ,1,83.0,,289.1,,20.8935
nc73619471,NC,MLC,,EHZ,-1,145.0,,176.8,,3.4526
nc73619471,NC,MCO,,EHZ,1,130.0,,119.2,,5.513
nc73619471,NC,MINS,,HHZ,1,99.0,,275.4,,12.7096
nc73619471,NC,MDPB,,HHZ,1,99.0,,265.2,,14.333
nc73619516,NC,MCV,,EHZ,-1,174.0,,335.7,,0.4503
nc73619516,CI,MLAC,,HHZ,-1,134.0,,350.7,,4.9337
nc73619516,NC,MLH,,EHZ,-1,109.0,,5.9,,10.2911
nc73619516,NC,MDH,,HNZ,1,100.0,,325.3,,12.6429
nc73619516,NC,MDH1,1.0,DP1,1,100.0,,325.3,,12.6429
nc73619516,NC,MMLB,,HHZ,-1,98.0,,301.2,,15.6674
nc73619516,NC,MQ1P,,EHZ,-1,97.0,,279.8,,17.4131
nc73619516,NC,MMP,,EHZ,-1,97.0,,278.4,,18.0025
nc73619516,NC,MCY,,EHZ,1,96.0,,289.5,,18.9254
nc73619516,NC,MINS,,HHZ,1,93.0,,290.1,,21.9721
nc73619516,NC,MDC,2.0,EHZ,-1,93.0,,306.0,,23.3954
nc73619516,NC,MRC,,EHZ,1,82.0,,70.9,,29.867
nc73619516,NC,MTU,2.0,EHZ,-1,80.0,,138.0,,34.8485
nc73619516,NC,MMT,,EHZ,1,79.0,,233.2,,38.9627
nc73619516,BK,MMI,0.0,HHZ,1,79.0,,257.4,,83.1627
nc73619516,NC,MCO,,EHZ,-1,135.0,,318.9,,4.8192
nc73619516,NC,MCS,,EHZ,-1,109.0,,317.7,,10.3078
nc73619516,NC,MDPB,,HHZ,-1,92.0,,283.0,,22.8617
nc73619516,NC,MDR,2.0,EHZ,-1,129.0,,352.2,,5.7844
nc73619516,NC,MDY,,HHZ,-1,97.0,,296.1,,18.1804
nc73619516,NC,MGPB,,EHZ,-1,117.0,,303.5,,8.0238
nc73619516,NC,MLC,,EHZ,-1,116.0,,290.3,,8.3051
nc73619541,NC,MINS,,HHZ,-1,156.0,,341.2,,1.0286
nc73619541,NC,MDPB,,HHZ,-1,128.0,,234.1,,2.4152
nc73619541,NC,MLI,,HHZ,1,111.0,,104.8,,3.5838
nc73619541,NC,MMP,,EHZ,1,102.0,,147.4,,4.6546
nc73619541,NC,MQ1P,,EHZ,1,101.0,,138.6,,4.7758
nc73619541,NC,MDC,2.0,EHZ,1,91.0,,10.6,,7.3066
nc73619646,NC,MCV,,EHZ,-1,93.0,,6.4,,13.5435
nc73619646,NC,MCO,,EHZ,-1,94.0,,355.0,,16.7348
nc73619646,NC,MLC,,EHZ,-1,94.0,,339.1,,17.0351
nc73619646,NC,MDR,2.0,EHZ,-1,85.0,,2.8,,18.7919
nc73619646,NC,MMP,,EHZ,-1,84.0,,314.3,,22.4614
nc73619646,NC,MMT,,EHZ,-1,77.0,,250.8,,31.2458
nc73619731,NC,MDPB,,HHZ,1,115.0,,351.5,,13.121
nc73619731,NC,MLC,,EHZ,1,112.0,,49.3,,16.5236
nc73619731,NC,MGPB,,EHZ,1,109.0,,47.8,,18.3694
nc73619731,NC,MMT,,EHZ,-1,109.0,,214.9,,18.8698
nc73619731,NC,MCO,,EHZ,1,106.0,,56.0,,20.6711
nc73619731,NC,MCV,,EHZ,1,104.0,,67.5,,21.8053
nc73619731,BK,MMI,0.0,HHZ,1,91.0,,260.2,,61.6576
nc73619731,NC,MMI,,EHZ,1,91.0,,260.2,,61.6576
nc73619731,NC,MHD,,EHZ,1,88.0,,239.4,,86.4207
nc73619731,NC,MPR,,EHZ,1,87.0,,291.2,,90.3236
nc73619761,NC,MCV,,EHZ,-1,102.0,,351.8,,11.631
nc73619761,NC,MCO,,EHZ,-1,96.0,,342.5,,15.445
nc73619761,NC,MLC,,EHZ,-1,96.0,,326.5,,16.7682
nc73619761,NC,MDR,2.0,EHZ,-1,96.0,,352.4,,16.9795
nc73619761,NC,MGPB,,EHZ,1,95.0,,332.3,,17.5466
nc73619761,NC,MCS,,EHZ,-1,85.0,,335.8,,20.5266
nc73619761,NC,MLH,,EHZ,-1,85.0,,358.9,,21.3383
nc73619761,NC,MQ1P,,EHZ,-1,85.0,,307.1,,23.3509
nc73619761,NC,MDY,,HHZ,-1,82.0,,317.1,,26.1086
nc73619761,NC,MTU,2.0,EHZ,-1,82.0,,124.1,,26.3866
nc73619761,NC,MMT,,EHZ,1,77.0,,249.5,,34.9152
nc73619771,NC,MDR,2.0,EHZ,-1,139.0,,335.9,,8.3096
nc73619771,NC,MLC,,EHZ,-1,129.0,,294.5,,11.4308
nc73619771,NC,MDPB,,HHZ,1,107.0,,285.7,,25.8528
nc73619866,NC,MCV,,EHZ,1,144.0,,319.7,,6.4426
nc73619866,NC,MDR,2.0,EHZ,-1,126.0,,335.1,,11.2863
nc73619866,NC,MLC,,EHZ,1,119.0,,302.1,,13.8994
nc73619866,NC,MLH,,EHZ,-1,118.0,,348.8,,15.0224
nc73619866,NC,MINS,,HHZ,1,103.0,,296.1,,27.4095
nc73619866,NC,MDPB,,HHZ,1,103.0,,290.2,,27.9766
nc73619866,NC,MTU,2.0,EHZ,-1,102.0,,137.9,,28.8328
nc73619866,BK,MMI,0.0,HHZ,-1,89.0,,260.9,,86.2317
nc73619871,NC,MCV,,EHZ,1,152.0,,339.2,,3.6261
nc73619871,CI,MLAC,,HHZ,-1,128.0,,346.4,,8.0739
nc73619871,NC,MCO,,EHZ,1,129.0,,327.2,,7.8693
nc73619871,NC,MDR,2.0,EHZ,-1,125.0,,347.8,,8.9112
nc73619871,NC,MLC,,EHZ,-1,119.0,,303.4,,10.6469
nc73619871,NC,MLH,,EHZ,-1,111.0,,359.8,,13.21
nc73619871,NC,MCS,,EHZ,1,110.0,,322.9,,13.31
nc73619871,NC,MDPB,,HHZ,1,98.0,,289.2,,24.752
nc73619871,NC,MMT,,EHZ,1,92.0,,237.8,,38.1843
nc73619871,NC,MINS,,HHZ,1,99.0,,295.9,,24.1515
nc73619871,NC,MTU,2.0,EHZ,-1,94.0,,135.9,,31.9129
nc73619871,BK,MMI,0.0,HHZ,1,87.0,,259.5,,83.6408
nc73619921,NC,MLI,,HHZ,-1,137.0,,286.0,,4.9493
nc73619921,NC,MQ1P,,EHZ,-1,135.0,,255.5,,5.225
nc73619921,NC,MGPB,,EHZ,1,134.0,,88.1,,5.3985
nc73619921,NC,MDY,,HHZ,1,133.0,,311.3,,5.6509
nc73619921,NC,MMP,,EHZ,-1,131.0,,253.9,,5.9445
nc73619921,NC,MDH,,HNZ,1,121.0,,38.3,,7.8315
nc73619921,NC,MDH1,1.0,DP1,1,121.0,,38.3,,7.8315
nc73619921,NC,MCO,,EHZ,1,117.0,,93.9,,8.9423
nc73619921,NC,MINS,,HHZ,-1,116.0,,290.9,,9.1525
nc73619921,NC,MDPB,,HHZ,-1,112.0,,274.9,,10.2199
nc73619921,CI,MLAC,,HHZ,-1,109.0,,86.7,,11.3085
nc73619921,NC,MDR,2.0,EHZ,1,109.0,,82.4,,11.4086
nc73619921,NC,MDC,2.0,EHZ,1,108.0,,324.1,,11.6866
nc73619921,NC,MCV,,EHZ,1,103.0,,107.8,,12.5094
nc73619921,NC,MCS,,EHZ,1,130.0,,56.6,,6.148
nc73619921,NC,MLC,,EHZ,1,140.0,,107.8,,4.5156
nc73619921,NC,MMLB,,HHZ,1,143.0,,341.0,,4.0631
nc73619926,NP,1576,10.0,HNZ,1,102.0,,40.0,,12.1536
nc73619926,CI,MLAC,,HHZ,-1,100.0,,1.7,,16.0343
nc73619926,NC,MGPB,,EHZ,-1,99.0,,340.8,,16.4902
nc73619926,NC,MDR,2.0,EHZ,-1,99.0,,1.6,,16.8905
nc73619926,NC,MCS,,EHZ,-1,96.0,,343.2,,19.6037
nc73619926,NC,MQ1P,,EHZ,-1,93.0,,311.7,,21.2494
nc73619926,NC,MMP,,EHZ,-1,93.0,,309.9,,21.5273
nc73619926,NC,MLH,,EHZ,-1,93.0,,6.2,,21.5162
nc73619926,NC,MDH,,HNZ,-1,90.0,,344.6,,22.3391
nc73619926,NC,MCY,,EHZ,-1,90.0,,316.6,,24.0737
nc73619926,NC,MDY,,HHZ,-1,90.0,,321.9,,24.3517
nc73619926,NC,MDPB,,HHZ,-1,92.0,,307.9,,26.5867
nc73619926,NC,MINS,,HHZ,-1,92.0,,314.0,,26.9092
nc73619926,NC,MTU,2.0,EHZ,-1,93.0,,120.9,,28.6883
nc73619926,NC,MMT,,EHZ,1,85.0,,247.9,,32.3244
nc73619926,NC,MCO,,EHZ,-1,101.0,,352.7,,14.9001
nc73619926,NC,MCV,,EHZ,-1,107.0,,5.3,,11.6199
nc73619926,NC,MLC,,EHZ,-1,100.0,,335.1,,15.4672
nc73619991,NC,MCV,,EHZ,-1,106.0,,5.4,,11.6977
nc73619991,NC,MCO,,EHZ,-1,99.0,,352.8,,14.978
nc73619991,NC,MLC,,EHZ,-1,99.0,,335.3,,15.5228
nc73619991,CI,MLAC,,HHZ,1,98.0,,1.8,,16.101
nc73619991,NC,MGPB,,EHZ,-1,98.0,,341.0,,16.5458
nc73619991,NC,MDR,2.0,EHZ,-1,98.0,,1.7,,16.9683
nc73619991,NC,MDPB,,HHZ,1,84.0,,308.1,,26.6089
nc73619991,NC,MMT,,EHZ,1,82.0,,248.0,,32.2688
nc73620001,NC,MLC,,EHZ,-1,127.0,,335.1,,8.5653
nc73620001,NC,MCO,,EHZ,1,127.0,,6.7,,8.5865
nc73620001,NC,MDR,2.0,EHZ,1,118.0,,17.6,,11.164
nc73620001,NC,MCS,,EHZ,1,112.0,,347.6,,12.8097
nc73620001,NC,MQ1P,,EHZ,-1,110.0,,301.3,,15.167
nc73620001,NC,MMP,,EHZ,-1,109.0,,298.9,,15.5673
nc73620001,NC,MCY,,EHZ,-1,107.0,,309.4,,17.6689
nc73620001,NC,MDY,,HHZ,-1,107.0,,316.7,,17.7134
nc73620001,NC,MINS,,HHZ,-1,103.0,,307.1,,20.6155
nc73620001,NC,MDPB,,HHZ,-1,103.0,,299.1,,20.6934
nc73620001,NC,MDC,2.0,EHZ,-1,100.0,,321.7,,23.7624
nc73620001,NC,MMT,,EHZ,-1,95.0,,235.7,,32.7024
nc73620001,NC,MTU,2.0,EHZ,-1,94.0,,127.3,,34.615
nc73620001,NC,MCV,,EHZ,1,135.0,,36.8,,6.6472
nc73620001,NC,MGPB,,EHZ,-1,123.0,,344.9,,9.6495
nc73620001,NC,MMLB,,HHZ,-1,109.0,,324.7,,15.9342
nc73620006,CI,MLAC,,HHZ,-1,120.0,,18.3,,10.4156
nc73620006,NP,1576,10.0,HNZ,1,118.0,,73.4,,11.1106
nc73620006,NC,MDR,2.0,EHZ,1,118.0,,17.0,,11.2418
nc73620006,NC,MCS,,EHZ,-1,111.0,,347.3,,12.9431
nc73620006,NC,MEM,,EHZ,-1,110.0,,337.2,,15.0558
nc73620006,NC,MQ1P,,EHZ,-1,109.0,,301.5,,15.3004
nc73620006,NC,MMP,,EHZ,-1,109.0,,299.1,,15.6896
nc73620006,NC,MLH,,EHZ,-1,108.0,,18.6,,16.101
nc73620006,NC,MCY,,EHZ,-1,107.0,,309.5,,17.8023
nc73620006,NC,MINS,,HHZ,-1,103.0,,307.2,,20.749
nc73620006,NC,MDC,2.0,EHZ,-1,99.0,,321.7,,23.9069
nc73620006,NC,MMT,,EHZ,1,94.0,,235.9,,32.7135
nc73620006,NC,MTU,2.0,EHZ,-1,94.0,,127.3,,34.4704
nc73620006,NC,MRC,,EHZ,1,93.0,,65.3,,35.5379
nc73620006,BK,MMI,0.0,HHZ,1,87.0,,260.3,,78.17
nc73620006,NC,MCO,,EHZ,1,126.0,,6.0,,8.6877
nc73620006,NC,MCV,,EHZ,1,135.0,,35.6,,6.685
nc73620006,NC,MDPB,,HHZ,-1,103.0,,299.2,,20.8157
nc73620006,NC,MDY,,HHZ,-1,107.0,,316.8,,17.8468
nc73620006,NC,MGPB,,EHZ,-1,122.0,,344.6,,9.7807
nc73620006,NC,MLC,,EHZ,-1,126.0,,334.9,,8.7032
nc73620006,NC,MMLB,,HHZ,-1,108.0,,324.6,,16.0788
nc73620246,NC,MTU,2.0,EHZ,-1,132.0,,162.5,,9.297
nc73620246,NC,MFB,,EHZ,1,118.0,,91.6,,14.7111
nc73620246,NC,MCD,,EHZ,1,113.0,,46.2,,18.5251
nc73620246,NC,MCV,,EHZ,-1,103.0,,310.3,,27.0648
nc73620246,CI,MLAC,,HHZ,-1,101.0,,316.0,,30.5452
nc73620246,NC,MDR,2.0,EHZ,-1,100.0,,317.1,,31.1568
nc73620246,NC,MCO,,EHZ,-1,100.0,,311.3,,31.4237
nc73620246,NC,MLC,,EHZ,1,99.0,,305.3,,34.6039
nc73620246,NC,MLI,,HHZ,-1,95.0,,301.4,,43.6885
nc73620246,NC,MDY,,HHZ,1,95.0,,304.4,,44.5336
nc73620246,NC,MINS,,HHZ,1,94.0,,301.0,,47.925
nc73620246,NC,MDPB,,HHZ,1,94.0,,297.6,,48.1919
nc73620246,NC,MDC,2.0,EHZ,1,94.0,,308.1,,50.0155
nc73620246,NC,MMT,,EHZ,1,93.0,,263.2,,52.1504
nc73620246,BK,MMI,0.0,HHZ,1,87.0,,269.5,,101.6989
nc73620246,NC,MMI,,EHZ,1,87.0,,269.5,,101.71
nc73620246,NC,MHD,,EHZ,1,86.0,,253.4,,120.5353
nc73620246,NC,MPR,,EHZ,1,85.0,,288.7,,131.8772
nc73620246,BK,TOLH,0.0,HHZ,1,88.0,,234.6,,92.3585
nc73620251,CI,MLAC,,HHZ,1,168.0,,14.8,,1.4188
nc73620251,NC,MDR,2.0,EHZ,1,162.0,,9.6,,2.2662
nc73620251,NC,MCO,,EHZ,-1,164.0,,273.7,,2.016
nc73620251,NC,MCV,,EHZ,-1,155.0,,162.5,,3.2369
nc73620251,NC,MGPB,,EHZ,1,140.0,,279.4,,5.6131
nc73620251,NC,MLC,,EHZ,1,135.0,,264.5,,6.6628
nc73620251,NC,MQ1P,,EHZ,1,108.0,,268.0,,16.0009
nc73620251,NC,MMP,,EHZ,1,107.0,,266.9,,16.6681
nc73620251,NC,MDC,2.0,EHZ,1,103.0,,300.0,,20.5155
nc73620251,NC,MINS,,HHZ,-1,104.0,,281.7,,19.8928
nc73620251,NC,MMT,,EHZ,1,92.0,,228.2,,40.2637
nc73620251,BK,TOLH,0.0,HHZ,-1,87.0,,215.8,,91.3578
nc73620401,NC,MCV,,EHZ,1,122.0,,305.0,,15.1781
nc73620401,CI,MLAC,,HHZ,-1,117.0,,315.3,,18.5251
nc73620401,NC,MDR,2.0,EHZ,-1,116.0,,317.2,,19.1366
nc73620401,NC,MCO,,EHZ,-1,116.0,,307.8,,19.4925
nc73620401,NC,MTU,2.0,EHZ,-1,114.0,,148.0,,20.7935
nc73620401,NC,MLH,,EHZ,1,112.0,,329.0,,21.6274
nc73620401,NC,MGPB,,EHZ,1,110.0,,303.9,,22.8172
nc73620401,NC,MLC,,EHZ,-1,110.0,,299.2,,22.9506
nc73620401,NC,MRC,,EHZ,1,109.0,,41.5,,24.0626
nc73620401,NC,MCS,,EHZ,1,109.0,,309.7,,24.9299
nc73620401,NC,MMLB,,HHZ,-1,104.0,,302.7,,30.4563
nc73620401,NC,MINS,,HHZ,-1,100.0,,295.8,,36.5053
nc73620401,NC,MDPB,,HHZ,-1,100.0,,291.3,,37.0613
nc73620401,NC,MDC,2.0,EHZ,1,100.0,,305.3,,38.1843
nc73620411,NP,1679,10.0,HNZ,-1,98.0,,47.5,,17.8913
nc73620411,NP,1589,10.0,HNZ,1,98.0,,111.4,,17.9246
nc73620411,BK,OVRO,0.0,HHZ,-1,93.0,,135.4,,29.4889
nc73620411,NC,MCV,,EHZ,1,84.0,,304.7,,33.4697
nc73620411,CI,MLAC,,HHZ,1,83.0,,309.9,,36.6387
nc73620411,NC,MDR,2.0,EHZ,1,83.0,,310.9,,37.1836
nc73620411,NC,MLH,,EHZ,1,83.0,,317.7,,38.9961
nc73620411,NC,MGPB,,EHZ,-1,83.0,,304.1,,41.1088
nc73620411,NC,MLC,,EHZ,1,83.0,,301.5,,41.1977
nc73620411,NC,MMLB,,HHZ,1,83.0,,303.3,,48.7367
nc73620411,NC,MQ1P,,EHZ,1,83.0,,295.9,,49.4817
nc73620411,NC,MMP,,EHZ,1,83.0,,295.3,,49.9265
nc73620411,NC,MDY,,HHZ,1,83.0,,301.4,,51.1497
nc73620411,NC,MCY,,EHZ,1,83.0,,299.0,,51.6167
nc73620411,NC,MINS,,HHZ,1,83.0,,298.7,,54.6634
nc73620411,NC,MDPB,,HHZ,1,83.0,,295.7,,55.0415
nc73620411,NC,MDC,2.0,EHZ,1,83.0,,305.1,,56.4648
nc73620411,NC,MMT,,EHZ,1,83.0,,265.5,,58.8777
nc73620411,NC,MCO,,EHZ,1,83.0,,306.1,,37.7618
nc73620411,NC,MFB,,EHZ,1,121.0,,82.0,,7.8737
nc73620411,NC,MRC,,EHZ,-1,93.0,,1.8,,28.2324
nc73620411,NC,MTU,2.0,EHZ,-1,118.0,,209.0,,8.4264
nc73620451,CI,MLAC,,HHZ,-1,131.0,,354.7,,5.1127
nc73620451,NP,1576,10.0,HNZ,-1,120.0,,103.4,,7.0731
nc73620451,NC,MGPB,,EHZ,-1,116.0,,306.1,,7.8837
nc73620451,NC,MDH1,1.0,DP1,1,98.0,,327.1,,12.6429
nc73620451,NC,MQ1P,,EHZ,-1,96.0,,280.7,,17.1351
nc73620451,NC,MMP,,EHZ,-1,96.0,,279.2,,17.7134
nc73620451,NC,MDY,,HHZ,-1,96.0,,297.2,,17.9913
nc73620451,NC,MCY,,EHZ,1,96.0,,290.5,,18.6919
nc73620451,NC,MINS,,HHZ,-1,86.0,,290.9,,21.7386
nc73620451,NC,MDC,2.0,EHZ,1,85.0,,306.9,,23.262
nc73620451,NC,MRC,,EHZ,-1,80.0,,70.7,,30.245
nc73620451,NC,MTU,2.0,EHZ,-1,78.0,,137.4,,34.9041
nc73620451,NC,MCO,,EHZ,-1,134.0,,323.6,,4.7892
nc73620451,NC,MCS,,EHZ,-1,108.0,,319.9,,10.26
nc73620451,NC,MCV,,EHZ,-1,172.0,,12.2,,0.6468
nc73620451,NC,MDPB,,HHZ,-1,86.0,,283.8,,22.5948
nc73620451,NC,MDR,2.0,EHZ,-1,126.0,,355.6,,5.9701
nc73620451,NC,MLC,,EHZ,-1,115.0,,292.5,,8.0839
nc73620451,NC,MLH,,EHZ,1,107.0,,7.5,,10.5502
nc73620451,NC,MMLB,,HHZ,-1,97.0,,302.5,,15.5117
nc73620456,NC,MCV,,EHZ,-1,93.0,,6.4,,12.4538
nc73620456,NC,MCO,,EHZ,-1,93.0,,354.2,,15.6785
nc73620456,NC,MLC,,EHZ,-1,94.0,,337.4,,16.0788
nc73620456,CI,MLAC,,HHZ,1,94.0,,2.7,,16.8572
nc73620456,NC,MGPB,,EHZ,-1,94.0,,342.7,,17.1574
nc73620456,NC,MDR,2.0,EHZ,-1,85.0,,2.6,,17.7134
nc73620456,NC,MCS,,EHZ,-1,84.0,,344.7,,20.3042
nc73620456,NC,MMP,,EHZ,-1,84.0,,312.1,,21.8164
nc73620456,NC,MLH,,EHZ,1,84.0,,6.8,,22.3613
nc73620456,NC,MDY,,HHZ,-1,82.0,,323.6,,24.8076
nc73620456,NC,MDPB,,HHZ,-1,80.0,,309.7,,26.8425
nc73620456,NC,MINS,,HHZ,-1,80.0,,315.7,,27.2539
nc73620456,NC,MTU,2.0,EHZ,1,79.0,,119.2,,28.566
nc73620611,NP,1576,10.0,HNZ,1,115.0,,46.8,,10.737
nc73620611,NC,MGPB,,EHZ,-1,106.0,,338.4,,14.6444
nc73620611,NC,MQ1P,,EHZ,1,100.0,,307.5,,19.9928
nc73620611,NC,MMLB,,HHZ,1,98.0,,325.0,,21.1159
nc73620611,NC,MLI,,HHZ,1,98.0,,313.7,,21.4829
nc73620611,NC,MDY,,HHZ,1,96.0,,318.9,,22.8394
nc73620611,NC,MINS,,HHZ,1,94.0,,310.9,,25.5748
nc73620611,NC,MTU,2.0,EHZ,1,92.0,,124.1,,29.7558
nc73620611,NC,MMT,,EHZ,1,92.0,,244.7,,33.1027
nc73620611,NC,MRC,,EHZ,1,91.0,,57.2,,35.0709
nc73620611,NC,MCD,,EHZ,1,91.0,,81.8,,35.549
nc73620611,NC,MFB,,EHZ,1,91.0,,102.6,,37.4171
nc73620611,BK,MMI,0.0,HHZ,1,86.0,,263.6,,80.3717
nc73620611,NC,MMI,,EHZ,1,86.0,,263.6,,80.3828
nc73620611,BK,TOLH,0.0,HHZ,1,86.0,,221.0,,81.3391
nc73620611,NC,MHD,,EHZ,1,85.0,,245.6,,102.7775
nc73620611,NC,MPR,,EHZ,1,85.0,,288.3,,108.7375
nc73620611,BK,BUCR,0.0,HHZ,-1,84.0,,279.7,,117.0883
nc73620611,NC,MCO,,EHZ,-1,107.0,,351.6,,12.9542
nc73620611,NC,MCV,,EHZ,-1,118.0,,6.5,,9.6673
nc73620611,NC,MDR,2.0,EHZ,-1,105.0,,1.9,,14.9335
nc73620611,NC,MLC,,EHZ,1,106.0,,331.7,,13.7103
nc73620611,NC,MMP,,EHZ,1,99.0,,305.6,,20.3153
nc73620671,NC,MCV,,EHZ,1,118.0,,31.4,,8.2073
nc73620671,NC,MLC,,EHZ,1,112.0,,340.7,,10.0153
nc73620671,NC,MCO,,EHZ,-1,111.0,,7.2,,10.2933
nc73620671,CI,MLAC,,HHZ,-1,102.0,,17.7,,12.0313
nc73620671,NC,MDR,2.0,EHZ,1,101.0,,16.6,,12.8541
nc73620671,NC,MMT,,EHZ,-1,84.0,,237.9,,31.5349
nc73620846,NC,MCV,,EHZ,1,157.0,,60.5,,2.7943
nc73620846,NC,MCO,,EHZ,1,144.0,,353.1,,4.6201
nc73620846,CI,MLAC,,HHZ,1,135.0,,17.3,,6.1079
nc73620846,NC,MLC,,EHZ,-1,133.0,,306.6,,6.436
nc73620846,NC,MDR,2.0,EHZ,1,131.0,,15.3,,6.9397
nc73620846,NC,MLH,,EHZ,1,113.0,,18.1,,11.7867
nc73620846,NC,MINS,,HHZ,-1,101.0,,295.3,,19.915
nc73620846,NC,MDPB,,HHZ,-1,100.0,,287.3,,20.5822
nc73620861,NP,1576,10.0,HNZ,1,114.0,,46.6,,10.7514
nc73620861,NC,MCO,,EHZ,-1,106.0,,351.6,,12.9987
nc73620861,NC,MGPB,,EHZ,1,105.0,,338.4,,14.6888
nc73620861,NC,MDR,2.0,EHZ,-1,105.0,,1.8,,14.9668
nc73620861,NC,MCS,,EHZ,1,102.0,,341.4,,17.7801
nc73620861,NC,MLH,,EHZ,-1,100.0,,6.8,,19.6037
nc73620861,NC,MQ1P,,EHZ,1,99.0,,307.6,,20.0262
nc73620861,NC,MMP,,EHZ,1,99.0,,305.7,,20.3487
nc73620861,NC,MCY,,EHZ,1,95.0,,313.3,,22.7171
nc73620861,NC,MDY,,HHZ,1,95.0,,318.9,,22.8728
nc73620861,NC,MDPB,,HHZ,1,94.0,,304.5,,25.4525
nc73620861,NC,MINS,,HHZ,1,93.0,,310.9,,25.6082
nc73620861,NC,MDC,2.0,EHZ,1,91.0,,322.5,,28.9663
nc73620861,NC,MRC,,EHZ,1,91.0,,57.1,,35.0709
nc73620861,NC,MCD,,EHZ,1,91.0,,81.8,,35.5379
nc73620861,BK,MMI,0.0,HHZ,1,86.0,,263.6,,80.3828
nc73620861,NC,MCV,,EHZ,-1,118.0,,6.4,,9.7018
nc73620861,NC,MLC,,EHZ,1,106.0,,331.7,,13.7437
nc73620861,NC,MMT,,EHZ,1,91.0,,244.8,,33.1027
nc73620931,NC,MLC,,EHZ,1,104.0,,225.4,,3.5204
nc73620931,NC,MDH,,HNZ,-1,66.0,,339.0,,5.4018
nc73620931,NC,MDH1,,DP1,-1,66.0,,339.0,,5.4018
nc73620931,NC,MCV,,EHZ,-1,52.0,,134.1,,7.0831
nc73620931,NC,MQ1P,,EHZ,1,48.0,,258.6,,12.1091
nc73620931,NC,MMP,,EHZ,1,48.0,,257.7,,12.8208
nc73620931,NC,MINS,,HHZ,1,48.0,,278.1,,15.5228
nc73620931,NC,MDPB,,HHZ,1,48.0,,269.3,,17.0017
nc73620931,CI,MLAC,,HHZ,1,106.0,,95.9,,4.5067
nc73620931,NC,MCO,,EHZ,-1,113.0,,129.0,,2.7098
nc73620931,NC,MCS,,EHZ,-1,112.0,,323.9,,2.8266
nc73620931,NC,MDR,2.0,EHZ,1,106.0,,84.9,,4.5167
nc73620931,NC,MGPB,,EHZ,1,134.0,,237.0,,1.6879
nc73620931,NC,MMLB,,HHZ,1,48.0,,288.8,,8.592
nc73621091,NC,MGPB,,EHZ,-1,124.0,,344.6,,9.5505
nc73621091,NC,MDR,2.0,EHZ,1,120.0,,17.7,,11.0483
nc73621091,NC,MCS,,EHZ,-1,113.0,,347.3,,12.7096
nc73621091,NC,MQ1P,,EHZ,-1,111.0,,300.9,,15.1336
nc73621091,NC,MDH,,HNZ,1,110.0,,348.6,,15.4672
nc73621091,NC,MINS,,HHZ,-1,104.0,,306.8,,20.5711
nc73621091,NC,MDC,2.0,EHZ,-1,100.0,,321.4,,23.6956
nc73621091,NC,MMT,,EHZ,1,95.0,,235.5,,32.7914
nc73621091,NC,MTU,2.0,EHZ,-1,94.0,,127.5,,34.6595
nc73621091,NC,MRC,,EHZ,1,94.0,,65.7,,35.4934
nc73621091,BK,TOLH,0.0,HHZ,1,88.0,,217.5,,82.9181
nc73621091,NC,MHD,,EHZ,1,86.0,,242.6,,102.1103
nc73621091,NC,MPR,,EHZ,1,86.0,,286.5,,104.69
nc73621091,CI,MLAC,,HHZ,1,122.0,,19.1,,10.2244
nc73621091,NC,MCO,,EHZ,1,128.0,,6.6,,8.4731
nc73621091,NC,MCV,,EHZ,1,137.0,,37.2,,6.5416
nc73621091,NC,MDY,,HHZ,-1,108.0,,316.4,,17.6466
nc73621091,NC,MLC,,EHZ,-1,128.0,,334.6,,8.4775
nc73621091,NC,MLH,,EHZ,1,110.0,,19.0,,15.912
nc73621091,NC,MLI,,HHZ,-1,109.0,,309.4,,16.4124
nc73621091,NC,MMLB,,HHZ,-1,110.0,,324.4,,15.8675
nc73621091,NC,MMP,,EHZ,-1,110.0,,298.5,,15.5339
nc73621496,NC,MGPB,,EHZ,1,132.0,,218.3,,1.7591
nc73621496,NC,MCS,,EHZ,-1,117.0,,323.6,,2.2617
nc73621496,NC,MCO,,EHZ,-1,108.0,,131.8,,3.2558
nc73621496,NC,MLC,,EHZ,1,103.0,,216.6,,3.6561
nc73621496,NC,MDR,2.0,EHZ,1,109.0,,90.7,,4.8225
nc73621496,CI,MLAC,,HHZ,1,109.0,,100.9,,4.8948
nc73621496,NC,MMP,,EHZ,1,47.0,,255.3,,12.6095
nc73621496,NC,MINS,,HHZ,1,46.0,,276.5,,15.1336
nc73621496,NC,MDPB,,HHZ,1,46.0,,267.7,,16.6904
nc73621501,NC,MGPB,,EHZ,1,127.0,,224.7,,1.9693
nc73621501,NC,MCS,,EHZ,-1,116.0,,317.8,,2.4352
nc73621501,NC,MCO,,EHZ,-1,109.0,,135.7,,3.0556
nc73621501,NC,MLC,,EHZ,1,81.0,,220.0,,3.854
nc73621501,NC,MDR,2.0,EHZ,1,73.0,,91.0,,4.5279
nc73621501,CI,MLAC,,HHZ,1,72.0,,101.8,,4.609
nc73621501,NC,MDH1,,DP1,1,70.0,,337.4,,4.9448
nc73621501,NC,MCV,,EHZ,-1,54.0,,136.6,,7.4456
nc73621501,NC,MMP,,EHZ,1,52.0,,255.6,,12.8986
nc73621501,NC,MLM,,EHZ,1,52.0,,332.1,,11.2307
nc73621501,NC,MINS,,HHZ,1,52.0,,276.3,,15.4227
nc73621501,NC,MDPB,,HHZ,1,51.0,,267.7,,16.9795
nc73621541,NP,1576,10.0,HNZ,1,121.0,,52.1,,8.8133
nc73621541,NC,MGPB,,EHZ,1,106.0,,331.8,,13.2544
nc73621541,NC,MCS,,EHZ,-1,103.0,,336.3,,16.2345
nc73621541,NC,MEM,,EHZ,1,101.0,,329.5,,18.7141
nc73621541,NC,MDH,,HNZ,1,100.0,,339.0,,18.892
nc73621541,NC,MDH1,1.0,DP1,-1,100.0,,339.0,,18.892
nc73621541,NC,MQ1P,,EHZ,-1,99.0,,301.5,,19.6148
nc73621541,NC,MMP,,EHZ,-1,99.0,,299.7,,20.004
nc73621541,NC,MMLB,,HHZ,-1,99.0,,319.8,,20.1152
nc73621541,NC,MDY,,HHZ,-1,96.0,,313.8,,22.0388
nc73621541,NC,MCY,,EHZ,-1,95.0,,308.0,,22.0833
nc73621541,NC,MINS,,HHZ,-1,93.0,,306.2,,25.0411
nc73621541,NC,MDPB,,HHZ,-1,93.0,,299.6,,25.1301
nc73621541,NC,MDC,2.0,EHZ,-1,92.0,,318.6,,27.9878
nc73621541,NC,MTU,2.0,EHZ,-1,90.0,,128.1,,30.1894
nc73621541,NC,MRC,,EHZ,1,91.0,,59.2,,33.3029
nc73621541,NC,MMT,,EHZ,1,91.0,,242.4,,34.7484
nc73621541,BK,MMI,0.0,HHZ,-1,86.0,,262.3,,81.4725
nc73621541,CI,MLAC,,HHZ,1,107.0,,358.2,,12.1314
nc73621541,NC,MCO,,EHZ,1,113.0,,345.8,,11.2196
nc73621541,NC,MCV,,EHZ,1,126.0,,1.7,,7.6658
nc73621541,NC,MDR,2.0,EHZ,1,106.0,,358.4,,12.9876
nc73621541,NC,MLC,,EHZ,-1,106.0,,324.0,,12.5205
nc73621541,NC,MLH,,EHZ,1,102.0,,4.8,,17.5466
nc73621861,NC,MLC,,EHZ,1,177.0,,0.9,,0.2898
nc73621861,NC,MQ1P,,EHZ,1,122.0,,272.3,,9.3648
nc73621861,NC,MMP,,EHZ,1,119.0,,270.2,,10.0109
nc73622076,NC,MMT,,EHZ,1,76.0,,256.9,,40.5528
nc73622076,NC,MCV,,EHZ,-1,95.0,,329.9,,16.7682
nc73622076,NC,MTU,2.0,EHZ,-1,84.0,,128.1,,19.1589
nc73622076,NC,MDR,2.0,EHZ,-1,85.0,,335.6,,21.772
nc73622076,NC,MLC,,EHZ,1,84.0,,316.7,,23.3398
nc73622076,NC,MGPB,,EHZ,1,84.0,,321.2,,23.7846
nc73622076,NC,MFB,,EHZ,-1,81.0,,97.0,,27.176
nc73622076,NC,MDPB,,HHZ,-1,76.0,,302.3,,36.0716
nc73622076,NC,MINS,,HHZ,-1,76.0,,306.9,,36.0716
nc73622076,BK,MMI,0.0,HHZ,1,75.0,,267.5,,89.5119
nc73622106,NC,MCV,,EHZ,-1,171.0,,72.0,,0.7324
nc73622106,NC,MCS,,EHZ,-1,108.0,,320.9,,9.5895
nc73622106,NC,MLH,,EHZ,1,106.0,,10.9,,10.2377
nc73622106,NC,MMLB,,HHZ,-1,96.0,,302.3,,14.8223
nc73622106,NC,MQ1P,,EHZ,-1,96.0,,279.7,,16.5124
nc73622106,NC,MMP,,EHZ,-1,96.0,,278.2,,17.1018
nc73622106,NC,MCY,,EHZ,-1,95.0,,289.9,,18.0247
nc73622106,NC,MINS,,HHZ,-1,85.0,,290.4,,21.0714
nc73622106,NC,MDPB,,HHZ,-1,86.0,,283.1,,21.961
nc73622106,NC,MMT,,EHZ,-1,76.0,,232.2,,38.3622
nc73622106,CI,MLAC,,HHZ,-1,133.0,,1.0,,4.6835
nc73622106,NC,MCO,,EHZ,-1,137.0,,326.4,,4.1342
nc73622106,NC,MDR,2.0,EHZ,-1,127.0,,1.0,,5.5464
nc73622106,NC,MGPB,,EHZ,-1,118.0,,306.1,,7.1921
nc73622106,NC,MLC,,EHZ,-1,117.0,,291.3,,7.4134
nc73622186,NC,MCV,,EHZ,1,128.0,,23.6,,7.6791
nc73622186,NC,MCO,,EHZ,1,118.0,,0.5,,10.2488
nc73622186,NC,MLC,,EHZ,-1,117.0,,334.6,,10.5113
nc73622186,NC,MGPB,,EHZ,1,114.0,,342.8,,11.5532
nc73622186,NC,MDR,2.0,EHZ,1,109.0,,11.3,,12.5984
nc73622186,NC,MINS,,HHZ,1,98.0,,309.2,,22.3947
nc73622186,NC,MMT,,EHZ,1,93.0,,239.1,,32.5468
nc73622186,NC,MTU,2.0,EHZ,-1,93.0,,125.9,,32.8581
nc73622336,NC,MLC,,EHZ,1,125.0,,98.2,,4.36
nc73622336,NC,MQ1P,,EHZ,1,119.0,,263.9,,5.0749
nc73622336,NC,MGPB,,EHZ,-1,116.0,,80.1,,5.4908
nc73622336,NC,MMP,,EHZ,1,114.0,,261.2,,5.7666
nc73622336,NC,MCO,,EHZ,1,101.0,,89.0,,8.9378
nc73622351,NC,MTU,2.0,EHZ,-1,150.0,,153.8,,5.8411
nc73622351,NC,MFB,,EHZ,1,122.0,,77.4,,14.8334
nc73622351,NC,MCD,,EHZ,-1,113.0,,38.7,,21.0492
nc73622351,NC,MRC,,EHZ,1,103.0,,13.9,,31.268
nc73622351,NC,MLC,,EHZ,1,100.0,,309.7,,36.9723
nc73622351,NC,MMT,,EHZ,1,95.0,,267.2,,52.0726
nc73622351,BK,TOLH,0.0,HHZ,1,89.0,,236.6,,90.4904
nc73622351,BK,MMI,0.0,HHZ,1,88.0,,271.6,,101.9546
nc73622426,NC,MCO,,EHZ,1,117.0,,342.4,,9.1847
nc73622426,CI,MLAC,,HHZ,-1,114.0,,357.6,,10.0009
nc73622426,NC,MGPB,,EHZ,-1,109.0,,326.6,,11.442
nc73622426,NC,MCS,,EHZ,-1,102.0,,332.8,,14.333
nc73622426,NC,MLH,,EHZ,1,101.0,,5.3,,15.4339
nc73622426,NC,MDH,,HNZ,1,99.0,,336.3,,16.935
nc73622426,NC,MDH1,1.0,DP1,-1,99.0,,336.3,,16.935
nc73622426,NC,MMLB,,HHZ,-1,98.0,,315.5,,18.5584
nc73622426,NC,MCY,,EHZ,1,94.0,,303.3,,20.8602
nc73622426,NC,MINS,,HHZ,1,90.0,,302.1,,23.8847
nc73622426,NC,MTU,2.0,EHZ,-1,90.0,,131.2,,31.5238
nc73622426,NC,MRC,,EHZ,1,91.0,,62.4,,32.2465
nc73622426,NC,MCV,,EHZ,-1,134.0,,2.0,,5.5375
nc73622426,NC,MDR,2.0,EHZ,-1,111.0,,357.9,,10.8626
nc73622426,NC,MLC,,EHZ,-1,111.0,,317.3,,10.8982
nc73622461,NC,MTU,2.0,EHZ,1,93.0,,157.9,,13.7659
nc73622461,NC,MFB,,EHZ,-1,85.0,,104.1,,17.6022
nc73622461,NC,MCD,,EHZ,-1,85.0,,60.5,,18.1137
nc73622461,NC,MCV,,EHZ,-1,84.0,,306.7,,22.7838
nc73622461,NC,MRC,,EHZ,1,82.0,,23.8,,24.9855
nc73622461,NC,MCO,,EHZ,-1,80.0,,308.4,,27.1093
nc73622461,NC,MDPB,,HHZ,-1,73.0,,294.5,,44.3557
nc73622516,NC,MLC,,EHZ,-1,130.0,,15.3,,14.2663
nc73622516,NC,MMP,,EHZ,-1,130.0,,335.3,,14.8668
nc73622516,NC,MQ1P,,EHZ,-1,129.0,,338.1,,14.9112
nc73622516,NC,MCV,,EHZ,-1,128.0,,45.1,,16.0565
nc73622516,NC,MGPB,,EHZ,-1,128.0,,17.6,,16.0677
nc73622516,NC,MCO,,EHZ,-1,127.0,,30.0,,16.7793
nc73622516,NC,MCY,,EHZ,-1,124.0,,340.0,,18.2916
nc73622516,NC,MDR,2.0,EHZ,1,122.0,,32.9,,19.8261
nc73622516,NC,MINS,,HHZ,-1,121.0,,333.8,,20.5043
nc73622516,NC,MMT,,EHZ,1,117.0,,237.5,,23.2175
nc73622516,NC,MDC,2.0,EHZ,-1,114.0,,343.4,,25.6749
nc73622521,NC,MFB,,EHZ,1,137.0,,126.9,,14.1996
nc73622521,NC,MCV,,EHZ,1,120.0,,291.4,,25.7639
nc73622521,CI,MLAC,,HHZ,1,118.0,,299.4,,28.2213
nc73622521,NC,MDR,2.0,EHZ,1,117.0,,301.0,,28.6438
nc73622521,NC,MLC,,EHZ,1,113.0,,290.6,,33.7477
nc73622521,NC,MMP,,EHZ,-1,106.0,,285.7,,43.2103
nc73622521,NC,MRC,,EHZ,-1,130.0,,13.3,,19.1366
nc73622521,NC,MGPB,,EHZ,-1,113.0,,293.8,,33.314
nc73622521,NC,MMLB,,HHZ,-1,108.0,,294.7,,40.9531
nc73622521,NC,MINS,,HHZ,1,105.0,,290.5,,47.4135
nc73622521,NC,MDPB,,HHZ,1,104.0,,287.1,,48.203
nc73622526,NC,MMT,,EHZ,1,144.0,,273.3,,8.1584
nc73622526,NC,MMP,,EHZ,1,109.0,,11.1,,26.9092
nc73622526,NC,MQ1P,,EHZ,1,109.0,,12.3,,27.3762
nc73622526,NC,MDPB,,HHZ,1,107.0,,1.4,,28.9218
nc73622526,NC,MLC,,EHZ,-1,106.0,,29.6,,30.7232
nc73622526,NC,MINS,,HHZ,1,106.0,,4.3,,31.3792
nc73622526,NC,MDY,,HHZ,-1,105.0,,11.8,,32.4578
nc73622526,NC,MGPB,,EHZ,1,105.0,,29.9,,32.6135
nc73622526,NC,MCV,,EHZ,1,105.0,,43.2,,33.314
nc73622526,NC,MCO,,EHZ,-1,104.0,,35.7,,33.8811
nc73622526,CI,MLAC,,HHZ,1,103.0,,37.6,,36.294
nc73622526,NC,MDR,2.0,EHZ,1,102.0,,36.8,,36.9946
nc73622526,NC,MDC,2.0,EHZ,1,102.0,,6.1,,37.7173
nc73622526,NC,MLH,,EHZ,-1,100.0,,35.1,,41.7203
nc73622526,NC,MTU,2.0,EHZ,1,98.0,,92.4,,46.5017
nc73622526,BK,TOLH,0.0,HHZ,-1,95.0,,213.9,,56.4314
nc73622526,NC,MFB,,EHZ,1,95.0,,83.5,,58.6776
nc73622526,BK,MMI,0.0,HHZ,1,95.0,,275.4,,58.344
nc73622526,NC,MCD,,EHZ,1,95.0,,70.8,,60.2677
nc73622526,NC,MRC,,EHZ,1,94.0,,56.6,,61.3018
nc73622526,BK,HELL,0.0,HHZ,1,91.0,,175.7,,76.9914
nc73622526,BK,LEGD,0.0,HHZ,1,88.0,,259.8,,95.7388
nc73622526,BK,BUCR,0.0,HHZ,1,88.0,,290.0,,99.664
nc73622526,BK,DRDG,0.0,HHZ,1,87.0,,319.1,,117.6442
nc73622526,BK,MERC,0.0,HHZ,1,87.0,,271.3,,121.5361
nc73622536,NC,MCV,,EHZ,-1,118.0,,27.1,,3.4571
nc73622536,NC,MCO,,EHZ,1,96.0,,347.4,,6.4449
nc73622536,NC,MLC,,EHZ,-1,92.0,,312.6,,8.1795
nc73622536,NC,MGPB,,EHZ,1,91.0,,325.2,,8.6276
nc73622566,NC,MGPB,,EHZ,-1,161.0,,95.7,,0.8383
nc73622566,NC,MLC,,EHZ,-1,146.0,,189.0,,1.6546
nc73622566,NC,MCS,,EHZ,1,123.0,,10.5,,3.1657
nc73622566,NC,MCO,,EHZ,1,109.0,,101.3,,4.4456
nc73622566,NC,MDH1,1.0,DP1,1,99.0,,3.0,,5.8822
nc73622566,CI,MLAC,,HHZ,-1,94.0,,86.8,,6.7451
nc73622566,NC,MDR,2.0,EHZ,1,94.0,,79.6,,6.8618
nc73622566,NC,MCV,,EHZ,1,92.0,,119.1,,8.4086
nc73622566,NC,MDY,,HHZ,1,89.0,,291.6,,9.4671
nc73622566,NC,MQ1P,,EHZ,1,89.0,,260.8,,9.7473
nc73622566,NC,MMP,,EHZ,1,88.0,,259.5,,10.449
nc73622566,NC,MINS,,HHZ,1,87.0,,282.9,,13.4546
nc73622566,NC,MDC,2.0,EHZ,1,85.0,,309.0,,14.6666
nc73622566,NC,MDPB,,HHZ,1,85.0,,272.4,,14.7556
nc73622576,NP,1576,10.0,HNZ,1,104.0,,47.6,,11.2974
nc73622576,NC,MLC,,EHZ,-1,97.0,,334.1,,13.6992
nc73622576,NC,MGPB,,EHZ,1,97.0,,340.6,,14.7111
nc73622576,NC,MDR,2.0,EHZ,-1,97.0,,3.8,,15.2226
nc73622576,NC,MQ1P,,EHZ,1,95.0,,309.0,,19.7482
nc73622576,NC,MLH,,EHZ,-1,84.0,,8.2,,19.8928
nc73622576,NC,MDPB,,HHZ,1,83.0,,305.6,,25.1412
nc73622576,NC,MINS,,HHZ,1,83.0,,312.1,,25.3524
nc73622576,NC,MDC,2.0,EHZ,1,81.0,,323.6,,28.8217
nc73622576,NC,MMT,,EHZ,1,79.0,,244.7,,32.5245
nc73622576,CI,MLAC,,HHZ,-1,97.0,,4.0,,14.3553
nc73622576,NC,MCO,,EHZ,-1,97.0,,354.0,,13.1544
nc73622576,NC,MCV,,EHZ,-1,108.0,,9.2,,9.9942
nc73622826,NC,MCV,,EHZ,-1,113.0,,6.1,,10.9616
nc73622826,NC,MCO,,EHZ,-1,104.0,,352.7,,14.233
nc73622826,NC,MLC,,EHZ,1,104.0,,334.3,,14.8223
nc73622826,NC,MDR,2.0,EHZ,1,103.0,,2.0,,16.2345
nc73622826,NC,MDPB,,HHZ,1,92.0,,306.8,,26.1086
nc73623081,NC,MLC,,EHZ,-1,162.0,,351.2,,3.2146
nc73623081,NC,MGPB,,EHZ,1,155.0,,7.2,,4.7647
nc73623081,NC,MDPB,,HHZ,1,120.0,,290.0,,15.9342
nc73623231,NC,MCV,,EHZ,-1,104.0,,20.8,,10.4201
nc73623231,NC,MLC,,EHZ,-1,95.0,,342.3,,12.7985
nc73623231,NC,MCO,,EHZ,-1,95.0,,3.2,,12.9653
nc73623231,NC,MGPB,,EHZ,-1,95.0,,348.5,,14.0217
nc73623231,NC,MDR,2.0,EHZ,1,95.0,,11.6,,15.3783
nc73623231,NC,MMT,,EHZ,1,79.0,,242.8,,30.6898
nc73623441,NC,MCV,,EHZ,-1,108.0,,5.1,,11.6532
nc73623441,NC,MLC,,EHZ,-1,101.0,,335.0,,15.5228
nc73623441,NC,MGPB,,EHZ,-1,100.0,,340.7,,16.5347
nc73623441,NC,MDR,2.0,EHZ,-1,99.0,,1.5,,16.9239
nc73623441,NC,MCS,,EHZ,-1,96.0,,343.1,,19.6593
nc73623441,NC,MMP,,EHZ,-1,92.0,,309.9,,21.5829
nc73623441,NC,MLH,,EHZ,1,93.0,,6.1,,21.5496
nc73623441,NC,MDH,,HNZ,1,90.0,,344.5,,22.3835
nc73623441,NC,MDC,2.0,EHZ,-1,92.0,,324.7,,30.5675
nc73623441,NC,MMT,,EHZ,1,93.0,,248.0,,32.3577
nc73623441,NC,MCO,,EHZ,-1,101.0,,352.5,,14.9446
nc73623441,NC,MDY,,HHZ,-1,90.0,,321.8,,24.4073
nc73623441,NC,MTU,2.0,EHZ,-1,90.0,,120.9,,28.6327
nc73623496,NC,MCO,,EHZ,-1,165.0,,8.0,,0.7651
nc73623496,CI,MLAC,,HHZ,1,128.0,,51.0,,3.188
nc73623496,NC,MDR,2.0,EHZ,1,120.0,,41.0,,3.7995
nc73623496,NC,MCV,,EHZ,-1,119.0,,128.5,,3.953
nc73623496,NC,MLC,,EHZ,1,115.0,,269.9,,4.5134
nc73623586,NC,MCV,,EHZ,1,102.0,,20.6,,17.0128
nc73623586,NC,MCO,,EHZ,-1,100.0,,8.9,,19.359
nc73623586,NC,MGPB,,EHZ,1,99.0,,358.5,,19.9261
nc73623586,NC,MQ1P,,EHZ,1,97.0,,329.4,,21.4606
nc73623586,NC,MMP,,EHZ,-1,97.0,,327.4,,21.5162
nc73623586,NC,MDPB,,HHZ,-1,93.0,,322.1,,26.153
nc73623586,NC,MINS,,HHZ,-1,92.0,,327.9,,27.176
nc73623591,NC,MCO,,EHZ,1,165.0,,148.4,,2.0237
nc73623591,NC,MDR,2.0,EHZ,1,155.0,,83.6,,3.4748
nc73623591,NC,MLC,,EHZ,1,150.0,,235.0,,4.3388
nc73623591,NC,MDH1,1.0,DP1,-1,141.0,,329.4,,5.8433
nc73623591,NC,MCV,,EHZ,-1,138.0,,140.7,,6.387
nc73623591,NC,MLH,,EHZ,1,134.0,,47.2,,7.2099
nc73623691,NC,MCV,,EHZ,-1,101.0,,17.1,,20.0596
nc73623691,NC,MLC,,EHZ,-1,99.0,,355.5,,21.683
nc73623691,NC,MCO,,EHZ,-1,97.0,,7.4,,22.5726
nc73623691,NC,MGPB,,EHZ,1,97.0,,358.5,,23.1841
nc73623691,NC,MMP,,EHZ,-1,96.0,,331.4,,24.3628
nc73623691,NC,MDR,2.0,EHZ,1,96.0,,12.2,,25.0633
nc73623691,NC,MMT,,EHZ,1,96.0,,259.7,,25.5304
nc73623691,NC,MDPB,,HHZ,-1,94.0,,326.0,,28.844
nc73623691,NC,MINS,,HHZ,1,93.0,,331.1,,30.0226
nc73623691,NC,MTU,2.0,EHZ,1,93.0,,103.5,,30.3229
nc73623691,NC,MDC,2.0,EHZ,1,92.0,,338.5,,34.9152
nc73623706,NC,MCV,,EHZ,1,122.0,,20.3,,20.2152
nc73623706,NC,MLC,,EHZ,1,120.0,,358.4,,21.405
nc73623706,NC,MMP,,EHZ,-1,117.0,,333.5,,23.6512
nc73623706,NC,MQ1P,,EHZ,-1,117.0,,335.2,,23.6734
nc73623706,NC,MMT,,EHZ,1,116.0,,258.7,,24.474
nc73623706,NC,MDPB,,HHZ,-1,112.0,,327.6,,28.0434
nc73623706,NC,MTU,2.0,EHZ,-1,109.0,,103.5,,31.457
nc73623716,NC,MCV,,EHZ,1,96.0,,17.4,,19.5925
nc73623716,NC,MCO,,EHZ,1,90.0,,7.5,,22.0944
nc73623716,NC,MGPB,,EHZ,-1,90.0,,358.4,,22.6949
nc73623716,NC,MMP,,EHZ,-1,90.0,,330.8,,23.9514
nc73623716,NC,MDR,2.0,EHZ,1,90.0,,12.4,,24.5852
nc73623716,NC,MMT,,EHZ,1,90.0,,258.6,,25.6304
nc73623716,NC,MDPB,,HHZ,-1,90.0,,325.4,,28.4548
nc73623716,NC,MTU,2.0,EHZ,-1,90.0,,104.4,,30.4229
nc73623781,NP,1576,10.0,HNZ,-1,171.0,,256.2,,1.132
nc73623781,NC,MCV,,EHZ,1,128.0,,284.4,,8.0939
nc73623781,CI,MLAC,,HHZ,-1,119.0,,307.5,,10.6391
nc73623781,NC,MCO,,EHZ,-1,112.0,,295.8,,12.0202
nc73623781,NC,MGPB,,EHZ,-1,109.0,,292.8,,15.5562
nc73623781,NC,MLC,,EHZ,1,108.0,,286.2,,16.0788
nc73623781,NC,MCS,,EHZ,-1,107.0,,302.4,,17.2575
nc73623781,NC,MRC,,EHZ,1,99.0,,61.1,,23.4844
nc73623781,NC,MQ1P,,EHZ,1,98.0,,280.5,,25.2301
nc73623781,NC,MMP,,EHZ,1,98.0,,279.5,,25.8083
nc73623781,NC,MCD,,EHZ,1,98.0,,95.7,,26.3754
nc73623781,NC,MTU,2.0,EHZ,-1,96.0,,147.2,,28.8996
nc73623781,NC,MINS,,HHZ,-1,95.0,,287.9,,29.7335
nc73623781,NC,MDPB,,HHZ,1,95.0,,282.7,,30.6787
nc73623781,NC,MDC,2.0,EHZ,1,95.0,,300.1,,30.6898
nc73623781,NC,MMT,,EHZ,1,91.0,,240.8,,44.5336
nc73623781,BK,MMI,0.0,HHZ,1,87.0,,259.5,,90.3459
nc73623781,NC,MMI,,EHZ,1,87.0,,259.5,,90.3459
nc73623781,BK,TOLH,0.0,HHZ,1,87.0,,222.1,,92.959
nc73623781,BK,HELL,0.0,HHZ,1,86.0,,194.3,,102.1214
nc73623781,NC,MHD,,EHZ,1,85.0,,244.0,,114.086
nc73623781,NC,MPR,,EHZ,1,85.0,,283.4,,115.3091
nc73623781,NC,MDR,2.0,EHZ,-1,118.0,,311.1,,11.1751
nc73623781,NC,MLH,,EHZ,-1,111.0,,331.0,,13.5435
nc73623856,NC,MCV,,EHZ,-1,127.0,,285.8,,7.549
nc73623856,CI,MLAC,,HHZ,-1,117.0,,309.7,,10.2121
nc73623856,NC,MDR,2.0,EHZ,-1,115.0,,313.2,,10.7692
nc73623856,NC,MCO,,EHZ,-1,113.0,,297.3,,11.5198
nc73623856,NC,MLC,,EHZ,1,105.0,,286.9,,15.5451
nc73623856,NC,MQ1P,,EHZ,1,95.0,,280.8,,24.6742
nc73623856,NC,MINS,,HHZ,1,92.0,,288.4,,29.1998
nc73623856,NC,MTU,2.0,EHZ,1,92.0,,146.2,,29.1887
nc73623856,NC,MDPB,,HHZ,1,92.0,,283.1,,30.1227
nc73623856,NC,MDC,2.0,EHZ,1,92.0,,300.7,,30.2117
nc73624036,NC,MLC,,EHZ,-1,123.0,,339.0,,8.3796
nc73624036,CI,MLAC,,HHZ,1,116.0,,22.0,,10.6035
nc73624036,NC,MDR,2.0,EHZ,1,113.0,,20.4,,11.4086
nc73624036,NP,1576,10.0,HNZ,-1,112.0,,74.6,,11.7644
nc73624036,NC,MCS,,EHZ,-1,107.0,,350.2,,12.7541
nc73624036,NC,MQ1P,,EHZ,-1,106.0,,302.7,,14.6888
nc73624036,NC,MMP,,EHZ,-1,105.0,,300.2,,15.0669
nc73624036,NC,MDH,,HNZ,-1,105.0,,351.0,,15.5228
nc73624036,NC,MDH1,1.0,DP1,-1,105.0,,351.0,,15.5228
nc73624036,NC,MMLB,,HHZ,-1,105.0,,326.6,,15.6451
nc73624036,NC,MLH,,EHZ,1,104.0,,20.9,,16.2789
nc73624036,NC,MCY,,EHZ,-1,103.0,,310.9,,17.2352
nc73624036,NC,MDY,,HHZ,-1,103.0,,318.3,,17.3353
nc73624036,NC,MINS,,HHZ,-1,100.0,,308.3,,20.1708
nc73624036,NC,MDC,2.0,EHZ,-1,95.0,,322.9,,23.4288
nc73624036,NC,MMT,,EHZ,1,92.0,,235.1,,32.1798
nc73624036,NC,MTU,2.0,EHZ,-1,92.0,,126.7,,35.0598
nc73624036,NC,MCO,,EHZ,1,122.0,,10.6,,8.7332
nc73624036,NC,MCV,,EHZ,1,129.0,,40.5,,7.0687
nc73624036,NC,MDPB,,HHZ,-1,100.0,,300.0,,20.193
nc73624036,NC,MGPB,,EHZ,-1,119.0,,348.5,,9.5639
nc73624036,NC,MLI,,HHZ,-1,104.0,,311.3,,16.0454
nc73624086,NC,MCS,,EHZ,1,167.0,,297.3,,1.9114
nc73624086,NC,MGPB,,EHZ,1,162.0,,211.8,,2.7354
nc73624086,NC,MCO,,EHZ,-1,155.0,,146.3,,3.7395
nc73624086,NC,MDH1,,DP1,1,153.0,,331.7,,4.1353
nc73624086,NC,MDR,2.0,EHZ,-1,151.0,,102.7,,4.5801
nc73624086,NC,MLC,,EHZ,1,150.0,,213.2,,4.6324
nc73624086,NC,MLH,,EHZ,-1,138.0,,60.9,,7.2188
nc73624116,NC,MCO,,EHZ,1,150.0,,104.7,,1.7535
nc73624116,NC,MGPB,,EHZ,1,148.0,,280.6,,1.8614
nc73624116,NC,MLC,,EHZ,1,131.0,,247.5,,3.1646
nc73624116,CI,MLAC,,HHZ,-1,120.0,,78.8,,4.1487
nc73624116,NC,MDR,2.0,EHZ,1,118.0,,67.8,,4.4111
nc73624116,NC,MCV,,EHZ,-1,107.0,,128.1,,5.9456
nc73624661,NC,MCO,,EHZ,-1,162.0,,140.7,,2.2528
nc73624661,NC,MGPB,,EHZ,1,162.0,,245.4,,2.3006
nc73624661,NC,MDR,2.0,EHZ,-1,151.0,,84.5,,3.8384
nc73624661,NC,MLC,,EHZ,-1,150.0,,231.8,,4.0542
nc73624661,NC,MDH1,,DP1,-1,141.0,,332.5,,5.6476
nc73624661,NC,MCV,,EHZ,-1,135.0,,138.4,,6.6406
nc73624661,NC,MLH,,EHZ,1,132.0,,49.2,,7.4723
nc73624661,NC,MMP,,EHZ,-1,111.0,,258.1,,13.4879
nc73624661,NC,MDPB,,HHZ,1,107.0,,269.2,,17.6689
nc73624706,NC,MQ1P,,EHZ,1,100.0,,352.8,,12.6429
nc73624706,NC,MLC,,EHZ,1,99.0,,31.8,,14.6888
nc73624706,NC,MCY,,EHZ,1,98.0,,351.9,,16.0454
nc73624706,NC,MDPB,,HHZ,1,98.0,,335.6,,16.1566
nc73624706,NC,MGPB,,EHZ,-1,98.0,,32.2,,16.5903
nc73624706,NC,MDY,,HHZ,1,97.0,,357.5,,17.5799
nc73624706,NC,MMLB,,HHZ,1,97.0,,6.9,,17.8023
nc73624706,NC,MCV,,EHZ,1,97.0,,56.8,,18.3694
nc73624706,CI,MLAC,,HHZ,1,94.0,,45.4,,20.6823
nc73624706,NC,MMT,,EHZ,1,94.0,,228.6,,20.7935
nc73624706,NC,MDC,2.0,EHZ,1,93.0,,351.7,,23.54
nc73624706,NC,MLH,,EHZ,1,84.0,,39.8,,25.8973
nc73624706,NC,MTU,2.0,EHZ,1,80.0,,112.6,,42.2207
nc73624706,NC,MRC,,EHZ,1,80.0,,66.0,,47.9028
nc73624706,NC,MFB,,EHZ,1,80.0,,98.6,,51.4165
nc73624706,BK,MMI,0.0,HHZ,1,80.0,,262.5,,66.1165
nc73624706,CI,CWC,,HHZ,1,78.0,,144.9,,143.5527
nc73624706,NC,MCO,,EHZ,1,97.0,,43.0,,18.1359
nc73624706,NC,MINS,,HHZ,1,97.0,,343.5,,17.8245
nc73624706,NC,MLI,,HHZ,1,99.0,,355.2,,15.2559
nc73624706,NC,MMP,,EHZ,1,100.0,,349.6,,12.3982
nc73624821,NC,MCV,,EHZ,-1,142.0,,8.8,,3.8785
nc73624821,NC,MCO,,EHZ,1,120.0,,341.3,,7.4434
nc73624821,NC,MLC,,EHZ,-1,112.0,,312.0,,9.4204
nc73624821,NC,MGPB,,EHZ,1,110.0,,323.0,,9.8207
nc73624921,NC,MDR,2.0,EHZ,1,105.0,,19.9,,9.8963
nc73624921,NC,MCS,,EHZ,-1,100.0,,346.1,,11.5198
nc73624921,NC,MDH,,HNZ,1,95.0,,347.7,,14.2774
nc73624921,NC,MQ1P,,EHZ,-1,95.0,,296.7,,14.5332
nc73624921,NC,MLH,,EHZ,1,95.0,,20.6,,14.7667
nc73624921,NC,MDY,,HHZ,-1,95.0,,313.6,,16.7793
nc73624921,NC,MDPB,,HHZ,1,85.0,,295.7,,20.0929
nc73624921,NC,MDC,2.0,EHZ,1,85.0,,319.6,,22.7394
nc73624921,NC,MMT,,EHZ,1,77.0,,233.8,,33.4808
nc73624921,NC,MCO,,EHZ,1,115.0,,7.8,,7.2633
nc73624921,NC,MCV,,EHZ,1,124.0,,44.9,,5.6298
nc73624921,NC,MGPB,,EHZ,-1,110.0,,342.4,,8.3763
nc73624921,NC,MLC,,EHZ,-1,115.0,,330.7,,7.3867
nc73624926,NC,MCO,,EHZ,-1,123.0,,7.0,,5.4786
nc73624926,NC,MLC,,EHZ,-1,119.0,,319.9,,6.1235
nc73624926,NC,MGPB,,EHZ,1,115.0,,335.4,,6.8507
nc73624926,NC,MDR,2.0,EHZ,1,110.0,,22.0,,8.1395
nc73624926,NC,MCS,,EHZ,-1,104.0,,341.8,,9.9219
nc73625236,NC,MLC,,EHZ,1,105.0,,79.3,,4.182
nc73625236,NC,MQ1P,,EHZ,1,112.0,,279.2,,5.3196
nc73625236,NC,MGPB,,EHZ,-1,62.0,,65.9,,5.6999
nc73625236,NC,MMP,,EHZ,1,59.0,,274.9,,5.9267
nc73625256,NC,MLC,,EHZ,-1,82.0,,345.4,,8.7132
nc73625256,NC,MGPB,,EHZ,1,82.0,,353.7,,10.042
nc73625256,NC,MCS,,EHZ,1,81.0,,354.1,,13.2433
nc73625256,NC,MQ1P,,EHZ,-1,80.0,,306.5,,14.3553
nc73625256,NC,MMP,,EHZ,-1,80.0,,303.9,,14.7
nc73625256,NC,MDY,,HHZ,1,79.0,,321.7,,17.2797
nc73625256,NC,MINS,,HHZ,1,77.0,,311.1,,19.9373
nc73625256,NC,MDC,2.0,EHZ,-1,76.0,,325.4,,23.451
nc73625256,NC,MMT,,EHZ,1,71.0,,235.2,,31.1679
nc73625256,NC,MCO,,EHZ,-1,82.0,,14.7,,9.5061
nc73625256,NC,MCV,,EHZ,1,82.0,,42.0,,8.0627
nc73625256,NC,MDR,2.0,EHZ,-1,82.0,,23.0,,12.2759
nc73625296,NC,MCV,,EHZ,1,127.0,,54.1,,4.5612
nc73625296,NC,MCO,,EHZ,-1,117.0,,6.9,,5.9245
nc73625296,NC,MLC,,EHZ,-1,114.0,,322.7,,6.4415
nc73625296,NC,MGPB,,EHZ,1,111.0,,337.2,,7.2388
nc73625306,CI,MLAC,,HHZ,1,116.0,,22.5,,8.4808
nc73625306,NC,MCS,,EHZ,1,108.0,,344.8,,10.9571
nc73625306,NC,MINS,,HHZ,-1,95.0,,302.4,,19.6148
nc73625306,NC,MDPB,,HHZ,1,95.0,,294.0,,19.9261
nc73625306,NC,MMT,,EHZ,1,80.0,,233.1,,33.9367
nc73625306,NC,MCO,,EHZ,1,124.0,,7.6,,6.645
nc73625306,NC,MCV,,EHZ,1,133.0,,48.9,,5.1372
nc73625306,NC,MDR,2.0,EHZ,1,113.0,,20.6,,9.2881
nc73625306,NC,MGPB,,EHZ,-1,118.0,,340.4,,7.8303
nc73625306,NC,MLC,,EHZ,-1,122.0,,327.4,,6.9163
nc73625306,NC,MLH,,EHZ,1,99.0,,21.1,,14.1551
nc73625386,NP,1679,10.0,HNZ,1,110.0,,60.5,,25.7083
nc73625386,NC,MLH,,EHZ,1,104.0,,329.8,,33.9589
nc73625386,NC,MLC,,EHZ,-1,104.0,,310.3,,34.0479
nc73625386,NC,MGPB,,EHZ,1,104.0,,313.5,,34.2592
nc73625386,NC,MCS,,EHZ,-1,102.0,,316.9,,36.6943
nc73625386,NP,1587,10.0,HNZ,-1,101.0,,60.8,,38.7959
nc73625386,BK,TOLH,0.0,HHZ,1,90.0,,234.8,,89.3006
nc73625386,CI,CWC,,HHZ,1,87.0,,155.9,,118.4226
nc73625386,BK,KARE,0.0,HHZ,-1,87.0,,221.1,,119.9793
nc73625386,BK,LEGD,0.0,HHZ,1,86.0,,261.1,,137.3257
nc73625386,BK,MMI,0.0,HHZ,1,88.0,,270.7,,99.4194
nc73625386,CI,MLAC,,HHZ,-1,106.0,,321.7,,30.5786
nc73625386,CI,SPG2,,HHZ,1,86.0,,185.5,,135.3242
nc73625386,NC,MCD,,EHZ,1,115.0,,46.5,,21.5941
nc73625386,NC,MCO,,EHZ,-1,105.0,,316.9,,31.2013
nc73625386,NC,MCV,,EHZ,-1,109.0,,316.8,,26.8091
nc73625386,NC,MDR,2.0,EHZ,-1,105.0,,322.7,,31.2569
nc73625386,NC,MFB,,EHZ,1,122.0,,84.4,,17.0684
nc73625386,NC,MMLB,,HHZ,-1,100.0,,310.8,,41.7092
nc73625386,NC,MMT,,EHZ,1,97.0,,265.2,,49.6708
nc73625386,NC,MTU,2.0,EHZ,-1,142.0,,143.3,,8.5064
nc73625391,NP,1576,10.0,HNZ,-1,112.0,,326.1,,20.8602
nc73625391,NP,1679,10.0,HNZ,1,107.0,,60.3,,25.7527
nc73625391,NP,1589,10.0,HNZ,-1,106.0,,102.8,,26.5533
nc73625391,NC,MRC,,EHZ,-1,103.0,,19.1,,30.5564
nc73625391,CI,MLAC,,HHZ,1,103.0,,321.8,,30.6342
nc73625391,NC,MGPB,,EHZ,1,101.0,,313.6,,34.3036
nc73625391,NP,1587,10.0,HNZ,1,99.0,,60.8,,38.8293
nc73625391,NC,MDH1,1.0,DP1,1,99.0,,319.4,,38.9738
nc73625391,NC,MDC,2.0,EHZ,1,95.0,,311.7,,49.6263
nc73625391,CI,TIN,,HHZ,1,94.0,,139.0,,52.8732
nc73625391,GS,MCA04,0.0,HHZ,1,87.0,,47.1,,109.0044
nc73625391,CI,CWC,,HHZ,1,86.0,,155.9,,118.3114
nc73625391,CI,CGO,,HHZ,1,86.0,,142.6,,120.3129
nc73625391,GM,AE05,1.0,HHZ,-1,85.0,,338.2,,133.6563
nc73625391,CI,SPG2,,HHZ,1,85.0,,185.5,,135.3242
nc73625391,CI,POR,,HHZ,1,84.0,,193.3,,149.3348
nc73625391,BK,MERC,0.0,HHZ,1,83.0,,269.6,,162.7894
nc73625391,CI,WNM,,EHZ,-1,82.0,,159.7,,185.8067
nc73625391,CI,WAS2,,HHZ,1,82.0,,178.2,,186.1403
nc73625391,BK,LEGD,0.0,HHZ,1,85.0,,261.1,,137.3257
nc73625391,BK,OVRO,0.0,HHZ,1,100.0,,124.2,,36.1939
nc73625391,CI,ISA,,HHZ,1,86.0,,176.1,,194.8135
nc73625391,CI,SRT,,HHZ,-1,54.0,,157.6,,206.2666
nc73625391,CI,WOR,,HHZ,1,85.0,,169.9,,193.7016
nc73625391,NC,BMS,,EHZ,-1,50.0,,247.2,,210.492
nc73625391,NC,MCO,,EHZ,-1,102.0,,317.0,,31.2569
nc73625391,NC,MCS,,EHZ,-1,99.0,,316.9,,36.7499
nc73625391,NC,MCV,,EHZ,-1,106.0,,316.9,,26.8647
nc73625391,NC,MDR,2.0,EHZ,-1,102.0,,322.8,,31.3125
nc73625391,NC,MFB,,EHZ,1,118.0,,84.1,,17.0795
nc73625391,NC,MLC,,EHZ,-1,101.0,,310.4,,34.0924
nc73625391,NC,MLH,,EHZ,-1,101.0,,329.9,,34.0256
nc73625391,NC,MMT,,EHZ,1,95.0,,265.3,,49.6597
nc73625391,NC,MTU,2.0,EHZ,-1,138.0,,143.0,,8.4475
nc73625401,NC,MLC,,EHZ,1,120.0,,170.0,,5.7921
nc73625401,NC,MCO,,EHZ,-1,111.0,,131.4,,7.4856
nc73625401,NC,MDC,2.0,EHZ,-1,98.0,,296.9,,11.3864
nc73625401,NC,MINS,,HHZ,-1,96.0,,264.8,,11.8979
nc73625401,NC,MDPB,,HHZ,-1,93.0,,255.6,,13.9105
nc73625466,NC,MLC,,EHZ,1,75.0,,73.2,,4.2921
nc73625466,NC,MQ1P,,EHZ,1,66.0,,284.1,,5.413
nc73625466,NC,MGPB,,EHZ,-1,61.0,,61.7,,5.9033
nc73625466,NC,MMP,,EHZ,1,60.0,,279.4,,5.9834
nc73625466,NC,MDPB,,HHZ,1,49.0,,288.6,,10.9416
nc73625471,NC,MCV,,EHZ,1,151.0,,60.8,,3.2402
nc73625471,NC,MCO,,EHZ,1,139.0,,358.1,,4.7936
nc73625471,NC,MLC,,EHZ,-1,130.0,,310.2,,6.2503
nc73625471,NC,MGPB,,EHZ,-1,128.0,,326.7,,6.685
nc73625471,NC,MDR,2.0,EHZ,1,125.0,,17.9,,7.2488
nc73625471,NC,MLH,,EHZ,1,104.0,,19.6,,12.1091
nc73625606,NC,MCO,,EHZ,1,157.0,,94.1,,1.5823
nc73625606,NC,MGPB,,EHZ,-1,150.0,,289.2,,2.0604
nc73625606,NC,MLC,,EHZ,1,137.0,,253.9,,3.1657
nc73625606,CI,MLAC,,HHZ,-1,128.0,,74.0,,4.112
nc73625606,NC,MCS,,EHZ,-1,125.0,,330.5,,4.4522
nc73625606,NC,MDR,2.0,EHZ,1,125.0,,63.2,,4.4411
nc73625606,NC,MCV,,EHZ,-1,116.0,,126.2,,5.6509
nc73625606,NC,MDH,,HNZ,1,109.0,,339.7,,7.0776
nc73625606,NC,MDH1,,DP1,-1,109.0,,339.7,,7.0776
nc73625606,NC,MINS,,HHZ,1,86.0,,283.4,,16.3345
nc73625606,NC,MDPB,,HHZ,1,85.0,,274.5,,17.5799
nc73625611,NC,MCO,,EHZ,1,157.0,,115.1,,1.8392
nc73625611,NC,MGPB,,EHZ,-1,157.0,,270.3,,1.8592
nc73625611,NC,MLC,,EHZ,1,141.0,,242.3,,3.3314
nc73625611,NC,MDR,2.0,EHZ,1,132.0,,71.8,,4.2688
nc73625611,NC,MCV,,EHZ,-1,120.0,,130.7,,6.1335
nc73625611,NC,MDH1,,DP1,-1,118.0,,338.3,,6.4248
nc73625646,NP,1679,10.0,HNZ,1,118.0,,54.8,,19.359
nc73625646,NC,MRC,,EHZ,-1,108.0,,7.3,,27.5207
nc73625646,NC,MDR,2.0,EHZ,1,103.0,,312.6,,34.6039
nc73625646,NC,MGPB,,EHZ,1,101.0,,305.2,,38.4178
nc73625646,NC,MLC,,EHZ,1,101.0,,302.3,,38.4734
nc73625646,NC,MCS,,EHZ,-1,100.0,,308.7,,40.5306
nc73625646,NC,MQ1P,,EHZ,1,98.0,,296.3,,46.713
nc73625646,NC,MMP,,EHZ,1,97.0,,295.6,,47.1578
nc73625646,NC,MDY,,HHZ,1,97.0,,302.1,,48.4365
nc73625646,NC,MINS,,HHZ,1,96.0,,299.1,,51.9169
nc73625646,NC,MDC,2.0,EHZ,-1,96.0,,305.8,,53.785
nc73625646,NC,MMT,,EHZ,1,95.0,,264.3,,56.3425
nc73625646,BK,HELL,0.0,HHZ,1,89.0,,207.1,,93.1702
nc73625646,BK,MMI,0.0,HHZ,1,88.0,,269.9,,105.9799
nc73625646,NC,MMI,,EHZ,1,88.0,,269.9,,105.9799
nc73625646,NC,MHD,,EHZ,1,86.0,,254.3,,124.4271
nc73625646,NC,MPR,,EHZ,-1,86.0,,288.4,,136.1026
nc73625646,BK,BUCR,0.0,HHZ,-1,85.0,,281.4,,144.2198
nc73625646,BK,TOLH,0.0,HHZ,1,88.0,,236.4,,95.5609
nc73625646,NC,MCD,,EHZ,1,122.0,,34.3,,16.1677
nc73625646,NC,MCO,,EHZ,1,102.0,,307.4,,35.1042
nc73625646,NC,MCV,,EHZ,1,105.0,,306.0,,30.7899
nc73625646,NC,MDPB,,HHZ,1,96.0,,296.0,,52.2727
nc73625646,NC,MFB,,EHZ,1,135.0,,89.1,,10.4245
nc73625646,NC,MTU,2.0,EHZ,-1,142.0,,190.0,,8.4175
nc73625676,NC,MCO,,EHZ,1,154.0,,106.3,,1.5223
nc73625676,NC,MGPB,,EHZ,1,145.0,,279.9,,2.096
nc73625676,NC,MLC,,EHZ,1,129.0,,249.3,,3.3759
nc73625676,CI,MLAC,,HHZ,-1,122.0,,77.9,,3.9218
nc73625676,NC,MDR,2.0,EHZ,1,120.0,,66.3,,4.2009
nc73625676,NC,MCS,,EHZ,-1,120.0,,327.0,,4.2454
nc73625676,NC,MCV,,EHZ,-1,109.0,,129.4,,5.7499
nc73625676,NC,MDH,,HNZ,1,103.0,,337.8,,6.8274
nc73625676,NC,MDH1,,DP1,-1,103.0,,337.8,,6.8274
nc73625786,NC,MCV,,EHZ,1,62.0,,328.8,,7.1521
nc73625786,CI,MLAC,,HHZ,1,40.0,,337.8,,11.4197
nc73625786,NC,MCO,,EHZ,1,40.0,,324.4,,11.4864
nc73625786,NC,MDR,2.0,EHZ,1,40.0,,339.4,,12.2203
nc73625786,NC,MLC,,EHZ,1,40.0,,307.2,,14.1996
nc73625786,NC,MCY,,EHZ,1,39.0,,299.4,,24.5185
nc73625786,NC,MINS,,HHZ,1,39.0,,298.8,,27.5541
nc73625786,NC,MDPB,,HHZ,1,39.0,,292.9,,27.9878
nc73625836,NP,1576,10.0,HNZ,-1,90.0,,33.6,,23.0729
nc73625836,NC,MQ1P,,EHZ,-1,93.0,,335.6,,26.3643
nc73625836,CI,MLAC,,HHZ,1,93.0,,11.8,,26.4866
nc73625836,NC,MDR,2.0,EHZ,-1,93.0,,11.5,,27.3317
nc73625836,NC,MCS,,EHZ,-1,94.0,,358.6,,28.6661
nc73625836,NC,MCY,,EHZ,-1,94.0,,337.1,,29.7002
nc73625836,NC,MDPB,,HHZ,-1,84.0,,328.6,,30.6898
nc73625836,NC,MDH,,HNZ,-1,84.0,,358.2,,31.4348
nc73625836,NC,MDH1,1.0,DP1,1,84.0,,358.2,,31.4348
nc73625836,NC,MLH,,EHZ,1,84.0,,13.1,,32.1353
nc73625836,NC,MDC,2.0,EHZ,-1,82.0,,340.0,,37.0057
nc73625836,NC,MCD,,EHZ,1,82.0,,67.1,,43.5662
nc73625836,NC,MRC,,EHZ,1,82.0,,48.1,,46.2349
nc73625836,BK,MMI,0.0,HHZ,1,82.0,,272.2,,74.9565
nc73625836,CI,CWC,,HHZ,-1,80.0,,145.4,,128.7637
nc73625836,NC,MCO,,EHZ,-1,92.0,,7.1,,24.8632
nc73625836,NC,MCV,,EHZ,-1,90.0,,15.7,,22.3057
nc73625836,NC,MDY,,HHZ,-1,84.0,,340.9,,30.7232
nc73625836,NC,MGPB,,EHZ,-1,92.0,,359.0,,25.4636
nc73625836,NC,MINS,,HHZ,-1,84.0,,333.3,,31.9797
nc73625836,NC,MLC,,EHZ,-1,91.0,,356.3,,23.9625
nc73625836,NC,MLI,,HHZ,-1,94.0,,338.4,,28.6883
nc73625836,NC,MMLB,,HHZ,-1,94.0,,346.2,,30.0004
nc73625836,NC,MMP,,EHZ,-1,93.0,,334.0,,26.331
nc73625836,NC,MMT,,EHZ,1,92.0,,264.8,,25.0745
nc73625871,NC,MCO,,EHZ,1,119.0,,12.9,,8.3708
nc73625871,NC,MGPB,,EHZ,-1,116.0,,349.6,,9.0957
nc73625871,NC,MQ1P,,EHZ,-1,101.0,,301.8,,14.233
nc73625871,NC,MMP,,EHZ,-1,101.0,,299.3,,14.6221
nc73625871,NC,MLI,,HHZ,-1,100.0,,310.8,,15.5562
nc73625871,NC,MLH,,EHZ,1,100.0,,22.4,,15.9787
nc73625871,NC,MCY,,EHZ,-1,99.0,,310.3,,16.7571
nc73625871,NC,MDY,,HHZ,-1,99.0,,318.0,,16.846
nc73625871,NC,MINS,,HHZ,-1,96.0,,307.8,,19.7037
nc73625871,NC,MDPB,,HHZ,-1,96.0,,299.4,,19.7482
nc73625871,NC,MDC,2.0,EHZ,-1,90.0,,322.8,,22.9395
nc73625871,NC,MMT,,EHZ,1,85.0,,234.2,,32.2021
nc73625871,NC,MCV,,EHZ,1,125.0,,44.4,,6.9352
nc73625871,NC,MLC,,EHZ,-1,121.0,,339.7,,7.8882
nc73625871,NC,MMLB,,HHZ,-1,100.0,,326.5,,15.1447
nc73625881,NC,MCS,,EHZ,1,165.0,,311.8,,1.3699
nc73625881,NC,MGPB,,EHZ,-1,155.0,,198.5,,2.4118
nc73625881,NC,MDH1,,DP1,-1,142.0,,340.7,,3.894
nc73625881,NC,MCO,,EHZ,-1,140.0,,138.2,,4.1264
nc73625881,NC,MLC,,EHZ,-1,139.0,,205.8,,4.2654
nc73625881,NC,MDR,2.0,EHZ,-1,132.0,,100.7,,5.2351
nc73625881,CI,MLAC,,HHZ,-1,131.0,,109.7,,5.4463
nc73625881,NC,MCV,,EHZ,-1,116.0,,137.7,,8.5164
nc73625881,NC,MMP,,EHZ,1,100.0,,250.9,,12.565
nc73625881,NC,MDPB,,HHZ,-1,98.0,,264.4,,16.4235
nc73626301,NC,MCV,,EHZ,-1,85.0,,334.1,,17.3798
nc73626301,NC,MTU,2.0,EHZ,-1,84.0,,123.9,,19.1478
nc73626301,NC,MCO,,EHZ,-1,82.0,,330.7,,21.6163
nc73626301,CI,MLAC,,HHZ,-1,82.0,,337.8,,21.7052
nc73626301,NC,MGPB,,EHZ,1,80.0,,324.4,,24.1849
nc73626301,NC,MCS,,EHZ,1,78.0,,327.9,,26.9759
nc73626301,NC,MFB,,EHZ,1,78.0,,94.5,,27.8766
nc73626301,NC,MDPB,,HHZ,-1,72.0,,304.5,,36.016
nc73626301,BK,MMI,0.0,HHZ,1,70.0,,268.2,,88.6557
nc73626301,BK,HELL,0.0,HHZ,1,70.0,,196.3,,88.9337
nc73626301,NC,MCY,,EHZ,-1,74.0,,310.5,,33.2028
nc73626346,NC,MLC,,EHZ,1,123.0,,110.6,,3.8229
nc73626346,NC,MMP,,EHZ,1,104.0,,256.0,,6.6317
nc73626346,NC,MCO,,EHZ,1,99.0,,94.0,,8.2206
nc73626346,NC,MDR,2.0,EHZ,-1,94.0,,81.7,,10.7003
nc73626346,NC,MCV,,EHZ,-1,91.0,,108.7,,11.82
nc73626501,NC,MCV,,EHZ,1,119.0,,26.0,,7.4634
nc73626501,NC,MLC,,EHZ,-1,109.0,,334.8,,10.1221
nc73626501,NC,MGPB,,EHZ,-1,106.0,,343.3,,11.1751
nc73626501,NC,MDR,2.0,EHZ,1,99.0,,12.6,,12.3204
nc73626501,NC,MCS,,EHZ,1,98.0,,346.0,,14.333
nc73626501,NC,MMT,,EHZ,1,80.0,,238.4,,32.5468
nc73626826,NC,MCS,,EHZ,-1,145.0,,340.5,,3.3625
nc73626826,NC,MEM,,EHZ,-1,126.0,,317.0,,6.039
nc73626826,NC,MDH,,HNZ,1,126.0,,346.8,,6.0924
nc73626826,NC,MDH1,1.0,DP1,1,126.0,,346.8,,6.0924
nc73626826,NC,MQ1P,,EHZ,1,105.0,,262.4,,11.4308
nc73626826,NP,1576,10.0,HNZ,1,98.0,,117.0,,13.8994
nc73626826,NC,MINS,,HHZ,-1,98.0,,281.7,,15.1336
nc73626826,NC,MDC,2.0,EHZ,-1,97.0,,305.3,,16.0677
nc73626826,NC,MDPB,,HHZ,1,97.0,,272.4,,16.468
nc73626826,NC,MRC,,EHZ,-1,79.0,,81.1,,34.4704
nc73626826,NC,MMT,,EHZ,1,78.0,,222.3,,37.6061
nc73626826,NC,MCO,,EHZ,-1,151.0,,107.1,,2.7754
nc73626826,NC,MCV,,EHZ,-1,121.0,,125.6,,6.9341
nc73626826,NC,MDR,2.0,EHZ,1,131.0,,75.6,,5.205
nc73626826,NC,MGPB,,EHZ,1,170.0,,268.1,,0.8732
nc73626826,NC,MLC,,EHZ,1,153.0,,231.1,,2.523
nc73626826,NC,MLH,,EHZ,1,112.0,,49.8,,9.0012
nc73626826,NC,MMLB,,HHZ,1,114.0,,295.7,,8.4219
nc73626826,NC,MMP,,EHZ,1,99.0,,261.2,,12.1202
nc73626966,NC,MCS,,EHZ,1,161.0,,165.3,,1.2965
nc73626966,NC,MDH,,HNZ,-1,158.0,,2.3,,1.5089
nc73626966,NC,MEM,,EHZ,-1,144.0,,269.7,,2.6709
nc73626966,NC,MGPB,,EHZ,1,126.0,,172.6,,4.4878
nc73626966,NC,MLC,,EHZ,1,116.0,,184.8,,6.0223
nc73626966,NC,MMLB,,HHZ,-1,115.0,,262.7,,6.1891
nc73626966,NC,MCO,,EHZ,-1,112.0,,142.0,,6.6561
nc73626966,NC,MDR,2.0,EHZ,-1,110.0,,115.8,,7.2132
nc73626966,CI,MLAC,,HHZ,-1,108.0,,121.7,,7.6146
nc73626966,NC,MCV,,EHZ,-1,98.0,,140.1,,11.0361
nc73626966,NC,MQ1P,,EHZ,-1,96.0,,238.9,,11.5087
nc73626966,NC,MDC,2.0,EHZ,1,90.0,,292.6,,12.6317
nc73626971,NC,MCS,,EHZ,-1,162.0,,163.7,,1.3833
nc73626971,NC,MDH,,HNZ,1,161.0,,4.7,,1.4389
nc73626971,NC,MDH1,,DP1,-1,161.0,,4.7,,1.4389
nc73626971,NC,MEM,,EHZ,-1,147.0,,268.1,,2.6142
nc73626971,NC,MGPB,,EHZ,-1,129.0,,171.9,,4.569
nc73626971,NC,MLC,,EHZ,1,119.0,,184.2,,6.0913
nc73626971,CI,MLAC,,HHZ,-1,111.0,,122.0,,7.7036
nc73626971,NC,MLH,,EHZ,-1,108.0,,81.1,,8.4997
nc73626971,NC,MDY,,HHZ,-1,106.0,,263.8,,9.0524
nc73626971,NC,MCV,,EHZ,-1,100.0,,140.1,,11.1306
nc73626971,NC,MQ1P,,EHZ,1,98.0,,238.5,,11.4976
nc73626971,NC,MDC,2.0,EHZ,-1,93.0,,292.4,,12.5539
nc73626971,NC,MINS,,HHZ,-1,93.0,,263.8,,13.3879
nc73626971,NC,MDPB,,HHZ,-1,93.0,,255.6,,15.4227
nc73626971,NC,MCO,,EHZ,-1,115.0,,142.0,,6.7506
nc73626971,NC,MDR,2.0,EHZ,-1,112.0,,116.1,,7.2977
nc73626971,NC,MMLB,,HHZ,-1,118.0,,261.9,,6.1402
nc73626986,NC,MCS,,EHZ,1,160.0,,162.4,,1.2776
nc73626986,NC,MDH,,HNZ,1,157.0,,4.4,,1.5501
nc73626986,NC,MDH1,1.0,DP1,-1,157.0,,4.4,,1.5501
nc73626986,NC,MGPB,,EHZ,-1,124.0,,171.7,,4.4589
nc73626986,NC,MLC,,EHZ,1,113.0,,184.3,,5.9801
nc73626986,NC,MMLB,,HHZ,-1,113.0,,263.0,,6.1257
nc73626986,NC,MCO,,EHZ,-1,109.0,,141.4,,6.6639
nc73626986,NC,MDR,2.0,EHZ,-1,107.0,,115.3,,7.2499
nc73626986,NC,MCV,,EHZ,1,96.0,,139.7,,11.0461
nc73626986,NC,MQ1P,,EHZ,1,95.0,,239.0,,11.442
nc73626986,NC,MDC,2.0,EHZ,-1,90.0,,292.9,,12.5984
nc73626991,NC,MCS,,EHZ,1,160.0,,154.6,,1.0403
nc73626991,NC,MDH1,,DP1,-1,146.0,,5.5,,1.8314
nc73626991,NC,MGPB,,EHZ,1,116.0,,170.4,,4.1943
nc73626991,NC,MLC,,EHZ,1,106.0,,183.9,,5.6999
nc73626991,NC,MCO,,EHZ,-1,102.0,,139.5,,6.4871
nc73627331,NP,1576,10.0,HNZ,-1,143.0,,66.8,,5.7221
nc73627331,CI,MLAC,,HHZ,1,127.0,,346.9,,9.2169
nc73627331,NC,MCS,,EHZ,1,113.0,,325.0,,14.333
nc73627331,NC,MLH,,EHZ,1,113.0,,359.1,,14.3441
nc73627331,NC,MEM,,EHZ,1,110.0,,319.2,,17.1574
nc73627331,NC,MQ1P,,EHZ,1,107.0,,291.0,,19.7593
nc73627331,NC,MLI,,HHZ,1,106.0,,298.3,,20.5933
nc73627331,NC,MCY,,EHZ,1,104.0,,298.7,,21.7831
nc73627331,NC,MDPB,,HHZ,1,101.0,,291.5,,25.3191
nc73627331,NC,MDC,2.0,EHZ,1,100.0,,311.5,,26.9759
nc73627331,NC,MRC,,EHZ,1,97.0,,62.7,,30.2895
nc73627331,NC,MTU,2.0,EHZ,-1,97.0,,134.7,,30.9789
nc73627331,NC,MCD,,EHZ,1,96.0,,90.1,,32.6135
nc73627331,NC,MFB,,EHZ,1,94.0,,111.4,,36.4386
nc73627331,BK,TOLH,0.0,HHZ,1,88.0,,220.1,,86.8766
nc73627331,BK,MMI,0.0,HHZ,1,88.0,,260.3,,83.6408
nc73627331,NC,MCO,,EHZ,1,128.0,,330.1,,8.9323
nc73627331,NC,MCV,,EHZ,-1,148.0,,341.9,,4.7536
nc73627331,NC,MDR,2.0,EHZ,1,124.0,,348.1,,10.0554
nc73627331,NC,MDY,,HHZ,1,104.0,,304.5,,21.3828
nc73627331,NC,MGPB,,EHZ,1,119.0,,317.0,,11.6866
nc73627331,NC,MINS,,HHZ,1,101.0,,298.0,,24.8298
nc73627331,NC,MLC,,EHZ,1,120.0,,307.6,,11.4531
nc73627331,NC,MMLB,,HHZ,1,108.0,,309.8,,19.1144
nc73627331,NC,MMP,,EHZ,1,106.0,,289.5,,20.2597
nc73627331,NC,MMT,,EHZ,1,94.0,,239.4,,37.7618
nc73627336,NC,MCV,,EHZ,1,125.0,,289.5,,18.8031
nc73627336,NC,MLC,,EHZ,-1,115.0,,289.1,,26.798
nc73627336,NC,MDPB,,HHZ,1,104.0,,285.5,,41.3089
nc73627336,NC,MCD,,EHZ,1,129.0,,84.4,,16.4235
nc73627336,NC,MDR,2.0,EHZ,1,121.0,,302.4,,21.6719
nc73627401,NC,MCV,,EHZ,-1,135.0,,4.5,,8.2429
nc73627401,NC,MCO,,EHZ,-1,124.0,,348.5,,11.6643
nc73627401,NC,MLC,,EHZ,-1,119.0,,327.0,,12.7429
nc73627401,NC,MDR,2.0,EHZ,-1,118.0,,0.2,,13.5324
nc73627401,NC,MGPB,,EHZ,-1,118.0,,334.5,,13.5547
nc73627401,NC,MQ1P,,EHZ,-1,111.0,,303.5,,19.5481
nc73627401,NC,MMP,,EHZ,-1,110.0,,301.7,,19.915
nc73627401,NC,MCY,,EHZ,-1,107.0,,309.8,,22.0944
nc73627401,NC,MDY,,HHZ,-1,106.0,,315.6,,22.1167
nc73627401,NC,MINS,,HHZ,-1,104.0,,307.8,,25.0411
nc73627401,NC,MDC,2.0,EHZ,-1,102.0,,320.0,,28.1212
nc73627401,NC,MMT,,EHZ,1,98.0,,242.9,,34.1146
nc73627516,NC,MLC,,EHZ,-1,129.0,,340.4,,3.5694
nc73627516,NC,MGPB,,EHZ,1,118.0,,358.8,,4.9126
nc73627516,NC,MCO,,HNZ,1,115.0,,39.5,,5.3574
nc73627516,NC,MCV,,EHZ,1,109.0,,81.9,,6.4738
nc73627516,NC,MDR,2.0,EHZ,1,101.0,,42.9,,8.5186
nc73627516,NC,MEM,,EHZ,-1,97.0,,340.3,,9.9342
nc73627516,NC,MQ1P,,EHZ,1,95.0,,288.1,,11.1117
nc73627516,NC,MLH,,EHZ,1,90.0,,35.3,,13.1877
nc73627516,NC,MINS,,HHZ,1,86.0,,299.7,,16.1677
nc73627516,NC,MDC,2.0,EHZ,-1,84.0,,319.1,,18.8253
nc73627516,NC,MMT,,EHZ,1,74.0,,227.1,,33.5586
nc73627516,NC,MRC,,EHZ,1,72.0,,73.5,,36.294
nc73627516,NC,MHD,,EHZ,1,70.0,,239.8,,102.0213
nc73627516,NC,MMLB,,HHZ,-1,95.0,,321.6,,10.966
nc73627516,NC,MMP,,EHZ,1,94.0,,285.5,,11.6421
nc73627586,NC,MLC,,EHZ,-1,170.0,,161.6,,0.5722
nc73627586,NC,MGPB,,EHZ,1,156.0,,51.6,,1.6257
nc73627586,NC,MCO,,EHZ,1,122.0,,87.3,,4.807
nc73627586,NC,MDR,2.0,EHZ,1,106.0,,72.0,,7.559
nc73627586,NC,MDPB,,HHZ,1,90.0,,276.8,,14.3997
nc73627591,NC,MMP,,EHZ,1,110.0,,49.3,,7.966
nc73627591,NC,MDPB,,HHZ,1,110.0,,11.5,,7.8481
nc73627591,NC,MINS,,HHZ,1,102.0,,17.5,,10.5713
nc73627591,NC,MDC,2.0,EHZ,1,94.0,,16.6,,17.0017
nc73627596,NC,MCV,,EHZ,-1,115.0,,9.8,,9.5972
nc73627596,NC,MCO,,EHZ,-1,103.0,,353.9,,12.7429
nc73627596,NC,MLC,,EHZ,-1,103.0,,333.5,,13.3212
nc73627596,NC,MMT,,EHZ,1,90.0,,244.1,,32.6691
nc73627596,NC,MGPB,,EHZ,1,102.0,,340.2,,14.3108
nc73627596,NC,MDPB,,HHZ,-1,90.0,,304.8,,24.8854
nc73627611,NC,MCV,,EHZ,-1,106.0,,351.6,,13.2878
nc73627611,NC,MCO,,EHZ,-1,103.0,,343.3,,17.0795
nc73627611,CI,MLAC,,HHZ,1,102.0,,351.7,,17.7801
nc73627611,NC,MLC,,EHZ,-1,102.0,,328.6,,18.2916
nc73627611,NC,MDR,2.0,EHZ,-1,101.0,,352.2,,18.6363
nc73627611,NC,MGPB,,EHZ,1,101.0,,333.8,,19.1255
nc73627611,NC,MCS,,EHZ,1,96.0,,336.9,,22.1278
nc73627611,NC,MLI,,HHZ,-1,94.0,,314.7,,26.1419
nc73627611,NC,MDPB,,HHZ,-1,91.0,,306.7,,29.9559
nc73627611,NC,MDC,2.0,EHZ,-1,91.0,,322.1,,33.592
nc73627611,NC,MMT,,EHZ,1,91.0,,252.2,,34.6483
nc73627841,NC,MTU,2.0,EHZ,1,117.0,,97.8,,20.3931
nc73627841,NC,MCV,,EHZ,1,112.0,,352.0,,23.7512
nc73627841,NC,MCO,,EHZ,-1,109.0,,346.7,,27.4763
nc73627841,NC,MLC,,EHZ,-1,108.0,,337.2,,28.1879
nc73627841,CI,MLAC,,HHZ,1,108.0,,352.0,,28.2546
nc73627841,NC,MDR,2.0,EHZ,-1,107.0,,352.3,,29.0997
nc73627841,NC,MGPB,,EHZ,1,107.0,,340.4,,29.2331
nc73627841,NC,MCS,,EHZ,1,105.0,,341.9,,32.3355
nc73627841,NC,MLH,,EHZ,-1,104.0,,356.4,,33.403
nc73627841,NC,MMT,,EHZ,1,104.0,,269.7,,34.3926
nc73627841,NC,MDPB,,HHZ,1,102.0,,318.1,,38.0064
nc73627841,NC,MINS,,HHZ,-1,101.0,,322.3,,38.7848
nc73627841,NC,MRC,,EHZ,-1,100.0,,37.2,,41.3312
nc73627841,BK,HELL,0.0,HHZ,-1,91.0,,194.9,,80.1715
nc73627841,BK,MMI,0.0,HHZ,1,91.0,,273.4,,84.4637
nc73628006,NC,MGPB,,EHZ,1,124.0,,33.1,,3.7028
nc73628006,NC,MEM,,EHZ,-1,101.0,,350.8,,7.6346
nc73628006,NC,MQ1P,,EHZ,1,98.0,,281.0,,8.5865
nc73628006,NC,MCV,,EHZ,1,98.0,,96.0,,8.5909
nc73628006,CI,MLAC,,HHZ,-1,98.0,,65.7,,8.6888
nc73628006,NC,MDH,,HNZ,1,97.0,,9.4,,9.1803
nc73628006,NC,MDH1,1.0,DP1,1,97.0,,9.4,,9.1803
nc73628006,NC,MDC,2.0,EHZ,-1,86.0,,320.6,,16.0677
nc73628006,NC,MMT,,EHZ,1,73.0,,222.3,,33.3474
nc73628006,NC,MCO,,EHZ,1,108.0,,67.3,,6.0145
nc73628006,NC,MDR,2.0,EHZ,1,97.0,,60.8,,9.088
nc73628006,NC,MLC,,EHZ,1,149.0,,30.9,,1.8069
nc73628006,NC,MMLB,,HHZ,-1,99.0,,325.3,,8.2351
nc73628006,NC,MMP,,EHZ,1,97.0,,278.1,,9.1747
nc73628086,NC,MCO,,EHZ,-1,104.0,,114.7,,6.3148
nc73628086,NC,MDC,2.0,EHZ,-1,90.0,,306.7,,12.4983
nc73628086,NC,MDPB,,HHZ,-1,89.0,,265.1,,13.4101
nc73628131,NC,MCO,,EHZ,-1,162.0,,136.6,,2.1438
nc73628131,NC,MLC,,EHZ,-1,150.0,,233.5,,3.9074
nc73628131,NC,MDH1,1.0,DP1,-1,139.0,,333.7,,5.7921
nc73628131,NC,MCV,,EHZ,-1,135.0,,137.0,,6.5338
nc73628131,NC,MLH,,EHZ,1,130.0,,48.3,,7.6269
nc73628131,NC,MQ1P,,EHZ,1,110.0,,259.8,,12.7096
nc73628131,NC,MDC,2.0,EHZ,1,107.0,,300.9,,16.657
nc73628131,NC,MMT,,EHZ,1,92.0,,222.9,,38.9516
nc73628131,NC,MDPB,,HHZ,1,106.0,,269.8,,17.6244
nc73628131,NC,MDR,2.0,EHZ,-1,150.0,,81.8,,3.9052
nc73628131,NC,MGPB,,EHZ,1,162.0,,249.4,,2.1894
nc73628131,NC,MMP,,EHZ,1,110.0,,258.9,,13.4101
nc73628156,NC,MCS,,EHZ,-1,154.0,,314.1,,3.526
nc73628156,NC,MDH1,1.0,DP1,1,139.0,,331.8,,5.9167
nc73628156,NC,MEM,,EHZ,1,136.0,,303.8,,6.655
nc73628156,NC,MDY,,HHZ,1,113.0,,283.3,,12.2537
nc73628156,NC,MQ1P,,EHZ,1,112.0,,260.1,,12.932
nc73628156,NP,1576,10.0,HNZ,-1,112.0,,122.7,,13.0209
nc73628156,NC,MRC,,EHZ,-1,95.0,,81.9,,32.9582
nc73628156,NC,MMT,,EHZ,1,92.0,,223.2,,39.0961
nc73628156,NC,MCD,,EHZ,1,92.0,,103.7,,39.4408
nc73628156,NC,MTU,2.0,EHZ,1,92.0,,138.2,,41.6425
nc73628156,BK,MMI,0.0,HHZ,1,87.0,,253.0,,80.1938
nc73628156,NC,MMI,,EHZ,-1,87.0,,253.0,,80.2049
nc73628156,BK,TOLH,0.0,HHZ,-1,87.0,,213.5,,90.8685
nc73628156,NC,MPR,,EHZ,1,86.0,,281.1,,102.0547
nc73628156,NC,MHD,,EHZ,1,86.0,,237.8,,106.8138
nc73628156,NC,MCO,,EHZ,-1,165.0,,141.2,,1.9748
nc73628156,NC,MCV,,EHZ,-1,137.0,,138.4,,6.3615
nc73628156,NC,MDC,2.0,EHZ,1,108.0,,300.5,,16.8683
nc73628156,NC,MDPB,,HHZ,1,107.0,,269.9,,17.869
nc73628156,NC,MDR,2.0,EHZ,-1,153.0,,81.0,,3.675
nc73628156,NC,MGPB,,EHZ,-1,161.0,,251.8,,2.4051
nc73628156,NC,MINS,,HHZ,1,109.0,,278.2,,16.4013
nc73628156,NC,MLC,,EHZ,-1,150.0,,235.7,,4.0886
nc73628156,NC,MLH,,EHZ,1,132.0,,47.0,,7.4656
nc73628156,NC,MMLB,,HHZ,1,124.0,,288.0,,9.4682
nc73628156,NC,MMP,,EHZ,1,111.0,,259.2,,13.6325
nc73628161,NC,MCO,,EHZ,-1,166.0,,156.3,,1.9426
nc73628161,NC,MDR,2.0,EHZ,-1,157.0,,84.1,,3.1913
nc73628161,NC,MGPB,,EHZ,1,159.0,,250.1,,2.9144
nc73628161,NC,MLC,,EHZ,-1,149.0,,236.4,,4.6012
nc73628161,NC,MDH1,,DP1,-1,141.0,,326.8,,5.9445
nc73628161,NC,MCV,,EHZ,-1,140.0,,143.0,,6.2569
nc73628161,NC,MLH,,EHZ,1,136.0,,45.9,,6.9686
nc73628161,NC,MDPB,,HHZ,1,108.0,,269.1,,18.3249
nc73628416,NC,MCV,,EHZ,-1,131.0,,119.5,,4.5167
nc73628416,NC,MLH,,EHZ,1,107.0,,34.1,,9.2058
nc73628416,NC,MDY,,HHZ,-1,95.0,,293.7,,13.3323
nc73628416,NC,MMP,,EHZ,1,95.0,,269.9,,13.6881
nc73628416,NC,MCY,,EHZ,1,95.0,,285.0,,14.1996
nc73628416,NC,MINS,,HHZ,1,94.0,,286.5,,17.2352
nc73628416,NC,MDPB,,HHZ,1,94.0,,277.8,,18.3249
nc73628416,NC,MCO,,EHZ,-1,163.0,,43.3,,1.3755
nc73628416,NC,MDR,2.0,EHZ,1,131.0,,46.9,,4.5568
nc73628416,NC,MGPB,,EHZ,-1,143.0,,304.8,,3.1368
nc73628416,NC,MLC,,EHZ,-1,137.0,,273.7,,3.6828
nc73628421,NC,MCO,,EHZ,-1,166.0,,47.4,,1.1231
nc73628421,NC,MCV,,EHZ,-1,132.0,,122.9,,4.5401
nc73628421,NC,MLH,,EHZ,1,109.0,,34.4,,8.9412
nc73628421,NC,MQ1P,,EHZ,1,96.0,,270.3,,13.1544
nc73628421,NC,MDY,,HHZ,-1,96.0,,292.5,,13.3545
nc73628421,NC,MMP,,EHZ,1,96.0,,268.9,,13.8104
nc73628421,NC,MINS,,HHZ,1,95.0,,285.6,,17.2797
nc73628421,NC,MDPB,,HHZ,1,95.0,,277.1,,18.4139
nc73628421,CI,MLAC,,HHZ,1,138.0,,57.9,,3.7773
nc73628421,NC,MCS,,EHZ,-1,125.0,,328.2,,5.5842
nc73628421,NC,MDR,2.0,EHZ,1,134.0,,48.2,,4.3077
nc73628421,NC,MGPB,,EHZ,1,145.0,,299.9,,3.1079
nc73628421,NC,MLC,,EHZ,-1,138.0,,269.9,,3.7929
nc73628426,NC,MCO,,EHZ,1,162.0,,43.8,,1.49
nc73628426,NC,MGPB,,EHZ,1,145.0,,306.9,,3.109
nc73628426,NC,MLC,,EHZ,-1,139.0,,274.9,,3.5994
nc73628426,NC,MCV,,EHZ,-1,132.0,,118.1,,4.559
nc73628426,NC,MDR,2.0,EHZ,1,131.0,,47.0,,4.6724
nc73628426,NC,MQ1P,,EHZ,-1,96.0,,271.7,,12.9542
nc73628426,NC,MDPB,,HHZ,1,95.0,,278.1,,18.2471
nc73628431,NC,MCO,,EHZ,-1,162.0,,105.2,,1.3466
nc73628431,NC,MGPB,,EHZ,1,151.0,,281.1,,2.2684
nc73628431,NC,MLC,,EHZ,-1,138.0,,251.4,,3.5038
nc73628431,NC,MDR,2.0,EHZ,1,133.0,,64.5,,4.0842
nc73628431,NC,MCV,,EHZ,-1,122.0,,129.9,,5.5786
nc73628431,NC,MLH,,EHZ,1,108.0,,41.3,,8.3541
nc73628431,NC,MQ1P,,EHZ,1,93.0,,265.3,,12.7207
nc73628431,NC,MMP,,EHZ,1,93.0,,264.1,,13.4101
nc73628431,NC,MDPB,,HHZ,1,85.0,,273.7,,17.8468
nc73628811,NP,1576,10.0,HNZ,-1,110.0,,13.4,,11.0016
nc73628811,NC,MLC,,EHZ,-1,96.0,,322.7,,19.4258
nc73628811,NC,MCS,,EHZ,-1,90.0,,331.6,,22.9618
nc73628811,NC,MLH,,EHZ,-1,90.0,,352.7,,22.984
nc73628811,NC,MTU,2.0,EHZ,-1,90.0,,124.6,,23.4844
nc73628811,NC,MEM,,EHZ,1,91.0,,327.0,,25.5637
nc73628811,NC,MQ1P,,EHZ,-1,92.0,,306.4,,26.242
nc73628811,NC,MMP,,EHZ,-1,92.0,,305.0,,26.5756
nc73628811,NC,MCY,,EHZ,-1,93.0,,310.9,,28.8662
nc73628811,NC,MFB,,EHZ,1,94.0,,98.8,,31.5905
nc73628811,NC,MINS,,HHZ,-1,85.0,,309.3,,31.7906
nc73628811,NC,MRC,,EHZ,1,84.0,,47.3,,32.9248
nc73628811,NC,MDC,2.0,EHZ,-1,84.0,,319.0,,34.893
nc73628811,NC,MMT,,EHZ,1,83.0,,253.0,,36.8389
nc73628811,BK,MMI,0.0,HHZ,1,82.0,,266.3,,85.3532
nc73628811,CI,MLAC,,HHZ,-1,98.0,,344.7,,18.0803
nc73628811,NC,MCO,,EHZ,-1,98.0,,336.2,,17.7134
nc73628811,NC,MCV,,EHZ,-1,101.0,,342.2,,13.6325
nc73628811,NC,MDPB,,HHZ,-1,85.0,,304.1,,31.6906
nc73628811,NC,MDR,2.0,EHZ,-1,97.0,,345.4,,18.9143
nc73628811,NC,MDY,,HHZ,-1,93.0,,315.4,,28.9107
nc73628811,NC,MGPB,,EHZ,1,95.0,,327.9,,20.0707
nc73628811,NC,MMLB,,HHZ,-1,92.0,,320.0,,27.0204
nc73629136,NC,MLC,,EHZ,-1,137.0,,295.9,,5.4719
nc73629136,NC,MDC,2.0,EHZ,-1,98.0,,309.6,,20.8268
nc73629201,NC,MCV,,EHZ,1,135.0,,56.8,,4.7502
nc73629201,NC,MCO,,EHZ,1,128.0,,9.6,,5.8922
nc73629201,NC,MLC,,EHZ,1,126.0,,324.4,,6.2158
nc73629201,NC,MGPB,,EHZ,-1,121.0,,339.1,,7.0664
nc73629201,CI,MLAC,,HHZ,1,118.0,,25.4,,7.8137
nc73629201,NC,MDR,2.0,EHZ,1,114.0,,23.0,,8.6054
nc73629201,NC,MLH,,EHZ,1,99.0,,22.7,,13.4768
nc73629276,NC,MGPB,,EHZ,-1,104.0,,123.3,,4.3733
nc73629276,NC,MDH,,HNZ,1,104.0,,41.2,,4.7436
nc73629276,NC,MDH1,1.0,DP1,1,104.0,,41.2,,4.7436
nc73629276,NC,MDY,,HHZ,1,123.0,,281.0,,6.0957
nc73629276,NC,MCY,,EHZ,1,44.0,,266.0,,7.5034
nc73629276,NC,MQ1P,,EHZ,1,44.0,,240.2,,7.8215
nc73629276,NC,MCO,,EHZ,-1,44.0,,114.0,,7.8581
nc73629276,NC,MMP,,EHZ,1,42.0,,240.4,,8.5576
nc73629276,NC,MDR,2.0,EHZ,1,43.0,,96.4,,9.6339
nc73629276,NC,MINS,,HHZ,1,43.0,,273.8,,10.3122
nc73629276,NC,MDC,2.0,EHZ,-1,43.0,,308.8,,11.0194
nc73629276,NC,MRC,,EHZ,-1,40.0,,85.6,,38.6958
nc73629276,CI,MLAC,,HHZ,-1,43.0,,101.5,,9.7529
nc73629276,NC,MCS,,EHZ,1,107.0,,76.7,,3.4971
nc73629276,NC,MEM,,EHZ,-1,124.0,,11.1,,2.0793
nc73629276,NC,MLC,,EHZ,-1,104.0,,147.1,,4.7069
nc73629276,NC,MLI,,HHZ,1,130.0,,259.4,,6.6061
nc73629276,NC,MMLB,,HHZ,1,109.0,,292.6,,3.3169
nc73629281,NC,MEM,,EHZ,-1,125.0,,357.6,,1.9492
nc73629281,NC,MCS,,EHZ,1,110.0,,76.3,,3.0034
nc73629281,NC,MMLB,,HHZ,-1,103.0,,288.4,,3.7406
nc73629281,NC,MGPB,,EHZ,1,102.0,,128.2,,4.033
nc73629281,NC,MLC,,EHZ,-1,100.0,,152.9,,4.5434
nc73629316,NC,MEM,,EHZ,-1,118.0,,6.7,,2.2962
nc73629316,NC,MCS,,EHZ,1,109.0,,72.3,,3.4337
nc73629316,NC,MMLB,,HHZ,1,108.0,,295.4,,3.536
nc73629316,NC,MGPB,,EHZ,-1,105.0,,121.5,,4.1331
nc73629316,NC,MLC,,EHZ,-1,105.0,,146.8,,4.4333
nc73629316,NC,MDY,,HHZ,1,126.0,,282.9,,6.2747
nc73629316,NC,MLI,,HHZ,1,132.0,,261.7,,6.6973
nc73629316,NC,MCY,,EHZ,1,44.0,,267.9,,7.6235
nc73629316,NC,MCO,,EHZ,-1,44.0,,112.7,,7.6413
nc73629316,NC,MMP,,EHZ,1,42.0,,242.3,,8.5587
nc73629316,NC,MLM,,EHZ,-1,42.0,,357.8,,9.168
nc73629316,NC,MDR,2.0,EHZ,-1,42.0,,95.1,,9.4783
nc73629316,CI,MLAC,,HHZ,1,42.0,,100.2,,9.5783
nc73629316,NC,MINS,,HHZ,1,42.0,,275.1,,10.4634
nc73629316,NC,MDC,2.0,EHZ,1,42.0,,309.3,,11.2752
nc73629316,NC,MCV,,EHZ,1,42.0,,121.6,,11.7755
nc73629316,NC,MLH,,EHZ,1,42.0,,71.9,,11.8645
nc73629316,NC,MDPB,,HHZ,1,42.0,,263.1,,12.1425
nc73629316,BK,MMI,0.0,HHZ,1,38.0,,250.7,,75.1122
nc73629316,NC,MMI,,EHZ,1,38.0,,250.7,,75.1122
nc73629316,BK,TOLH,0.0,HHZ,-1,38.0,,209.8,,89.0004
nc73629316,NC,MPR,,EHZ,-1,38.0,,280.9,,96.0835
nc73629336,NC,MMLB,,HHZ,1,103.0,,290.0,,3.6194
nc73629336,NC,MDH1,1.0,DP1,1,102.0,,38.3,,4.4989
nc73629336,NC,MLC,,EHZ,-1,103.0,,150.9,,4.5634
nc73629336,NC,MCO,,EHZ,-1,46.0,,115.3,,7.5657
nc73629336,NC,MQ1P,,EHZ,1,44.0,,241.2,,8.135
nc73629336,NC,MMP,,EHZ,-1,44.0,,241.3,,8.8711
nc73629336,NC,MDR,2.0,EHZ,1,44.0,,96.9,,9.3015
nc73629336,NC,MCV,,EHZ,-1,45.0,,123.3,,11.7533
nc73629336,NC,MCS,,EHZ,1,109.0,,76.0,,3.159
nc73629336,NC,MEM,,EHZ,-1,125.0,,1.8,,2.0037
nc73629336,NC,MGPB,,EHZ,-1,102.0,,126.3,,4.1164
nc73629341,NC,MEM,,EHZ,-1,122.0,,8.1,,2.116
nc73629341,NC,MGPB,,EHZ,-1,103.0,,123.5,,4.2577
nc73629341,NC,MDH,,HNZ,1,103.0,,39.8,,4.7191
nc73629341,NC,MDH1,1.0,DP1,-1,103.0,,39.8,,4.7191
nc73629341,NC,MDY,,HHZ,-1,124.0,,281.3,,6.2069
nc73629341,NC,MCO,,EHZ,-1,45.0,,113.9,,7.7414
nc73629341,NC,MQ1P,,EHZ,1,44.0,,241.0,,7.8837
nc73629341,NC,MMP,,EHZ,1,44.0,,241.1,,8.6209
nc73629341,NC,MDR,2.0,EHZ,1,44.0,,96.2,,9.525
nc73629341,CI,MLAC,,HHZ,-1,44.0,,101.3,,9.6417
nc73629341,NC,MDC,2.0,EHZ,1,44.0,,308.7,,11.1306
nc73629341,NC,MCV,,EHZ,1,44.0,,122.3,,11.8979
nc73629341,NC,MCS,,EHZ,1,107.0,,75.4,,3.4103
nc73629341,NC,MLC,,EHZ,-1,103.0,,147.8,,4.6046
nc73629351,NC,MCV,,EHZ,1,100.0,,13.9,,17.2352
nc73629351,NC,MLC,,EHZ,1,98.0,,349.8,,19.4925
nc73629351,NC,MCO,,EHZ,1,97.0,,3.3,,19.9706
nc73629351,NC,MGPB,,EHZ,1,96.0,,353.5,,20.8602
nc73629351,NC,MMP,,EHZ,-1,90.0,,324.6,,23.2397
nc73629351,NC,MDR,2.0,EHZ,-1,91.0,,9.1,,22.3279
nc73629351,NC,MLI,,HHZ,-1,90.0,,330.4,,25.2524
nc73629351,NC,MCY,,EHZ,-1,90.0,,329.2,,26.3421
nc73629351,NC,MMT,,EHZ,1,90.0,,255.4,,27.7876
nc73629351,NC,MINS,,HHZ,-1,90.0,,325.7,,28.8773
nc73629351,NC,MDC,2.0,EHZ,-1,90.0,,334.1,,33.3918
nc73629351,NC,MTU,2.0,EHZ,1,90.0,,109.0,,29.2999
nc73629351,NP,1576,10.0,HNZ,-1,99.0,,36.9,,18.1025
nc73629351,NC,MQ1P,,EHZ,1,90.0,,326.4,,23.1397
nc73629351,NC,MCD,,EHZ,1,88.0,,72.3,,40.1191
nc73629351,NC,MRC,,EHZ,1,88.0,,51.2,,41.7092
nc73629351,BK,TOLH,0.0,HHZ,-1,87.0,,222.8,,74.0002
nc73629351,BK,MMI,0.0,HHZ,-1,86.0,,268.6,,76.8468
nc73629351,NC,MMI,,EHZ,1,86.0,,268.6,,76.8468
nc73629691,NC,MLC,,EHZ,-1,101.0,,342.5,,13.6547
nc73629691,NC,MCO,,EHZ,-1,101.0,,2.1,,13.7882
nc73629691,NC,MGPB,,EHZ,1,100.0,,348.3,,14.8779
nc73629691,NC,MQ1P,,EHZ,1,97.0,,314.3,,18.8031
nc73629691,NC,MMP,,EHZ,-1,97.0,,312.2,,19.0477
nc73629691,NC,MDPB,,HHZ,1,91.0,,309.5,,24.0737
nc73629691,NC,MINS,,HHZ,-1,92.0,,316.3,,24.4851
nc73629701,CI,MLAC,,HHZ,-1,132.0,,352.4,,5.2106
nc73629701,NC,MGPB,,EHZ,1,116.0,,305.6,,8.1061
nc73629701,NC,MLC,,EHZ,-1,115.0,,292.4,,8.3163
nc73629701,NC,MCS,,EHZ,-1,108.0,,319.2,,10.4601
nc73629701,NC,MLH,,EHZ,-1,108.0,,6.3,,10.5969
nc73629701,NC,MMP,,EHZ,-1,96.0,,279.4,,17.9469
nc73629701,NC,MINS,,HHZ,1,93.0,,290.9,,21.9721
nc73629701,NC,MDPB,,HHZ,1,86.0,,283.8,,22.8283
nc73629701,NC,MRC,,EHZ,-1,81.0,,70.4,,30.056
nc73629701,NC,MMT,,EHZ,1,79.0,,233.4,,38.6958
nc73629701,NC,MCO,,EHZ,-1,133.0,,322.0,,4.9815
nc73629701,NC,MCV,,EHZ,-1,172.0,,353.3,,0.7109
nc73629701,NC,MDR,2.0,EHZ,-1,127.0,,353.6,,6.0646
nc73629901,NC,MCV,,EHZ,1,132.0,,78.3,,3.5827
nc73629901,NC,MCO,,EHZ,1,128.0,,7.5,,3.9741
nc73629901,NC,MLC,,EHZ,-1,119.0,,307.9,,5.1884
nc73629901,NC,MGPB,,EHZ,-1,116.0,,327.7,,5.602
nc73629901,NC,MCS,,EHZ,1,103.0,,337.7,,8.5676
nc73629941,NC,MCV,,EHZ,-1,130.0,,339.6,,8.3574
nc73629941,NC,MCO,,EHZ,-1,114.0,,331.9,,12.5317
nc73629941,NC,MDR,2.0,EHZ,-1,113.0,,345.1,,13.6103
nc73629941,NC,MLC,,EHZ,1,112.0,,314.4,,14.7222
nc73629941,NC,MGPB,,EHZ,-1,112.0,,321.6,,15.1336
nc73629966,NC,MCV,,EHZ,1,93.0,,3.7,,13.5769
nc73629966,NC,MLC,,EHZ,-1,94.0,,337.3,,17.3575
nc73629966,NC,MGPB,,EHZ,1,85.0,,342.3,,18.425
nc73629966,NC,MDR,2.0,EHZ,1,85.0,,0.9,,18.8698
nc73629966,NC,MQ1P,,EHZ,1,84.0,,315.1,,22.7505
nc73629966,NC,MTU,2.0,EHZ,-1,80.0,,117.6,,27.5541
nc73629966,NC,MDPB,,HHZ,-1,80.0,,310.9,,27.9878
nc73629966,NC,MMT,,EHZ,1,77.0,,251.3,,31.824
nc73629971,NC,MCV,,EHZ,-1,92.0,,4.0,,11.9646
nc73629971,NC,MCO,,EHZ,-1,87.0,,351.9,,15.3004
nc73629971,NC,MLC,,EHZ,-1,86.0,,334.9,,15.912
nc73629971,NC,MGPB,,EHZ,1,85.0,,340.4,,16.9239
nc73629971,NC,MDR,2.0,EHZ,-1,85.0,,0.8,,17.2575
nc73629971,NC,MCS,,EHZ,1,83.0,,342.8,,20.0373
nc73629971,NC,MMP,,EHZ,1,82.0,,310.2,,21.9499
nc73629971,NC,MDH,,HNZ,1,81.0,,344.2,,22.7616
nc73629971,NC,MTU,2.0,EHZ,-1,77.0,,120.5,,28.2769
nc73629971,NC,MMT,,EHZ,1,74.0,,248.6,,32.4244
nc73630006,NC,MCV,,EHZ,1,94.0,,1.5,,15.3783
nc73630006,NC,MLC,,EHZ,-1,85.0,,338.1,,19.2256
nc73630006,CI,MLAC,,HHZ,1,85.0,,359.4,,19.8372
nc73630006,NC,MGPB,,EHZ,1,85.0,,342.6,,20.3153
nc73630006,NC,MDR,2.0,EHZ,1,84.0,,359.5,,20.6934
nc73630006,NC,MLH,,EHZ,-1,82.0,,3.8,,25.2635
nc73630006,NP,1576,10.0,HNZ,1,94.0,,28.5,,14.9335
nc73630006,NC,MDPB,,HHZ,-1,79.0,,313.0,,29.5556
nc73630006,NC,MINS,,HHZ,-1,78.0,,318.4,,30.1116
nc73630006,NC,MMT,,EHZ,1,77.0,,254.7,,31.735
nc73630006,NC,MRC,,EHZ,-1,74.0,,49.3,,37.9731
nc73630006,BK,TOLH,0.0,HHZ,-1,73.0,,224.2,,77.5585
nc73630006,BK,MMI,0.0,HHZ,1,73.0,,267.8,,80.6163
nc73630006,BK,HELL,0.0,HHZ,-1,73.0,,191.1,,87.2547
nc73630011,NC,MCV,,EHZ,1,137.0,,35.9,,6.5216
nc73630011,NC,MCO,,EHZ,1,128.0,,5.6,,8.532
nc73630011,NC,MLC,,EHZ,-1,127.0,,334.0,,8.602
nc73630011,NC,MGPB,,EHZ,-1,123.0,,343.9,,9.6584
nc73630011,NC,MDR,2.0,EHZ,1,119.0,,16.9,,11.0795
nc73630011,NC,MCS,,EHZ,1,112.0,,346.8,,12.8097
nc73630011,NC,MMP,,EHZ,1,110.0,,298.5,,15.6896
nc73630011,NC,MLH,,EHZ,1,109.0,,18.5,,15.9342
nc73630011,NC,MINS,,HHZ,-1,104.0,,306.8,,20.7267
nc73630011,NC,MDPB,,HHZ,-1,104.0,,298.8,,20.8157
nc73630011,NC,MDC,2.0,EHZ,-1,100.0,,321.3,,23.8291
nc73630011,NC,MMT,,EHZ,1,95.0,,235.8,,32.8581
nc73630011,NC,MTU,2.0,EHZ,-1,94.0,,127.5,,34.5038
nc73630011,NC,MMLB,,HHZ,1,109.0,,324.1,,16.0009
nc73630011,BK,MMI,0.0,HHZ,1,87.0,,260.2,,78.2701
nc73630016,NC,MCV,,EHZ,1,101.0,,3.7,,13.8549
nc73630016,NC,MLC,,EHZ,-1,98.0,,337.6,,17.6133
nc73630016,NC,MGPB,,EHZ,1,97.0,,342.6,,18.6919
nc73630016,NC,MDR,2.0,EHZ,1,96.0,,0.9,,19.1478
nc73630016,NC,MMP,,EHZ,1,90.0,,313.9,,23.173
nc73630016,NC,MTU,2.0,EHZ,-1,93.0,,117.1,,27.4318
nc73630016,NC,MDPB,,HHZ,-1,94.0,,311.3,,28.1657
nc73630016,NC,MINS,,HHZ,-1,94.0,,317.0,,28.6438
nc73630016,NC,MMT,,EHZ,1,84.0,,251.8,,31.735
nc73630016,NC,MFB,,EHZ,1,82.0,,96.2,,36.5275
nc73630016,NP,1576,10.0,HNZ,1,101.0,,33.3,,13.8438
nc73630016,NC,MLH,,EHZ,1,91.0,,5.1,,23.7401
nc73630016,NC,MRC,,EHZ,-1,82.0,,51.6,,37.3504
nc73630016,BK,TOLH,0.0,HHZ,-1,81.0,,223.1,,78.3479
nc73630016,BK,MMI,0.0,HHZ,1,81.0,,266.6,,80.2271
nc73630326,NC,MCO,,EHZ,1,173.0,,288.2,,0.8316
nc73630326,NC,MCV,,EHZ,-1,153.0,,143.5,,3.685
nc73630326,NC,MGPB,,EHZ,1,149.0,,283.7,,4.4411
nc73630326,NC,MLC,,EHZ,1,143.0,,264.7,,5.4352
nc73630326,NC,MCS,,EHZ,-1,138.0,,313.0,,6.2347
nc73630326,NC,MLH,,EHZ,-1,132.0,,26.5,,7.6847
nc73630326,NC,MDPB,,HHZ,1,105.0,,275.1,,19.9706
nc73630326,NC,MMP,,EHZ,-1,110.0,,267.2,,15.445
nc73630516,NC,MLC,,EHZ,1,133.0,,334.6,,7.8626
nc73630516,NC,MGPB,,EHZ,-1,128.0,,345.3,,8.9456
nc73630516,NC,MQ1P,,EHZ,-1,113.0,,299.5,,14.6221
nc73630516,NC,MDH1,1.0,DP1,-1,112.0,,349.2,,14.8779
nc73630516,NC,MCY,,EHZ,-1,110.0,,308.2,,17.0684
nc73630516,NC,MINS,,HHZ,-1,106.0,,306.0,,20.0373
nc73630516,NC,MDPB,,HHZ,-1,106.0,,297.7,,20.1596
nc73630516,NC,MDC,2.0,EHZ,-1,102.0,,321.1,,23.0952
nc73630516,NC,MMT,,EHZ,1,96.0,,234.5,,32.8915
nc73630516,NC,MTU,2.0,EHZ,-1,95.0,,128.0,,35.2043
nc73630516,BK,MMI,0.0,HHZ,1,88.0,,259.7,,77.981
nc73630516,BK,TOLH,0.0,HHZ,-1,88.0,,217.1,,83.2072
nc73630516,NC,MHD,,EHZ,1,86.0,,242.3,,102.1214
nc73630516,NC,MPR,,EHZ,1,86.0,,286.2,,104.2786
nc73630516,NC,MCO,,EHZ,1,132.0,,8.9,,7.9593
nc73630516,NC,MCV,,EHZ,1,140.0,,42.2,,6.2847
nc73630516,NC,MDR,2.0,EHZ,1,123.0,,19.9,,10.608
nc73630516,NC,MDY,,HHZ,-1,110.0,,315.8,,17.0684
nc73630516,NC,MMP,,EHZ,-1,112.0,,297.2,,15.0447
nc73630751,NC,MCV,,EHZ,1,108.0,,41.7,,7.8481
nc73630751,NC,MLC,,EHZ,-1,106.0,,344.1,,8.6354
nc73630751,NC,MCO,,EHZ,-1,103.0,,13.8,,9.337
nc73630751,NC,MGPB,,EHZ,-1,102.0,,352.6,,9.9342
nc73630751,CI,MLAC,,HHZ,1,98.0,,24.0,,11.2974
nc73630751,NC,MDR,2.0,EHZ,1,90.0,,22.4,,12.098
nc73630751,NP,1576,10.0,HNZ,1,90.0,,73.3,,12.4983
nc73630751,NC,MCS,,EHZ,-1,90.0,,353.3,,13.1321
nc73630751,NC,MQ1P,,EHZ,-1,92.0,,305.6,,14.4331
nc73630751,NC,MMP,,EHZ,-1,92.0,,303.1,,14.7778
nc73630751,NC,MEM,,EHZ,-1,92.0,,342.4,,14.9891
nc73630751,NC,MMLB,,HHZ,-1,93.0,,329.5,,15.7118
nc73630751,NC,MLI,,HHZ,-1,93.0,,314.1,,15.9009
nc73630751,NC,MDH,,HNZ,-1,93.0,,353.5,,15.912
nc73630751,NC,MDH1,,DP1,1,93.0,,353.5,,15.912
nc73630751,NC,MLH,,EHZ,1,86.0,,22.3,,16.9572
nc73630751,NC,MCY,,EHZ,-1,85.0,,313.5,,17.0907
nc73630751,NC,MDY,,HHZ,-1,85.0,,320.9,,17.2908
nc73630751,NC,MDPB,,HHZ,-1,84.0,,302.2,,19.8928
nc73630751,NC,MINS,,HHZ,-1,84.0,,310.5,,19.9817
nc73630751,NC,MDC,2.0,EHZ,-1,82.0,,324.8,,23.451
nc73630751,NC,MMT,,EHZ,1,77.0,,235.2,,31.3792
nc73630751,NC,MTU,2.0,EHZ,-1,74.0,,125.4,,35.2933
nc73630751,NC,MRC,,EHZ,1,73.0,,65.6,,36.9167
nc73630821,NP,1576,10.0,HNZ,-1,91.0,,356.4,,13.2989
nc73630821,NC,MGPB,,EHZ,-1,82.0,,324.3,,24.1071
nc73630821,NC,MDH,,HNZ,-1,78.0,,330.3,,29.3999
nc73630821,NC,MDH1,1.0,DP1,-1,78.0,,330.3,,29.3999
nc73630821,NC,MEM,,EHZ,-1,78.0,,324.3,,29.6112
nc73630821,NC,MQ1P,,EHZ,-1,77.0,,306.5,,30.5119
nc73630821,NC,MDPB,,HHZ,-1,74.0,,304.5,,35.9493
nc73630821,NC,MMT,,EHZ,1,73.0,,258.1,,39.5076
nc73630821,BK,TOLH,0.0,HHZ,1,72.0,,228.2,,83.2405
nc73630821,BK,MMI,0.0,HHZ,1,72.0,,268.1,,88.6335
nc73630821,NN,LHV,,HHZ,1,72.0,,13.1,,91.3911
nc73630821,BK,LIND,0.0,HHZ,1,72.0,,193.0,,124.8719
nc73630821,CI,CWC,,HHZ,1,72.0,,152.1,,126.7622
nc73630821,CI,SPG2,,HHZ,-1,71.0,,180.9,,138.6601
nc73630821,CI,POR,,HHZ,1,71.0,,188.9,,151.2251
nc73630821,BK,HELL,0.0,HHZ,1,72.0,,196.2,,89.0004
nc73630821,BK,LEGD,0.0,HHZ,1,72.0,,258.5,,127.3182
nc73630821,BK,OVRO,0.0,HHZ,-1,72.0,,120.8,,47.4914
nc73630821,CI,MLAC,,HHZ,-1,84.0,,337.8,,21.6163
nc73630821,NC,MCO,,EHZ,-1,84.0,,330.7,,21.5385
nc73630821,NC,MCS,,EHZ,-1,80.0,,327.9,,26.8981
nc73630821,NC,MCV,,EHZ,-1,85.0,,334.1,,17.3019
nc73630821,NC,MCY,,EHZ,-1,76.0,,310.5,,33.125
nc73630821,NC,MDC,2.0,EHZ,-1,73.0,,317.7,,39.085
nc73630821,NC,MDR,2.0,EHZ,-1,83.0,,338.7,,22.4169
nc73630821,NC,MDY,,HHZ,-1,76.0,,314.4,,33.1361
nc73630821,NC,MFB,,EHZ,1,79.0,,94.6,,27.9099
nc73630821,NC,MINS,,HHZ,-1,74.0,,309.1,,36.0605
nc73630821,NC,MLC,,EHZ,-1,82.0,,320.0,,23.5622
nc73630821,NC,MLH,,EHZ,-1,80.0,,346.0,,26.153
nc73630821,NC,MLI,,HHZ,-1,76.0,,310.7,,31.9241
nc73630821,NC,MMLB,,HHZ,-1,77.0,,318.3,,31.2013
nc73630821,NC,MMP,,EHZ,-1,77.0,,305.3,,30.8455
nc73630821,NC,MRC,,EHZ,1,76.0,,39.8,,32.4356
nc73630821,NC,MTU,2.0,EHZ,-1,85.0,,124.1,,19.2145
nc73630926,NC,MCV,,EHZ,-1,139.0,,61.3,,3.8774
nc73630926,NC,MCO,,EHZ,1,130.0,,4.7,,5.0849
nc73630926,NC,MDR,2.0,EHZ,1,116.0,,21.3,,7.7036
nc73630926,NC,MLH,,EHZ,1,98.0,,21.6,,12.5761
nc73630926,NC,MMP,,EHZ,-1,97.0,,286.0,,14.7889
nc73630926,NC,MLC,,EHZ,-1,125.0,,315.8,,6.0179
nc73630926,NC,MMLB,,HHZ,-1,97.0,,314.2,,13.6881
nc73630966,CI,MLAC,,HHZ,-1,131.0,,351.5,,5.3718
nc73630966,NC,MLC,,EHZ,-1,116.0,,293.1,,8.4686
nc73630966,NC,MCS,,EHZ,-1,109.0,,319.3,,10.6391
nc73630966,NC,MLH,,EHZ,-1,108.0,,5.7,,10.7336
nc73630966,NC,MQ1P,,EHZ,1,97.0,,281.2,,17.491
nc73630966,NC,MMP,,EHZ,1,97.0,,279.8,,18.0692
nc73630966,NC,MINS,,HHZ,1,92.0,,291.2,,22.1278
nc73630966,NC,MDPB,,HHZ,1,92.0,,284.1,,22.9618
nc73630966,NC,MRC,,EHZ,-1,82.0,,70.1,,30.0115
nc73630966,NC,MMT,,EHZ,1,80.0,,233.7,,38.6958
nc73630966,NC,MCO,,EHZ,-1,133.0,,322.2,,5.1617
nc73630966,NC,MCV,,EHZ,-1,170.0,,347.7,,0.8741
nc73630966,NC,MDR,2.0,EHZ,-1,127.0,,352.8,,6.2236
nc73630996,NC,MCV,,EHZ,1,154.0,,22.6,,4.0152
nc73630996,NC,MLC,,EHZ,-1,133.0,,315.6,,8.6376
nc73630996,NC,MCS,,EHZ,1,119.0,,334.5,,12.0869
nc73631201,NC,MGPB,,EHZ,-1,110.0,,297.5,,33.781
nc73631201,NC,MLC,,EHZ,-1,110.0,,294.4,,34.0924
nc73631201,NC,MCD,,EHZ,1,136.0,,57.0,,12.6317
nc73631201,NC,MRC,,EHZ,-1,123.0,,13.4,,21.3828
nc73631201,NC,MCV,,EHZ,1,117.0,,296.3,,26.1642
nc73631201,NC,MDR,2.0,EHZ,-1,113.0,,305.1,,29.3777
nc73631201,NC,MCO,,EHZ,1,112.0,,299.3,,30.3006
nc73631201,NC,MMT,,EHZ,1,99.0,,257.5,,55.9088
nc73631201,BK,MMI,0.0,HHZ,1,90.0,,266.3,,104.7234
nc73631201,NC,MMI,,EHZ,1,90.0,,266.3,,104.7234
nc73631201,BK,LIND,0.0,HHZ,1,87.0,,199.3,,133.2115
nc73631866,NC,MCV,,EHZ,1,157.0,,235.3,,2.1761
nc73631866,NC,MDR,2.0,EHZ,1,137.0,,329.8,,4.7313
nc73631866,NC,MCO,,EHZ,1,133.0,,292.6,,5.1728
nc73631866,NC,MLH,,EHZ,1,116.0,,356.4,,8.6065
nc73631866,NC,MLC,,EHZ,1,113.0,,277.4,,9.4783
nc73631981,NC,MCV,,EHZ,1,127.0,,29.8,,8.2829
nc73631981,NC,MLC,,EHZ,-1,120.0,,340.2,,10.2433
nc73631981,NC,MCO,,EHZ,-1,119.0,,6.2,,10.4579
nc73631981,NC,MGPB,,EHZ,1,116.0,,348.0,,11.4308
nc73631981,NC,MDR,2.0,EHZ,-1,110.0,,15.7,,12.9876
nc73631981,NC,MCS,,EHZ,-1,109.0,,349.6,,14.6221
nc73631981,NC,MQ1P,,EHZ,1,107.0,,307.2,,16.1121
nc73631981,NC,MMP,,EHZ,1,107.0,,304.9,,16.4346
nc73631981,NC,MLH,,EHZ,-1,105.0,,17.5,,17.8357
nc73631981,NC,MDPB,,HHZ,-1,101.0,,303.6,,21.5496
nc73631981,NC,MDC,2.0,EHZ,-1,98.0,,324.5,,25.1745
nc73631981,NC,MMT,,EHZ,1,94.0,,238.3,,31.5794
nc73631996,NC,MCV,,EHZ,1,104.0,,33.8,,9.0957
nc73631996,NC,MLC,,EHZ,1,100.0,,345.8,,10.3211
nc73631996,NC,MMP,,EHZ,1,93.0,,307.9,,15.8898
nc73631996,NC,MMT,,EHZ,-1,77.0,,238.0,,30.5786
nc73632016,NC,MLC,,EHZ,1,96.0,,343.7,,11.1751
nc73632016,NC,MGPB,,EHZ,1,90.0,,350.6,,12.4427
nc73632016,NC,MDR,2.0,EHZ,-1,90.0,,15.8,,14.1329
nc73632016,NC,MMP,,EHZ,1,86.0,,308.6,,16.8127
nc73632016,NC,MDY,,HHZ,-1,84.0,,323.7,,19.6815
nc73632016,NC,MDPB,,HNZ,1,83.0,,306.5,,21.8943
nc73632016,NC,MINS,,HHZ,1,83.0,,314.0,,22.1834
nc73632016,NC,MDC,2.0,EHZ,-1,80.0,,326.6,,25.8751
nc73632016,NC,MTU,2.0,EHZ,1,75.0,,122.8,,33.3029
nc73632016,NC,MHD,,EHZ,1,70.0,,244.0,,100.2867
nc73632016,NC,MPR,,EHZ,1,70.0,,288.2,,105.1126
nc73632016,NC,MCO,,EHZ,-1,95.0,,7.3,,11.5865
nc73632016,NC,MCV,,EHZ,1,100.0,,28.3,,9.4015
nc73632426,NP,1576,10.0,HNZ,1,108.0,,22.8,,12.465
nc73632426,NC,MCS,,EHZ,-1,97.0,,337.6,,22.6726
nc73632426,NC,MQ1P,,EHZ,1,96.0,,310.9,,24.9299
nc73632426,NC,MEM,,EHZ,-1,95.0,,332.4,,25.0745
nc73632426,NC,MMP,,EHZ,1,95.0,,309.4,,25.2079
nc73632426,NC,MDH,,HNZ,1,95.0,,339.5,,25.3413
nc73632426,NC,MDH1,1.0,DP1,1,95.0,,339.5,,25.3413
nc73632426,NC,MDPB,,HHZ,1,93.0,,307.7,,30.2784
nc73632426,NC,MINS,,HHZ,1,93.0,,313.1,,30.5675
nc73632426,NC,MDC,2.0,EHZ,1,92.0,,322.8,,34.0368
nc73632426,NC,MRC,,EHZ,1,92.0,,48.8,,35.1598
nc73632426,BK,TOLH,0.0,HHZ,1,87.0,,224.5,,80.3383
nc73632426,NC,MHD,,EHZ,1,85.0,,248.4,,103.9117
nc73632426,NC,MPR,,EHZ,1,85.0,,289.9,,112.974
nc73632426,BK,MMI,0.0,HHZ,1,87.0,,266.7,,83.007
nc73632426,CI,MLAC,,HHZ,-1,103.0,,352.2,,18.3805
nc73632426,NC,MCO,,EHZ,-1,103.0,,344.0,,17.6578
nc73632426,NC,MCV,,EHZ,-1,107.0,,352.2,,13.8771
nc73632426,NC,MDR,2.0,EHZ,-1,102.0,,352.6,,19.2367
nc73632426,NC,MFB,,EHZ,1,92.0,,96.9,,33.7699
nc73632426,NC,MLC,,EHZ,-1,102.0,,329.7,,18.7808
nc73632426,NC,MLH,,EHZ,-1,96.0,,358.4,,23.5844
nc73632426,NC,MMI,,EHZ,1,87.0,,266.7,,83.007
nc73632426,NC,MMT,,EHZ,1,92.0,,253.1,,34.4148
nc73632426,NC,MTU,2.0,EHZ,1,96.0,,120.1,,25.0077
nc73632486,NP,1576,10.0,HNZ,1,107.0,,25.1,,12.8208
nc73632486,NC,MCV,,EHZ,-1,106.0,,354.7,,13.9327
nc73632486,NC,MEM,,EHZ,-1,95.0,,333.8,,24.9077
nc73632486,NC,MDH,,HNZ,-1,95.0,,340.8,,25.2524
nc73632486,NC,MDH1,1.0,DP1,1,95.0,,340.8,,25.2524
nc73632486,NC,MLI,,HHZ,-1,94.0,,316.9,,26.2086
nc73632486,NC,MCY,,EHZ,-1,94.0,,316.3,,27.3873
nc73632486,NC,MINS,,HHZ,-1,92.0,,314.1,,30.2228
nc73632486,NC,MDC,2.0,EHZ,-1,92.0,,323.7,,33.781
nc73632486,NC,MFB,,EHZ,1,92.0,,96.5,,34.3481
nc73632486,BK,MMI,0.0,HHZ,1,86.0,,266.8,,82.3954
nc73632486,NC,MMI,,EHZ,1,86.0,,266.8,,82.4066
nc73632486,BK,HELL,0.0,HHZ,-1,86.0,,192.0,,89.0671
nc73632486,NC,MHD,,EHZ,1,85.0,,248.3,,103.3001
nc73632486,NC,MPR,,EHZ,1,85.0,,290.0,,112.4181
nc73632486,BK,TOLH,0.0,HHZ,1,86.0,,224.3,,79.8157
nc73632486,CI,MLAC,,HHZ,-1,102.0,,354.1,,18.4361
nc73632486,NC,MCD,,EHZ,1,92.0,,74.1,,34.0924
nc73632486,NC,MCO,,EHZ,-1,103.0,,346.0,,17.6244
nc73632486,NC,MCS,,EHZ,-1,96.0,,339.2,,22.5615
nc73632486,NC,MDPB,,HHZ,-1,92.0,,308.6,,29.8781
nc73632486,NC,MDY,,HHZ,-1,94.0,,321.0,,27.6431
nc73632486,NC,MGPB,,EHZ,-1,101.0,,336.5,,19.5147
nc73632486,NC,MLC,,EHZ,-1,102.0,,331.5,,18.6029
nc73632486,NC,MMLB,,HHZ,-1,94.0,,326.1,,25.9974
nc73632486,NC,MMP,,EHZ,-1,95.0,,310.5,,24.8298
nc73632486,NC,MMT,,EHZ,1,92.0,,253.1,,33.8033
nc73632486,NC,MTU,2.0,EHZ,-1,95.0,,119.2,,25.4748
nc73632751,NC,MTU,2.0,EHZ,-1,140.0,,216.8,,6.943
nc73632751,NC,MFB,,EHZ,1,135.0,,69.3,,8.2518
nc73632751,NC,MCV,,EHZ,1,98.0,,307.1,,34.5816
nc73632751,CI,MLAC,,HHZ,1,96.0,,311.9,,37.8841
nc73632751,NC,MDR,2.0,EHZ,1,96.0,,312.9,,38.4512
nc73632751,NC,MCO,,EHZ,1,96.0,,308.2,,38.9071
nc73632751,NC,MLH,,EHZ,-1,96.0,,319.4,,40.3971
nc73632751,NC,MLC,,EHZ,1,95.0,,303.5,,42.2318
nc73632751,NC,MDY,,HHZ,-1,93.0,,303.1,,52.1838
nc73632751,NC,MINS,,HHZ,-1,92.0,,300.3,,55.6197
nc73632751,NC,MDPB,,HHZ,1,92.0,,297.3,,55.9088
nc73632751,NC,MMT,,EHZ,1,91.0,,267.3,,58.8332
nc73632751,NP,1589,10.0,HNZ,1,113.0,,105.9,,17.2686
nc73632751,NP,1679,10.0,HNZ,1,111.0,,43.4,,19.1033
nc73632751,NC,MRC,,EHZ,-1,100.0,,1.5,,30.0449
nc73632751,BK,HELL,0.0,HHZ,-1,87.0,,209.4,,92.0472
nc73632751,NN,LHV,,HHZ,-1,87.0,,0.6,,94.1599
nc73632831,NC,MCV,,EHZ,1,99.0,,20.4,,16.2567
nc73632831,NC,MLC,,EHZ,1,98.0,,353.8,,17.7801
nc73632831,NC,MCO,,EHZ,-1,97.0,,8.3,,18.6363
nc73632831,NC,MMP,,EHZ,-1,94.0,,325.7,,21.1159
nc73632831,NC,MMT,,EHZ,1,94.0,,251.4,,26.7313
nc73632831,NC,MMLB,,HHZ,1,92.0,,341.8,,24.1071
nc73632831,NC,MCY,,EHZ,-1,92.0,,330.5,,24.2627
nc73632831,NC,MDY,,HHZ,-1,93.0,,335.4,,25.0745
nc73632831,NC,MDPB,,HHZ,-1,93.0,,320.7,,25.8195
nc73632831,NC,MINS,,HHZ,-1,94.0,,326.6,,26.7646
nc73632831,NC,MDC,2.0,EHZ,-1,83.0,,335.4,,31.3792
nc73632831,BK,TOLH,0.0,HHZ,-1,81.0,,221.1,,74.0781
nc73633041,NC,MCV,,EHZ,1,139.0,,46.8,,4.2588
nc73633041,NC,MCS,,EHZ,-1,108.0,,340.2,,10.747
nc73633041,NC,MEM,,EHZ,-1,100.0,,329.7,,13.1544
nc73633041,NC,MDH,,HNZ,1,99.0,,343.1,,13.4546
nc73633041,NC,MDH1,1.0,DP1,-1,99.0,,343.1,,13.4546
nc73633041,NC,MQ1P,,EHZ,-1,99.0,,291.5,,14.889
nc73633041,NC,MLI,,HHZ,1,98.0,,301.0,,15.8008
nc73633041,NC,MINS,,HHZ,-1,95.0,,300.1,,20.0262
nc73633041,NC,MDC,2.0,EHZ,-1,92.0,,316.1,,22.5281
nc73633041,NC,MRC,,EHZ,-1,80.0,,68.7,,33.8255
nc73633041,NC,MMT,,EHZ,1,80.0,,233.2,,34.8263
nc73633041,NC,MTU,2.0,EHZ,-1,80.0,,131.3,,35.4489
nc73633041,CI,MLAC,,HHZ,1,118.0,,18.7,,7.7781
nc73633041,NC,MCO,,EHZ,1,127.0,,1.1,,6.1235
nc73633041,NC,MCY,,EHZ,-1,97.0,,301.3,,17.0017
nc73633041,NC,MDPB,,HHZ,-1,95.0,,292.0,,20.4487
nc73633041,NC,MDR,2.0,EHZ,1,115.0,,16.9,,8.6032
nc73633041,NC,MDY,,HHZ,-1,98.0,,308.9,,16.7237
nc73633041,NC,MGPB,,EHZ,-1,119.0,,333.9,,7.7025
nc73633041,NC,MLC,,EHZ,-1,122.0,,320.1,,6.9975
nc73633041,NC,MLH,,EHZ,1,99.0,,18.8,,13.4546
nc73633041,NC,MMLB,,HHZ,-1,99.0,,316.4,,14.6444
nc73633041,NC,MMP,,EHZ,-1,98.0,,289.5,,15.3894
nc73633061,NC,MCV,,EHZ,1,75.0,,34.1,,8.5487
nc73633061,NC,MGPB,,EHZ,1,74.0,,351.2,,11.2084
nc73633176,NC,MCV,,EHZ,1,140.0,,45.7,,4.2777
nc73633176,NC,MCS,,EHZ,-1,109.0,,340.1,,10.8326
nc73633176,NC,MEM,,EHZ,-1,101.0,,329.7,,13.2433
nc73633176,NC,MDH,,HNZ,1,100.0,,343.0,,13.5324
nc73633176,NC,MDH1,1.0,DP1,1,100.0,,343.0,,13.5324
nc73633176,NC,MQ1P,,EHZ,-1,99.0,,291.7,,14.9557
nc73633176,NC,MMP,,EHZ,-1,99.0,,289.7,,15.4561
nc73633176,NC,MLI,,HHZ,-1,99.0,,301.1,,15.8675
nc73633176,NC,MCY,,EHZ,-1,98.0,,301.4,,17.0684
nc73633176,NC,MINS,,HHZ,-1,95.0,,300.2,,20.104
nc73633176,NC,MDC,2.0,EHZ,-1,90.0,,316.2,,22.617
nc73633176,NC,MRC,,EHZ,1,82.0,,68.5,,33.8033
nc73633176,NC,MTU,2.0,EHZ,-1,81.0,,131.3,,35.36
nc73633176,BK,MMI,0.0,HHZ,1,80.0,,258.7,,79.4377
nc73633176,CI,MLAC,,HHZ,1,119.0,,18.2,,7.8337
nc73633176,NC,MCO,,EHZ,1,128.0,,0.7,,6.1969
nc73633176,NC,MDPB,,HHZ,-1,95.0,,292.1,,20.5266
nc73633176,NC,MDR,2.0,EHZ,1,116.0,,16.5,,8.661
nc73633176,NC,MDY,,HHZ,-1,98.0,,309.0,,16.8016
nc73633176,NC,MLC,,EHZ,-1,123.0,,320.2,,7.0831
nc73633176,NC,MLH,,EHZ,1,100.0,,18.5,,13.5102
nc73633176,NC,MMLB,,HHZ,-1,100.0,,316.5,,14.7333
nc73633301,NC,MCV,,EHZ,-1,156.0,,348.3,,4.1609
nc73633301,NC,MCO,,EHZ,-1,137.0,,332.3,,8.2373
nc73633301,NC,MDR,2.0,EHZ,-1,133.0,,351.3,,9.5038
nc73633301,NC,MLC,,EHZ,-1,129.0,,307.8,,10.6847
nc73633301,NC,MCS,,EHZ,-1,120.0,,326.1,,13.5991
nc73633301,NC,MMT,,EHZ,1,98.0,,238.3,,37.4505
nc73633316,NC,MCV,,EHZ,1,141.0,,21.2,,5.2851
nc73633316,NC,MCO,,EHZ,-1,127.0,,352.5,,8.2095
nc73633316,NC,MLC,,EHZ,-1,123.0,,322.5,,9.317
nc73633316,NC,MDR,2.0,EHZ,-1,119.0,,7.3,,10.3289
nc73633316,NC,MMT,,EHZ,1,93.0,,237.1,,34.6483
nc73633366,NC,MCV,,EHZ,1,155.0,,357.1,,3.9674
nc73633366,NC,MCO,,EHZ,-1,136.0,,336.1,,7.8548
nc73633366,NC,MDR,2.0,EHZ,1,131.0,,355.1,,9.317
nc73633366,NC,MLC,,EHZ,-1,128.0,,309.5,,10.1087
nc73633366,NC,MGPB,,EHZ,1,127.0,,320.0,,10.419
nc73633366,NC,MCS,,EHZ,-1,118.0,,328.1,,13.1544
nc73633366,NC,MMP,,EHZ,-1,111.0,,289.2,,18.8587
nc73633366,NC,MMT,,EHZ,1,97.0,,237.6,,36.9612
nc73633401,NC,MCS,,EHZ,1,149.0,,48.6,,3.5126
nc73633401,NC,MGPB,,EHZ,-1,153.0,,107.0,,3.0245
nc73633401,NC,MLC,,EHZ,-1,153.0,,143.6,,3.0234
nc73633401,NC,MDH,,HNZ,-1,135.0,,24.9,,5.6042
nc73633401,NC,MDH1,,DP1,-1,135.0,,24.9,,5.6042
nc73633401,NC,MCO,,EHZ,-1,129.0,,104.6,,6.6328
nc73633401,NC,MMP,,EHZ,1,120.0,,251.8,,8.6454
nc73633401,NC,MDR,2.0,EHZ,-1,119.0,,87.1,,8.82
nc73633401,NC,MCV,,EHZ,-1,113.0,,117.5,,10.6002
nc73633401,NC,MDC,2.0,EHZ,-1,104.0,,312.0,,12.5873
nc73633456,NC,MCV,,EHZ,1,134.0,,21.1,,5.5987
nc73633456,NC,MCO,,EHZ,1,120.0,,353.5,,8.4908
nc73633456,NC,MLC,,EHZ,-1,116.0,,324.1,,9.4927
nc73633456,NC,MGPB,,EHZ,1,113.0,,334.1,,10.2588
nc73633456,NC,MDR,2.0,EHZ,-1,112.0,,7.7,,10.6369
nc73633456,NC,MCS,,EHZ,-1,103.0,,339.2,,13.2989
nc73633456,NC,MINS,,HHZ,1,90.0,,303.9,,22.1723
nc73633456,NC,MDPB,,HHZ,-1,90.0,,296.4,,22.3947
nc73633456,NC,MDC,2.0,EHZ,-1,90.0,,318.0,,24.9633
nc73633456,NC,MMT,,EHZ,1,90.0,,237.4,,34.4037
nc73633461,NC,MCV,,EHZ,1,153.0,,355.1,,4.5345
nc73633461,NC,MCO,,EHZ,-1,135.0,,336.5,,8.4397
nc73633461,NC,MDR,2.0,EHZ,1,130.0,,354.3,,9.8875
nc73633461,NC,MLC,,EHZ,-1,128.0,,311.2,,10.6136
nc73633491,NC,MCV,,EHZ,1,153.0,,355.4,,4.6802
nc73633491,NC,MDR,2.0,EHZ,1,131.0,,354.4,,10.0331
nc73633491,NC,MLC,,EHZ,-1,129.0,,311.8,,10.7003
nc73633491,NC,MGPB,,EHZ,1,128.0,,321.6,,11.075
nc73633616,NP,1576,10.0,HNZ,1,137.0,,17.7,,5.7988
nc73633616,NC,MDH,,HNZ,-1,100.0,,326.1,,21.4273
nc73633616,NC,MDH1,1.0,DP1,1,100.0,,326.1,,21.4273
nc73633616,NC,MEM,,EHZ,-1,99.0,,317.9,,21.9276
nc73633616,NC,MQ1P,,EHZ,-1,97.0,,295.3,,24.2627
nc73633616,NC,MMP,,EHZ,-1,97.0,,294.0,,24.7075
nc73633616,NC,MCY,,EHZ,-1,96.0,,301.3,,26.4422
nc73633616,NC,MINS,,HHZ,-1,94.0,,300.5,,29.4778
nc73633616,CI,TIN,,HHZ,-1,88.0,,137.0,,70.6199
nc73633616,NN,LHV,,HHZ,-1,87.0,,16.0,,84.5526
nc73633616,BK,TOLH,0.0,HHZ,1,87.0,,223.2,,86.7654
nc73633616,BK,HELL,0.0,HHZ,1,86.0,,193.4,,95.8167
nc73633616,BK,LEGD,0.0,HHZ,-1,84.0,,254.8,,126.5398
nc73633616,BK,MMI,0.0,HHZ,1,87.0,,262.9,,86.6208
nc73633616,CI,MLAC,,HHZ,-1,108.0,,335.6,,13.4657
nc73633616,NC,MCO,,EHZ,-1,108.0,,324.3,,13.588
nc73633616,NC,MCS,,EHZ,-1,103.0,,322.1,,19.0366
nc73633616,NC,MCV,,EHZ,-1,122.0,,327.6,,9.2436
nc73633616,NC,MDC,2.0,EHZ,-1,93.0,,311.8,,31.7573
nc73633616,NC,MDPB,,HHZ,-1,93.0,,294.9,,29.8225
nc73633616,NC,MDR,2.0,EHZ,-1,108.0,,337.1,,14.2441
nc73633616,NC,MDY,,HHZ,-1,96.0,,306.2,,26.1197
nc73633616,NC,MFB,,EHZ,1,93.0,,108.2,,32.0464
nc73633616,NC,MGPB,,EHZ,-1,106.0,,315.9,,16.468
nc73633616,NC,MLC,,EHZ,-1,106.0,,309.3,,16.2233
nc73633616,NC,MLH,,EHZ,-1,104.0,,348.1,,18.0025
nc73633616,NC,MLI,,HHZ,-1,96.0,,301.1,,25.2412
nc73633616,NC,MLM,,EHZ,-1,95.0,,326.5,,27.7543
nc73633616,NC,MMLB,,HHZ,-1,97.0,,310.5,,23.8958
nc73633616,NC,MMT,,EHZ,1,91.0,,246.1,,39.3741
nc73633616,NC,MRC,,EHZ,1,94.0,,53.8,,29.033
nc73633616,NC,MTU,2.0,EHZ,-1,96.0,,135.0,,26.1975
nc73633621,NC,MCV,,EHZ,-1,102.0,,337.6,,9.9553
nc73633621,NC,MCO,,EHZ,-1,93.0,,331.4,,14.1551
nc73633621,NC,MLC,,EHZ,-1,93.0,,315.7,,16.3123
nc73633621,NC,MLH,,EHZ,-1,85.0,,352.4,,19.1922
nc73633621,NC,MCS,,EHZ,-1,85.0,,327.3,,19.5147
nc73633621,NC,MQ1P,,EHZ,-1,82.0,,299.6,,23.8736
nc73633621,NC,MDY,,HHZ,-1,81.0,,310.2,,26.0641
nc73633621,NC,MTU,2.0,EHZ,-1,81.0,,131.0,,26.0974
nc73633621,NC,MINS,,HHZ,-1,79.0,,304.0,,29.2331
nc73633621,NC,MDPB,,HHZ,-1,79.0,,298.4,,29.3999
nc73633621,CI,MLAC,,HHZ,1,93.0,,342.1,,14.3553
nc73633621,NC,MDR,2.0,EHZ,-1,93.0,,343.2,,15.167
nc73633621,NC,MGPB,,EHZ,-1,94.0,,322.1,,16.7571
nc73633776,CI,MLAC,,HHZ,-1,127.0,,345.5,,6.2336
nc73633776,NC,MLC,,EHZ,1,112.0,,295.3,,9.4627
nc73633776,NC,MLH,,EHZ,-1,106.0,,1.5,,11.4086
nc73633776,NC,MCS,,EHZ,1,105.0,,318.8,,11.6866
nc73633776,NC,MQ1P,,EHZ,1,97.0,,283.0,,18.3916
nc73633776,NC,MMP,,EHZ,1,96.0,,281.6,,18.9587
nc73633776,NC,MINS,,HHZ,1,92.0,,292.1,,23.1063
nc73633776,NC,MDPB,,HHZ,1,93.0,,285.3,,23.8847
nc73633776,NC,MDC,2.0,EHZ,-1,94.0,,307.2,,24.6964
nc73633776,NC,MRC,,EHZ,-1,83.0,,68.2,,29.5556
nc73633776,NC,MCO,,EHZ,-1,127.0,,320.7,,6.2036
nc73633776,NC,MCV,,EHZ,-1,161.0,,329.0,,1.8403
nc73633776,NC,MDR,2.0,EHZ,-1,122.0,,347.4,,7.0675
nc73636020,NC,MCV,,EHZ,1,154.0,,354.6,,4.1654
nc73636020,NC,MCO,,EHZ,-1,136.0,,335.4,,8.1017
nc73636020,CI,MLAC,,HHZ,1,134.0,,353.4,,8.6643
nc73636020,NC,MDR,2.0,EHZ,1,131.0,,354.1,,9.5194
nc73636020,NC,MLC,,EHZ,-1,128.0,,309.6,,10.3734
nc73636020,NC,MGPB,,EHZ,1,127.0,,319.9,,10.6836
nc73636020,NC,MCS,,EHZ,-1,118.0,,327.9,,13.4212
nc73636020,NC,MLH,,EHZ,1,118.0,,3.5,,13.9994
nc73636020,NC,MEM,,EHZ,-1,115.0,,321.2,,16.1789
nc73636020,NC,MMLB,,HHZ,-1,113.0,,311.1,,18.0358
nc73636020,NC,MINS,,HHZ,-1,105.0,,298.4,,23.6956
nc73636020,NC,MDPB,,HHZ,-1,105.0,,291.6,,24.1738
nc73636020,NC,MDC,2.0,EHZ,-1,104.0,,312.5,,25.9084
nc73636020,NC,MRC,,EHZ,-1,100.0,,64.2,,31.1012
nc73636020,NC,MTU,2.0,EHZ,-1,99.0,,133.8,,32.0241
nc73636020,NC,MMT,,EHZ,1,97.0,,238.0,,37.0279
nc73636020,BK,MMI,0.0,HHZ,1,89.0,,259.9,,82.6289
nc73636320,NC,MCV,,EHZ,1,92.0,,41.7,,7.9994
nc73636320,NC,MLC,,EHZ,-1,91.0,,344.9,,8.7143
nc73636320,NC,MCO,,EHZ,1,89.0,,14.3,,9.4705
nc73636320,NC,MGPB,,EHZ,1,89.0,,353.3,,10.032
nc73636320,NC,MCS,,EHZ,1,88.0,,353.8,,13.2322
nc73636320,NC,MDC,2.0,EHZ,-1,78.0,,325.2,,23.4844
nc73636320,NC,MMT,,EHZ,1,73.0,,235.2,,31.2347
nc73636380,CI,MLAC,,HHZ,-1,136.0,,127.1,,3.8073
nc73636380,NC,MDH,,HNZ,1,130.0,,313.6,,4.6624
nc73636380,NC,MDH1,1.0,DP1,1,130.0,,313.6,,4.6624
nc73636380,NC,MMLB,,HHZ,1,106.0,,275.5,,9.625
nc73636380,NC,MDC,2.0,EHZ,-1,94.0,,293.5,,16.468
nc73636380,NC,MINS,,HHZ,-1,94.0,,271.2,,16.8127
nc73636380,NC,MDPB,,HHZ,1,85.0,,263.7,,18.5473
nc73636380,NC,MRC,,EHZ,-1,77.0,,85.3,,32.1687
nc73636380,NC,MTU,2.0,EHZ,-1,74.0,,140.6,,42.7767
nc73636380,BK,MMI,0.0,HHZ,-1,74.0,,251.8,,81.3502
nc73636380,NC,MMI,,EHZ,1,74.0,,251.8,,81.3502
nc73636380,NC,MPR,,EHZ,1,74.0,,280.0,,102.2549
nc73636380,NC,MCO,,EHZ,-1,138.0,,169.4,,3.5972
nc73636380,NC,MCS,,EHZ,1,143.0,,278.2,,3.1446
nc73636380,NC,MCV,,EHZ,-1,112.0,,151.7,,7.6758
nc73636380,NC,MDR,2.0,EHZ,-1,141.0,,115.1,,3.3737
nc73636380,NC,MGPB,,EHZ,1,135.0,,226.0,,3.9652
nc73636380,NC,MLC,,EHZ,1,122.0,,222.5,,5.84
nc73636380,NC,MLH,,EHZ,1,122.0,,57.8,,5.7866
nc73636380,NC,MMP,,EHZ,1,94.0,,251.9,,14.6888
nc73636395,NC,MCS,,EHZ,1,143.0,,274.6,,3.5493
nc73636395,CI,MLAC,,HHZ,-1,142.0,,133.3,,3.5883
nc73636395,NC,MDH1,1.0,DP1,1,132.0,,308.8,,4.8748
nc73636395,NC,MLC,,EHZ,1,124.0,,224.3,,6.2547
nc73636395,NC,MCV,,EHZ,-1,117.0,,155.1,,7.6324
nc73636395,NC,MMP,,EHZ,1,97.0,,251.8,,15.1559
nc73636395,NC,MINS,,HHZ,1,96.0,,270.6,,17.2352
nc73636395,NC,MDPB,,HHZ,1,95.0,,263.3,,18.9921
nc73636395,NC,MCO,,EHZ,-1,141.0,,176.3,,3.7084
nc73636395,NC,MDR,2.0,EHZ,-1,147.0,,121.3,,3.0757
nc73636395,NC,MGPB,,EHZ,-1,136.0,,228.3,,4.3911
nc73636395,NC,MLH,,EHZ,1,129.0,,56.8,,5.3374
nc73636405,NC,MCO,,EHZ,-1,144.0,,102.4,,1.3899
nc73636405,NC,MGPB,,EHZ,1,122.0,,282.8,,2.2228
nc73636405,NC,MLC,,EHZ,1,105.0,,251.9,,3.4304
nc73636405,NC,MDR,2.0,EHZ,-1,78.0,,64.1,,4.162
nc73636405,NC,MDH1,,DP1,1,61.0,,337.4,,6.9864
nc73636720,NC,MDR,2.0,EHZ,1,157.0,,161.0,,2.4708
nc73636720,NC,MCS,,EHZ,-1,136.0,,265.1,,5.3818
nc73636770,NC,MDH,,HNZ,1,139.0,,2.2,,5.4341
nc73636770,NC,MDH1,1.0,DP1,-1,139.0,,2.2,,5.4341
nc73636770,NC,MMLB,,HHZ,-1,132.0,,297.7,,6.764
nc73636770,NC,MCV,,EHZ,1,124.0,,122.1,,8.5453
nc73636770,NC,MQ1P,,EHZ,-1,119.0,,258.3,,9.9286
nc73636770,NC,MMP,,EHZ,-1,117.0,,257.3,,10.6391
nc73636770,NC,MINS,,HHZ,-1,108.0,,281.0,,13.4657
nc73636770,NC,MDC,2.0,EHZ,1,107.0,,307.4,,14.4776
nc73636770,NC,MRC,,EHZ,-1,92.0,,82.2,,35.9827
nc73636770,NC,MMT,,EHZ,1,92.0,,220.0,,36.9278
nc73636770,BK,MMI,0.0,HHZ,-1,87.0,,252.5,,77.2471
nc73636770,NC,MMI,,EHZ,1,87.0,,252.5,,77.2582
nc73636770,NC,MPR,,EHZ,-1,85.0,,281.6,,99.1414
nc73636770,NC,MHD,,EHZ,1,85.0,,237.0,,104.1452
nc73636770,CI,MLAC,,HHZ,1,132.0,,90.6,,6.6317
nc73636770,NC,MCO,,EHZ,1,145.0,,107.2,,4.4556
nc73636770,NC,MCS,,EHZ,1,158.0,,10.1,,2.7109
nc73636770,NC,MDR,2.0,EHZ,1,132.0,,83.2,,6.6939
nc73636770,NC,MDY,,HHZ,1,121.0,,288.8,,9.4115
nc73636770,NC,MEM,,EHZ,-1,144.0,,327.3,,4.6524
nc73636770,NC,MGPB,,EHZ,-1,172.0,,125.9,,0.9017
nc73636770,NC,MLC,,EHZ,-1,162.0,,189.9,,2.1094
nc73636770,NC,MLH,,EHZ,1,119.0,,57.9,,10.0075
nc73636865,NC,MCV,,EHZ,-1,130.0,,29.2,,11.3975
nc73636865,NC,MLC,,EHZ,-1,125.0,,350.7,,12.5539
nc73636865,NC,MCO,,EHZ,-1,124.0,,11.1,,13.4101
nc73636865,NC,MGPB,,EHZ,-1,123.0,,356.2,,13.9661
nc73636865,NC,MDR,2.0,EHZ,1,120.0,,18.0,,16.0565
nc73636865,NC,MQ1P,,EHZ,-1,119.0,,317.7,,16.8905
nc73636865,NC,MMP,,EHZ,1,119.0,,315.3,,17.0907
nc73636865,NC,MDPB,,HHZ,1,111.0,,311.7,,22.0722
nc73636865,NC,MINS,,HHZ,-1,110.0,,319.0,,22.617
nc73636865,NC,MMT,,EHZ,-1,105.0,,241.5,,28.9329
nc73636870,NC,MGPB,,EHZ,1,116.0,,355.9,,14.5888
nc73636870,NC,MLC,,EHZ,1,118.0,,350.7,,13.1766
nc73636870,NC,MCV,,EHZ,-1,122.0,,27.4,,11.8867
nc73636870,NC,MDPB,,HHZ,-1,105.0,,312.7,,22.5503
nc73636870,NC,MMT,,EHZ,1,101.0,,242.6,,28.7439
nc73636905,CI,MLAC,,HHZ,1,156.0,,47.7,,1.3254
nc73636905,NC,MCO,,EHZ,1,154.0,,255.8,,1.4378
nc73636905,NC,MDR,2.0,EHZ,1,144.0,,29.5,,2.0171
nc73636905,NC,MCV,,EHZ,-1,120.0,,156.0,,3.9074
nc73636905,NC,MLC,,EHZ,1,105.0,,259.5,,6.1168
nc73636905,NC,MLH,,EHZ,1,101.0,,24.3,,6.8741
nc73637015,NC,MCO,,EHZ,1,94.0,,323.3,,6.2125
nc73637015,CI,MLAC,,HHZ,-1,94.0,,347.9,,6.3626
nc73637015,NC,MDR,2.0,EHZ,-1,91.0,,349.4,,7.2043
nc73637015,NC,MGPB,,EHZ,1,88.0,,308.6,,9.2581
nc73637015,NC,MLC,,EHZ,1,88.0,,296.9,,9.3448
nc73637050,NP,1576,10.0,HNZ,1,115.0,,63.9,,12.4538
nc73637050,NC,MQ1P,,EHZ,-1,111.0,,309.4,,16.1789
nc73637050,NC,MDH,,HNZ,-1,109.0,,351.7,,17.869
nc73637050,NC,MDH1,1.0,DP1,1,109.0,,351.7,,17.869
nc73637050,NC,MCY,,EHZ,-1,108.0,,316.0,,18.9587
nc73637050,NC,MDY,,HHZ,-1,107.0,,322.7,,19.2478
nc73637050,NC,MDC,2.0,EHZ,-1,101.0,,325.8,,25.4303
nc73637050,NC,MTU,2.0,EHZ,1,96.0,,123.6,,33.592
nc73637050,NC,MRC,,EHZ,1,94.0,,62.4,,37.0279
nc73637050,NC,MFB,,EHZ,1,93.0,,104.2,,41.131
nc73637050,BK,TOLH,0.0,HHZ,-1,88.0,,218.3,,80.6386
nc73637050,BK,LIND,0.0,HHZ,-1,84.0,,187.0,,130.5428
nc73637050,CI,CWC,,HHZ,1,84.0,,149.2,,139.4384
nc73637050,CI,SPG2,,HHZ,-1,83.0,,176.0,,146.8885
nc73637050,BK,HELL,0.0,HHZ,-1,87.0,,187.8,,94.1376
nc73637050,BK,MMI,0.0,HHZ,1,88.0,,261.9,,77.2805
nc73637050,CI,MLAC,,HHZ,-1,115.0,,17.4,,12.7652
nc73637050,NC,MCO,,EHZ,-1,121.0,,7.6,,11.0305
nc73637050,NC,MCS,,EHZ,-1,112.0,,351.2,,15.1003
nc73637050,NC,MCV,,EHZ,-1,128.0,,29.9,,8.91
nc73637050,NC,MDR,2.0,EHZ,-1,114.0,,16.4,,13.5991
nc73637050,NC,MEM,,EHZ,-1,110.0,,341.9,,17.0128
nc73637050,NC,MGPB,,EHZ,-1,118.0,,350.1,,11.8979
nc73637050,NC,MLC,,EHZ,-1,123.0,,342.8,,10.6491
nc73637050,NC,MLH,,EHZ,-1,108.0,,17.9,,18.4472
nc73637050,NC,MLM,,EHZ,-1,102.0,,345.6,,23.7957
nc73637050,NC,MMLB,,HHZ,-1,109.0,,330.4,,17.7245
nc73637050,NC,MMP,,EHZ,1,111.0,,307.1,,16.4902
nc73637050,NC,MMT,,EHZ,1,97.0,,238.9,,31.0234
nc73637060,NC,MCV,,EHZ,-1,137.0,,36.7,,6.9608
nc73637060,NC,MLC,,EHZ,-1,130.0,,336.9,,8.7299
nc73637060,NC,MCO,,EHZ,-1,129.0,,7.6,,8.8656
nc73637060,NC,MDR,2.0,EHZ,-1,120.0,,18.1,,11.4642
nc73637060,NC,MMT,,EHZ,1,97.0,,235.9,,32.4133
nc73637105,NC,MCV,,EHZ,1,115.0,,296.1,,15.5006
nc73637105,NC,MCO,,EHZ,-1,110.0,,300.8,,19.6481
nc73637105,NC,MRC,,EHZ,1,106.0,,41.9,,21.6719
nc73637105,NC,MTU,2.0,EHZ,-1,106.0,,153.9,,21.7275
nc73637105,NC,MLC,,EHZ,1,104.0,,293.4,,23.4399
nc73637105,NC,MMP,,EHZ,-1,98.0,,286.1,,32.8136
nc73637105,NC,MMT,,EHZ,1,93.0,,249.4,,48.0584
nc73637105,BK,MMI,0.0,HHZ,-1,87.0,,263.0,,95.6276
nc73637105,NC,MMI,,EHZ,1,87.0,,263.0,,95.6388
nc73637105,NC,MHD,,EHZ,-1,86.0,,247.4,,117.6442
nc73637105,NC,MPR,,EHZ,1,85.0,,284.9,,122.3144
nc73637105,NC,MCD,,EHZ,1,109.0,,83.9,,20.282
nc73637195,NC,MDH,,HNZ,-1,99.0,,320.8,,8.8633
nc73637195,NC,MDH1,1.0,DP1,1,99.0,,320.8,,8.8633
nc73637195,NC,MEM,,EHZ,-1,96.0,,302.7,,9.9086
nc73637195,NC,MLM,,EHZ,-1,87.0,,323.8,,15.1559
nc73637195,NC,MQ1P,,EHZ,1,87.0,,267.9,,15.5673
nc73637195,NC,MMP,,EHZ,1,86.0,,266.8,,16.2345
nc73637195,NC,MDC,2.0,EHZ,-1,83.0,,300.6,,20.1263
nc73637195,NC,MDPB,,HHZ,1,82.0,,274.5,,20.7379
nc73637195,NC,MMT,,EHZ,1,71.0,,227.7,,39.9523
nc73637195,NN,LHV,,HHZ,1,70.0,,22.9,,76.402
nc73637195,CI,MLAC,,HHZ,-1,154.0,,30.6,,1.5745
nc73637195,NC,MCO,,EHZ,1,154.0,,274.0,,1.5745
nc73637195,NC,MCS,,EHZ,-1,106.0,,307.6,,6.7351
nc73637195,NC,MCV,,EHZ,1,130.0,,155.5,,3.4137
nc73637195,NC,MDR,2.0,EHZ,1,142.0,,20.2,,2.3629
nc73637195,NC,MLC,,EHZ,1,109.0,,264.0,,6.2258
nc73637195,NC,MLH,,EHZ,1,104.0,,21.5,,7.231
nc73637200,NC,MLC,,EHZ,-1,133.0,,335.9,,8.0038
nc73637200,NC,MCO,,EHZ,1,132.0,,9.4,,8.1762
nc73637200,NC,MGPB,,EHZ,-1,128.0,,346.2,,9.1169
nc73637200,NC,MDPB,,HHZ,-1,107.0,,298.4,,20.1708
nc73637200,NC,MDC,2.0,EHZ,-1,103.0,,321.6,,23.1841
nc73637200,NC,MCV,,EHZ,1,139.0,,41.7,,6.5049
nc73637200,NC,MEM,,EHZ,1,114.0,,337.8,,14.3553
nc73637275,NC,MCV,,EHZ,-1,139.0,,28.2,,10.6825
nc73637275,NC,MLC,,EHZ,-1,132.0,,347.9,,12.1202
nc73637275,NC,MCO,,EHZ,-1,131.0,,9.3,,12.7874
nc73637275,NC,MGPB,,EHZ,1,130.0,,353.9,,13.4768
nc73637275,NC,MDPB,,HHZ,-1,117.0,,309.8,,22.1056
nc73637275,NC,MINS,,HHZ,-1,116.0,,317.1,,22.5615
nc73637275,NC,MDC,2.0,EHZ,-1,112.0,,329.0,,26.5089
nc73637275,NC,MMT,,EHZ,1,109.0,,241.0,,29.6446
nc73637555,NC,MCV,,EHZ,-1,137.0,,29.7,,8.0639
nc73637555,NC,MLC,,EHZ,-1,130.0,,339.2,,10.111
nc73637555,NC,MCO,,EHZ,-1,129.0,,5.7,,10.2622
nc73637555,NC,MGPB,,EHZ,-1,126.0,,347.2,,11.2752
nc73637555,CI,MLAC,,HHZ,-1,124.0,,16.4,,11.9423
nc73637555,NC,MDR,2.0,EHZ,-1,120.0,,15.4,,12.7763
nc73637555,NC,MCS,,EHZ,-1,118.0,,349.0,,14.4553
nc73637555,NC,MMP,,EHZ,1,116.0,,304.1,,16.4235
nc73637555,NC,MEM,,EHZ,-1,116.0,,339.6,,16.4791
nc73637555,NC,MDH,,HNZ,-1,115.0,,349.9,,17.2241
nc73637555,NC,MLH,,EHZ,-1,114.0,,17.3,,17.6244
nc73637555,NC,MDPB,,HHZ,1,108.0,,303.0,,21.5385
nc73637555,NC,MMT,,EHZ,1,100.0,,238.2,,31.7795
nc73637555,NC,MTU,2.0,EHZ,1,99.0,,125.0,,33.6365
nc73637555,BK,MMI,0.0,HHZ,1,88.0,,261.4,,77.8253
nc73637555,NC,MMI,,EHZ,1,88.0,,261.4,,77.8253
nc73637555,BK,TOLH,0.0,HHZ,1,89.0,,218.2,,81.4836
nc73637555,BK,HELL,0.0,HHZ,-1,87.0,,188.0,,94.916
nc73637555,NC,MHD,,EHZ,1,87.0,,243.5,,101.2541
nc73637555,NC,MPR,,EHZ,1,87.0,,287.4,,105.1682
nc73637570,NC,MCV,,EHZ,-1,139.0,,27.0,,10.7703
nc73637570,NC,MLC,,EHZ,-1,132.0,,347.4,,12.3426
nc73637570,NC,MCS,,EHZ,1,126.0,,353.7,,16.8905
nc73637570,NC,MEM,,EHZ,-1,123.0,,345.0,,18.6696
nc73637570,NC,MLI,,HHZ,-1,123.0,,321.6,,18.892
nc73637570,NC,MMLB,,HHZ,-1,122.0,,334.3,,19.1589
nc73637570,NC,MCY,,EHZ,1,121.0,,320.6,,20.0484
nc73637570,NC,MDPB,,HHZ,-1,117.0,,309.9,,22.3502
nc73637570,NC,MDC,2.0,EHZ,-1,113.0,,328.9,,26.7535
nc73637570,NC,MMT,,EHZ,1,109.0,,241.5,,29.7002
nc73637570,NC,MRC,,EHZ,1,104.0,,60.3,,38.3289
nc73637570,NC,MCD,,EHZ,1,103.0,,82.6,,39.3296
nc73637570,BK,MMI,0.0,HHZ,1,93.0,,263.2,,76.5799
nc73637570,NC,MMI,,EHZ,1,93.0,,263.2,,76.5911
nc73637570,BK,TOLH,0.0,HHZ,1,92.0,,218.8,,78.8928
nc73637570,NC,MHD,,EHZ,1,91.0,,244.6,,99.3193
nc73637570,NC,MPR,,EHZ,1,88.0,,288.9,,105.1126
nc73637570,BK,BUCR,0.0,HHZ,-1,88.0,,280.0,,113.3076
nc73637570,NC,MCO,,EHZ,-1,131.0,,8.5,,12.9431
nc73637570,NC,MDR,2.0,EHZ,1,128.0,,16.0,,15.5228
nc73637570,NC,MINS,,HHZ,-1,116.0,,317.1,,22.8061
nc73637570,NC,MLH,,EHZ,1,120.0,,17.5,,20.3709
nc73637570,NC,MMP,,EHZ,-1,125.0,,312.9,,17.3353
nc73637725,NC,MCV,,EHZ,-1,98.0,,27.3,,6.128
nc73637725,NC,MLC,,EHZ,-1,77.0,,328.8,,9.2359
nc73637725,NC,MGPB,,EHZ,-1,77.0,,338.7,,10.1432
nc73637725,CI,MLAC,,HHZ,-1,77.0,,12.5,,10.1421
nc73637725,NC,MCS,,EHZ,-1,76.0,,342.7,,13.2433
nc73637725,NC,MEM,,EHZ,-1,75.0,,333.5,,15.5228
nc73637725,NC,MMP,,EHZ,-1,75.0,,297.4,,16.6681
nc73637725,NC,MDPB,,HHZ,1,73.0,,297.9,,21.7831
nc73637725,NC,MDC,2.0,EHZ,1,72.0,,319.7,,24.6074
nc73637725,NC,MMT,,EHZ,1,68.0,,237.0,,33.6142
nc73637725,BK,MMI,0.0,HHZ,1,63.0,,260.4,,79.2375
nc73637725,NC,MMI,,EHZ,1,63.0,,260.4,,79.2486
nc73637725,NC,MHD,,EHZ,1,63.0,,243.0,,103.0221
nc73637725,NC,MPR,,EHZ,1,63.0,,286.4,,105.8576
nc73637725,NC,MCO,,EHZ,-1,77.0,,358.9,,8.6587
nc73637725,NC,MDR,2.0,EHZ,-1,76.0,,11.6,,10.9894
nc73637745,NC,MCV,,EHZ,-1,113.0,,9.1,,12.7652
nc73637745,NC,MCO,,EHZ,-1,110.0,,356.5,,15.8453
nc73637745,NC,MLC,,EHZ,-1,109.0,,339.7,,16.0565
nc73637745,NC,MGPB,,EHZ,1,108.0,,344.9,,17.2019
nc73637745,NC,MDR,2.0,EHZ,-1,107.0,,4.5,,17.9802
nc73637745,NC,MMP,,EHZ,-1,103.0,,313.6,,21.5051
nc73637745,NC,MCY,,EHZ,1,100.0,,319.9,,24.2183
nc73637745,NC,MDY,,HHZ,1,100.0,,325.1,,24.6186
nc73637745,NC,MDPB,,HHZ,-1,99.0,,310.9,,26.5089
nc73637745,NC,MINS,,HHZ,-1,98.0,,317.0,,26.9759
nc73637745,NC,MDC,2.0,EHZ,-1,96.0,,327.2,,30.8455
nc73637745,NC,MMT,,EHZ,1,96.0,,249.0,,31.0679
nc73637815,NC,MCS,,EHZ,1,176.0,,332.0,,0.2987
nc73637815,NC,MDH,,HNZ,-1,148.0,,352.3,,3.0523
nc73637815,NC,MDH1,1.0,DP1,1,148.0,,352.3,,3.0523
nc73637815,NC,MLC,,EHZ,-1,135.0,,192.3,,4.589
nc73637815,NC,MCO,,EHZ,-1,130.0,,135.7,,5.2028
nc73637815,NC,MDR,2.0,EHZ,1,124.0,,105.0,,6.2403
nc73637815,NC,MLH,,EHZ,1,114.0,,69.7,,8.3852
nc73637815,NC,MCV,,EHZ,-1,110.0,,136.4,,9.5917
nc73637815,NC,MQ1P,,EHZ,1,105.0,,246.9,,11.2418
nc73637815,NC,MMP,,EHZ,1,102.0,,246.6,,11.9757
nc73637815,NC,MINS,,HHZ,1,98.0,,270.6,,13.8326
nc73637815,NC,MDPB,,HHZ,1,97.0,,261.8,,15.6229
nc73637815,NC,MMT,,EHZ,-1,78.0,,218.4,,39.174
nc73637990,NP,1576,10.0,HNZ,1,137.0,,16.5,,5.6843
nc73637990,NC,MLC,,EHZ,-1,105.0,,308.8,,16.3012
nc73637990,NC,MDH1,1.0,DP1,1,98.0,,325.6,,21.4495
nc73637990,NC,MTU,2.0,EHZ,-1,95.0,,135.3,,26.1419
nc73637990,NC,MCY,,EHZ,-1,95.0,,301.0,,26.5311
nc73637990,NC,MRC,,EHZ,1,93.0,,53.7,,28.8662
nc73637990,NC,MCD,,EHZ,1,93.0,,83.9,,29.1331
nc73637990,NC,MINS,,HHZ,-1,93.0,,300.2,,29.5667
nc73637990,NC,MDC,2.0,EHZ,-1,92.0,,311.5,,31.8129
nc73637990,NC,MMT,,EHZ,1,91.0,,246.1,,39.5409
nc73637990,BK,MMI,0.0,HHZ,1,86.0,,262.9,,86.7765
nc73637990,NC,MMI,,EHZ,1,86.0,,262.9,,86.7765
nc73637990,BK,TOLH,0.0,HHZ,1,86.0,,223.3,,86.9211
nc73637990,NC,MHD,,EHZ,1,85.0,,246.0,,109.2268
nc73637990,NC,MPR,,EHZ,-1,85.0,,286.5,,114.086
nc73637990,CI,MLAC,,HHZ,-1,107.0,,334.9,,13.4546
nc73637990,NC,MCO,,EHZ,-1,107.0,,323.6,,13.6103
nc73637990,NC,MCS,,EHZ,-1,102.0,,321.6,,19.0699
nc73637990,NC,MCV,,EHZ,-1,121.0,,326.6,,9.2614
nc73637990,NC,MDR,2.0,EHZ,-1,107.0,,336.4,,14.233
nc73637990,NC,MDY,,HHZ,-1,95.0,,305.8,,26.1975
nc73637990,NC,MEM,,EHZ,-1,98.0,,317.5,,21.9721
nc73637990,NC,MGPB,,EHZ,-1,105.0,,315.4,,16.5124
nc73637990,NC,MMLB,,HHZ,-1,96.0,,310.1,,23.9514
nc73638055,NC,MCV,,EHZ,-1,139.0,,17.0,,4.9204
nc73638055,NC,MCO,,EHZ,-1,122.0,,349.0,,8.0661
nc73638055,NC,MLC,,EHZ,-1,117.0,,319.4,,9.4427
nc73638055,NC,MDR,2.0,EHZ,-1,115.0,,4.8,,10.0587
nc73638055,NC,MMT,,EHZ,1,91.0,,237.2,,35.171
nc73638125,NC,MCO,,EHZ,-1,64.0,,16.7,,9.4082
nc73638125,NC,MMP,,EHZ,-1,64.0,,303.9,,14.3553
nc73638125,NC,MMLB,,HHZ,-1,64.0,,330.9,,15.4339
nc73638125,NC,MDY,,HHZ,-1,63.0,,322.0,,16.9572
nc73638125,NC,MLH,,EHZ,1,63.0,,23.9,,17.1018
nc73638125,NC,MDPB,,HHZ,-1,63.0,,302.7,,19.4702
nc73638125,NC,MINS,,HHZ,-1,63.0,,311.2,,19.5925
nc73638125,NC,MDC,2.0,EHZ,-1,62.0,,325.7,,23.1285
nc73638125,NC,MMT,,EHZ,1,60.0,,234.6,,31.0234
nc73638125,NC,MCV,,EHZ,1,64.0,,44.4,,8.1306
nc73638125,NC,MEM,,EHZ,-1,64.0,,344.1,,14.8
nc73638125,NC,MGPB,,EHZ,-1,64.0,,355.3,,9.8296
nc73638125,NC,MLC,,EHZ,-1,64.0,,347.0,,8.463
nc73638170,NC,MCV,,EHZ,-1,153.0,,62.7,,3.1668
nc73638170,CI,MLAC,,HHZ,1,133.0,,20.4,,6.3014
nc73638170,NC,MGPB,,EHZ,-1,132.0,,325.9,,6.585
nc73638170,NC,MMP,,EHZ,1,105.0,,283.9,,15.2559
nc73638170,NC,MINS,,HHZ,1,100.0,,295.9,,19.6037
nc73638170,NC,MDPB,,HHZ,1,100.0,,287.8,,20.2375
nc73638170,NC,MDC,2.0,EHZ,1,97.0,,312.9,,21.7164
nc73638170,NC,MMT,,EHZ,1,91.0,,231.6,,35.9493
nc73638170,BK,MMI,0.0,HHZ,1,86.0,,257.6,,80.0047
nc73638170,NC,MMI,,EHZ,1,86.0,,257.6,,80.0047
nc73638170,BK,TOLH,0.0,HHZ,1,86.0,,216.6,,86.6097
nc73638170,NC,MHD,,EHZ,1,85.0,,241.1,,104.8902
nc73638170,NC,MCO,,EHZ,1,143.0,,357.9,,4.6646
nc73638170,NC,MDR,2.0,EHZ,1,129.0,,18.1,,7.1209
nc73638170,NC,MLC,,EHZ,1,134.0,,309.2,,6.1791
nc73638170,NC,MLH,,EHZ,1,111.0,,19.7,,11.9868
nc73638240,NC,MQ1P,,EHZ,1,120.0,,305.7,,4.4467
nc73638240,NC,MLI,,HHZ,1,109.0,,327.8,,6.2069
nc73638240,NC,MLC,,EHZ,1,108.0,,66.3,,6.2692
nc73638240,NC,MMLB,,HHZ,-1,102.0,,0.8,,7.7258
nc73638240,NC,MEM,,EHZ,1,98.0,,22.8,,9.2203
nc73638240,NC,MDPB,,HHZ,1,96.0,,298.6,,9.9497
nc73638240,NC,MINS,,HHZ,1,96.0,,315.2,,10.0765
nc73638240,NC,MCO,,EHZ,1,95.0,,72.4,,10.8704
nc73638240,NC,MCV,,EHZ,1,90.0,,89.7,,13.3545
nc73638240,NC,MDC,2.0,EHZ,-1,89.0,,338.0,,14.3997
nc73638240,NC,MCY,,EHZ,1,104.0,,324.1,,7.3311
nc73638240,NC,MMP,,EHZ,1,118.0,,297.8,,4.8247
nc73638415,NC,MCO,,EHZ,1,173.0,,190.5,,0.6219
nc73638415,NC,MDR,2.0,EHZ,1,154.0,,56.6,,2.7232
nc73638415,NC,MCV,,EHZ,-1,138.0,,143.2,,4.7858
nc73638415,NC,MLC,,EHZ,1,137.0,,253.8,,4.9304
nc73638415,NC,MCS,,EHZ,-1,135.0,,311.0,,5.1494
nc73638415,NC,MLH,,EHZ,1,124.0,,34.4,,7.2788
nc73638415,NC,MDH1,1.0,DP1,-1,123.0,,326.0,,7.4123
nc73638415,NC,MMP,,EHZ,1,101.0,,263.7,,14.8445
nc73638450,NC,MFB,,EHZ,1,134.0,,99.5,,10.2077
nc73638450,NC,MTU,2.0,EHZ,1,133.0,,190.2,,10.3011
nc73638450,NC,MCD,,EHZ,1,122.0,,37.2,,14.4665
nc73638450,NP,1679,10.0,HNZ,1,118.0,,59.0,,18.0581
nc73638450,NC,MRC,,EHZ,-1,108.0,,7.0,,25.6416
nc73638450,NC,MCV,,EHZ,-1,104.0,,302.7,,30.0337
nc73638450,BK,OVRO,0.0,HHZ,1,102.0,,135.9,,33.0583
nc73638450,CI,MLAC,,HHZ,-1,102.0,,308.7,,33.125
nc73638450,NC,MDR,2.0,EHZ,-1,102.0,,309.9,,33.6587
nc73638450,NC,MCO,,EHZ,-1,102.0,,304.6,,34.3036
nc73638450,NC,MLH,,EHZ,-1,101.0,,317.4,,35.4156
nc73638450,NC,MLC,,EHZ,-1,100.0,,299.7,,37.8285
nc73638450,NC,MCS,,EHZ,-1,99.0,,306.3,,39.6855
nc73638450,NC,MEM,,EHZ,-1,98.0,,305.3,,42.8545
nc73638450,NC,MMLB,,HHZ,-1,97.0,,301.9,,45.3342
nc73638450,NC,MMP,,EHZ,1,97.0,,293.3,,46.713
nc73638450,NC,MDY,,HHZ,1,96.0,,300.0,,47.7805
nc73638450,NC,MINS,,HHZ,1,95.0,,297.1,,51.3609
nc73638450,CI,TIN,,HHZ,-1,95.0,,147.4,,51.4388
nc73638450,NC,MDC,2.0,EHZ,-1,95.0,,304.0,,53.0177
nc73638450,NC,MMT,,EHZ,1,94.0,,262.5,,56.9096
nc73638450,NN,LHV,,HHZ,-1,89.0,,2.1,,89.6231
nc73638450,BK,HELL,0.0,HHZ,1,88.0,,206.8,,94.9827
nc73638450,BK,TOLH,0.0,HHZ,1,88.0,,235.6,,96.8841
nc73638450,GS,MCA04,0.0,HHZ,-1,88.0,,46.0,,101.6322
nc73638450,BK,MMI,0.0,HHZ,1,88.0,,268.9,,106.3468
nc73638450,NC,MMI,,EHZ,1,88.0,,268.9,,106.3579
nc73638450,CI,CWC,,HHZ,1,87.0,,159.7,,118.8674
nc73638450,CI,CGO,,HHZ,1,87.0,,146.3,,119.0898
nc73638450,NC,MHD,,EHZ,1,86.0,,253.5,,125.3167
nc73638450,BK,LIND,0.0,HHZ,1,86.0,,200.8,,129.5421
nc73638450,NC,MPR,,EHZ,1,85.0,,287.6,,135.8802
nc73638450,CI,WNM,,EHZ,-1,82.0,,162.1,,186.6963
nc73638470,NC,MCO,,EHZ,1,173.0,,84.1,,0.5367
nc73638470,NC,MCV,,EHZ,1,133.0,,132.0,,4.7325
nc73638470,NC,MCS,,EHZ,-1,129.0,,321.3,,5.1806
nc73638470,NC,MEM,,EHZ,1,113.0,,310.3,,8.1773
nc73638470,NC,MQ1P,,EHZ,1,97.0,,267.3,,13.4657
nc73638470,NC,MMP,,EHZ,1,97.0,,266.1,,14.1329
nc73638470,NC,MDC,2.0,EHZ,-1,95.0,,303.7,,18.3027
nc73638470,CI,MLAC,,HHZ,1,145.0,,65.9,,3.1857
nc73638470,NC,MDR,2.0,EHZ,1,141.0,,53.4,,3.6361
nc73638470,NC,MLC,,EHZ,1,137.0,,260.1,,4.1476
nc73638540,NC,MCV,,EHZ,1,156.0,,43.7,,3.6205
nc73638540,NC,MCO,,EHZ,1,143.0,,355.3,,5.8466
nc73638540,NC,MLC,,EHZ,-1,137.0,,314.9,,7.1888
nc73638540,NC,MDR,2.0,EHZ,1,133.0,,13.5,,8.1584
nc73638540,NC,MLH,,EHZ,1,116.0,,16.7,,12.9876
nc73638540,NC,MEM,,EHZ,-1,116.0,,326.8,,13.2211
nc73638540,NC,MQ1P,,EHZ,-1,114.0,,289.7,,15.356
nc73638540,NC,MMP,,EHZ,-1,113.0,,287.7,,15.8675
nc73638540,NC,MLI,,HHZ,-1,113.0,,299.0,,16.1677
nc73638540,NC,MINS,,HHZ,-1,107.0,,298.5,,20.4043
nc73638540,NC,MDC,2.0,EHZ,-1,104.0,,314.5,,22.7505
nc73638935,NC,MCV,,EHZ,-1,149.0,,343.9,,4.6268
nc73638935,NC,MCO,,EHZ,1,130.0,,330.9,,8.7733
nc73638935,NC,MDR,2.0,EHZ,1,125.0,,349.1,,9.9442
nc73638935,NC,MLC,,EHZ,1,121.0,,307.9,,11.264
nc73638935,NC,MCS,,EHZ,1,114.0,,325.4,,14.1551
nc73638935,NC,MMP,,EHZ,1,107.0,,289.4,,20.0484
nc73638935,NC,MDY,,HHZ,1,105.0,,304.7,,21.1826
nc73638935,NC,MINS,,HHZ,1,102.0,,298.1,,24.6186
nc73638935,NC,MDPB,,HHZ,1,101.0,,291.5,,25.1078
nc73638935,NC,MMT,,EHZ,1,94.0,,239.1,,37.6395
nc73638940,NC,MTU,2.0,EHZ,-1,140.0,,144.4,,8.6587
nc73638940,NC,MFB,,EHZ,1,120.0,,85.1,,17.0017
nc73638940,NC,MCV,,EHZ,-1,108.0,,316.4,,26.6757
nc73638940,NC,MCO,,EHZ,-1,104.0,,316.5,,31.0679
nc73638940,NC,MDR,2.0,EHZ,-1,104.0,,322.4,,31.1012
nc73638940,NC,MLC,,EHZ,-1,103.0,,310.0,,33.9367
nc73638940,NC,MMP,,EHZ,-1,99.0,,300.9,,41.9983
nc73638940,NC,MCD,,EHZ,1,114.0,,46.8,,21.405
nc73638940,NC,MRC,,EHZ,1,105.0,,19.2,,30.2561
nc73638940,NC,MLH,,EHZ,-1,103.0,,329.6,,33.7921
nc73638940,NC,MCS,,EHZ,-1,101.0,,316.6,,36.5609
nc73638940,NC,MMLB,,HHZ,-1,99.0,,310.6,,41.598
nc73638940,NC,MINS,,HHZ,-1,97.0,,304.3,,47.0132
nc73638940,NC,MDPB,,HHZ,-1,97.0,,300.8,,47.1244
nc73638940,NC,MDC,2.0,EHZ,1,96.0,,311.4,,49.4595
nc73638940,BK,HELL,0.0,HHZ,-1,90.0,,203.7,,89.2339
nc73638940,BK,TOLH,0.0,HHZ,1,90.0,,234.7,,89.4674
nc73638945,NP,1576,10.0,HNZ,-1,144.0,,66.7,,5.6609
nc73638945,NC,MCO,,EHZ,1,129.0,,329.7,,8.9456
nc73638945,NC,MDH,,HNZ,-1,111.0,,329.5,,16.8127
nc73638945,NC,MDH1,1.0,DP1,-1,111.0,,329.5,,16.8127
nc73638945,NC,MQ1P,,EHZ,1,107.0,,290.9,,19.8038
nc73638945,NC,MCY,,EHZ,1,104.0,,298.5,,21.8276
nc73638945,NC,MDC,2.0,EHZ,1,100.0,,311.4,,26.9981
nc73638945,NC,MTU,2.0,EHZ,-1,98.0,,134.8,,30.9567
nc73638945,NC,MFB,,EHZ,1,95.0,,111.5,,36.383
nc73638945,BK,TOLH,0.0,HHZ,1,88.0,,220.1,,86.9322
nc73638945,NC,MPR,,EHZ,1,86.0,,285.4,,109.7939
nc73638945,BK,BUCR,0.0,HHZ,1,85.0,,277.1,,118.9786
nc73638945,BK,LEGD,0.0,HHZ,1,85.0,,252.9,,124.2047
nc73638945,BK,MMI,0.0,HHZ,1,88.0,,260.3,,83.6964
nc73638945,CI,MLAC,,HHZ,1,128.0,,346.5,,9.2125
nc73638945,NC,BMS,,EHZ,-1,76.0,,241.3,,201.7076
nc73638945,NC,MCD,,EHZ,1,97.0,,90.2,,32.5468
nc73638945,NC,MCS,,EHZ,1,114.0,,324.8,,14.3441
nc73638945,NC,MCV,,EHZ,-1,149.0,,341.2,,4.7547
nc73638945,NC,MDPB,,HHZ,1,101.0,,291.4,,25.3636
nc73638945,NC,MDR,2.0,EHZ,1,125.0,,347.8,,10.0487
nc73638945,NC,MDY,,HHZ,1,105.0,,304.4,,21.4161
nc73638945,NC,MEM,,EHZ,1,111.0,,319.0,,17.1907
nc73638945,NC,MHD,,EHZ,1,86.0,,243.7,,107.3365
nc73638945,NC,MINS,,HHZ,1,102.0,,297.9,,24.8743
nc73638945,NC,MLC,,EHZ,1,121.0,,307.4,,11.4976
nc73638945,NC,MLH,,EHZ,1,114.0,,358.8,,14.333
nc73638945,NC,MLI,,HHZ,1,106.0,,298.2,,20.6267
nc73638945,NC,MMI,,EHZ,1,88.0,,260.3,,83.7075
nc73638945,NC,MMLB,,HHZ,1,108.0,,309.6,,19.1478
nc73638945,NC,MMP,,EHZ,1,107.0,,289.4,,20.3042
nc73638945,NC,MMT,,EHZ,1,95.0,,239.4,,37.8285
nc73638945,NC,MRC,,EHZ,1,98.0,,62.7,,30.2228
nc73638980,NP,1576,10.0,HNZ,-1,144.0,,68.0,,5.5764
nc73638980,NC,MDH,,HNZ,-1,112.0,,329.1,,16.7015
nc73638980,NC,MQ1P,,EHZ,1,108.0,,290.5,,19.7816
nc73638980,NC,MCY,,EHZ,1,105.0,,298.2,,21.7831
nc73638980,NC,MDC,2.0,EHZ,1,101.0,,311.1,,26.9314
nc73638980,NC,MTU,2.0,EHZ,-1,98.0,,135.0,,31.0345
nc73638980,NC,MFB,,EHZ,1,95.0,,111.7,,36.4163
nc73638980,NN,LHV,,HHZ,1,88.0,,19.0,,82.2954
nc73638980,BK,MMI,0.0,BHZ,1,88.0,,260.2,,83.752
nc73638980,NC,MPR,,EHZ,1,86.0,,285.3,,109.7828
nc73638980,BK,LEGD,0.0,HHZ,-1,85.0,,252.8,,124.2047
nc73638980,NC,MGS,1.0,EHZ,1,85.0,,232.2,,124.8719
nc73638980,NC,BMS,,EHZ,-1,75.0,,241.3,,201.8188
nc73638980,BK,HELL,0.0,HHZ,1,87.0,,191.0,,98.452
nc73638980,BK,TOLH,0.0,HHZ,1,88.0,,220.0,,87.0656
nc73638980,CI,MLAC,,HHZ,1,129.0,,346.1,,9.0757
nc73638980,NC,MCD,,EHZ,1,97.0,,90.4,,32.5245
nc73638980,NC,MCO,,EHZ,1,130.0,,329.0,,8.8333
nc73638980,NC,MCS,,EHZ,1,114.0,,324.3,,14.2441
nc73638980,NC,MCV,,EHZ,-1,150.0,,340.2,,4.6257
nc73638980,NC,MDPB,,HHZ,1,102.0,,291.1,,25.3413
nc73638980,NC,MDR,2.0,EHZ,1,126.0,,347.4,,9.9108
nc73638980,NC,MDY,,HHZ,1,105.0,,304.0,,21.3605
nc73638980,NC,MEM,,EHZ,1,111.0,,318.6,,17.0907
nc73638980,NC,MHD,,EHZ,1,86.0,,243.6,,107.4365
nc73638980,NC,MINS,,HHZ,1,102.0,,297.6,,24.8298
nc73638980,NC,MLC,,EHZ,1,121.0,,306.7,,11.4308
nc73638980,NC,MLH,,EHZ,1,114.0,,358.7,,14.1774
nc73638980,NC,MLI,,HHZ,1,107.0,,297.8,,20.5933
nc73638980,NC,MMI,,EHZ,1,88.0,,260.2,,83.752
nc73638980,NC,MMLB,,HHZ,1,109.0,,309.2,,19.0699
nc73638980,NC,MMP,,EHZ,1,107.0,,288.9,,20.282
nc73638980,NC,MMT,,EHZ,1,95.0,,239.2,,37.9286
nc73638980,NC,MRC,,EHZ,1,98.0,,62.9,,30.1338
nc73638990,NC,MCV,,EHZ,1,142.0,,345.1,,5.3273
nc73638990,NC,MCO,,EHZ,-1,123.0,,332.5,,9.4338
nc73638990,NC,MLC,,EHZ,1,116.0,,310.3,,11.7755
nc73638990,NC,MMP,,EHZ,1,103.0,,291.2,,20.3709
nc73638990,NC,MDPB,,HHZ,1,98.0,,292.9,,25.4636
nc73638990,NC,MDC,2.0,EHZ,1,97.0,,312.6,,27.3095
nc73638990,NC,MMT,,EHZ,1,93.0,,240.1,,37.3615
nc73638990,NP,1576,10.0,HNZ,1,138.0,,61.7,,6.0879
nc73638990,NC,MTU,2.0,EHZ,-1,95.0,,133.7,,30.6231
nc73638990,NC,MRC,,EHZ,-1,95.0,,61.7,,30.6676
nc73638995,NC,MCV,,EHZ,-1,151.0,,346.9,,4.1253
nc73638995,NC,MCO,,EHZ,1,130.0,,331.6,,8.2295
nc73638995,NC,MDR,2.0,EHZ,1,126.0,,350.7,,9.4638
nc73638995,NC,MLC,,EHZ,1,122.0,,307.3,,10.7214
nc73638995,NC,MMP,,EHZ,1,106.0,,288.6,,19.5814
nc73638995,NC,MMT,,EHZ,1,94.0,,238.3,,37.5505
nc73638995,NC,MCS,,EHZ,1,113.0,,325.6,,13.6103
nc73638995,NC,MLH,,EHZ,1,113.0,,1.3,,13.8438
nc73638995,NC,MEM,,EHZ,1,110.0,,319.5,,16.4235
nc73638995,NC,MMLB,,HHZ,1,108.0,,309.7,,18.3694
nc73638995,NC,MDY,,HHZ,1,105.0,,304.2,,20.6489
nc73638995,NC,MINS,,HHZ,1,101.0,,297.6,,24.1182
nc73638995,NC,MDPB,,HHZ,1,101.0,,290.9,,24.6297
nc73638995,NC,MDC,2.0,EHZ,-1,100.0,,311.5,,26.2309
nc73638995,NC,MRC,,EHZ,-1,97.0,,64.0,,30.5452
nc73639000,NC,MCV,,EHZ,1,152.0,,337.3,,4.4378
nc73639000,NC,MCO,,EHZ,1,133.0,,327.3,,8.6921
nc73639000,NC,MDR,2.0,EHZ,-1,129.0,,346.2,,9.6929
nc73639000,NC,MLC,,EHZ,1,124.0,,305.2,,11.3975
nc73639000,NC,MMP,,EHZ,1,109.0,,288.1,,20.3376
nc73639000,NC,MINS,,HHZ,1,104.0,,296.9,,24.8409
nc73639000,NC,MDPB,,HHZ,1,104.0,,290.4,,25.3858
nc73639000,NC,MTU,2.0,EHZ,-1,99.0,,135.6,,31.1123
nc73639000,NC,MMT,,EHZ,1,96.0,,239.0,,38.1843
nc73639000,NC,MEM,,EHZ,-1,114.0,,317.6,,17.0017
nc73639000,NC,MDY,,HHZ,1,108.0,,303.2,,21.3383
nc73639000,NC,MRC,,EHZ,1,100.0,,63.2,,29.8892
nc73639050,NC,MLC,,EHZ,1,160.0,,238.7,,3.3325
nc73639050,NC,MCO,,EHZ,1,167.0,,118.6,,2.0149
nc73639050,NC,MCV,,EHZ,-1,144.0,,131.4,,6.3326
nc73639050,NC,MDR,2.0,EHZ,1,154.0,,74.6,,4.3144
nc73639050,NC,MMP,,EHZ,-1,120.0,,261.2,,13.0209
nc73639050,NC,MMT,,EHZ,1,97.0,,223.2,,38.3178
nc73639050,NC,MEM,,EHZ,1,143.0,,310.5,,6.5772
nc73639050,NC,MLH,,EHZ,1,136.0,,46.6,,8.244
nc73639050,NC,MINS,,HHZ,1,116.0,,280.6,,15.9676
nc73639050,NC,MDPB,,HHZ,1,115.0,,271.8,,17.3464
nc73639255,NP,1576,10.0,HNZ,1,144.0,,65.5,,5.6643
nc73639255,NC,MCO,,EHZ,1,129.0,,329.8,,9.0635
nc73639255,NC,MDR,2.0,EHZ,1,125.0,,347.7,,10.1677
nc73639255,NC,MGPB,,EHZ,-1,120.0,,316.9,,11.82
nc73639255,NC,MLH,,EHZ,1,114.0,,358.7,,14.4442
nc73639255,NC,MCS,,EHZ,1,114.0,,324.9,,14.4665
nc73639255,NC,MDH1,1.0,DP1,-1,111.0,,329.5,,16.935
nc73639255,NC,MEM,,EHZ,1,111.0,,319.1,,17.3019
nc73639255,NC,MMLB,,HHZ,1,108.0,,309.8,,19.2478
nc73639255,NC,MQ1P,,EHZ,1,107.0,,291.2,,19.8928
nc73639255,NC,MMP,,EHZ,1,107.0,,289.6,,20.382
nc73639255,NC,MINS,,HHZ,1,102.0,,298.1,,24.9633
nc73639255,NC,MDC,2.0,EHZ,1,100.0,,311.5,,27.1093
nc73639255,NC,MRC,,EHZ,1,98.0,,62.4,,30.2339
nc73639255,NC,MCD,,EHZ,1,97.0,,90.0,,32.5023
nc73639255,NC,MFB,,EHZ,1,95.0,,111.3,,36.3051
nc73639255,NC,MMT,,EHZ,1,95.0,,239.6,,37.8063
nc73639255,BK,MMI,0.0,HHZ,1,88.0,,260.4,,83.7298
nc73639255,NC,MHD,,EHZ,1,86.0,,243.7,,107.3365
nc73639255,CI,CWC,,HHZ,1,84.0,,152.0,,139.216
nc73639255,NC,MCV,,EHZ,-1,148.0,,341.1,,4.8748
nc73639255,NC,MDPB,,HHZ,1,101.0,,291.6,,25.4525
nc73639255,NC,MLC,,EHZ,1,121.0,,307.7,,11.5976
nc73639360,NC,MCO,,EHZ,-1,168.0,,106.4,,1.7825
nc73639360,NC,MDR,2.0,EHZ,1,152.0,,68.5,,4.4044
nc73639360,NC,MCV,,EHZ,-1,143.0,,128.4,,5.9912
nc73639360,NC,MMP,,EHZ,1,117.0,,263.3,,13.0098
nc73639360,NC,MMT,,EHZ,1,95.0,,223.7,,38.0175
nc73639360,NC,MLH,,EHZ,1,132.0,,44.1,,8.5264
nc73639360,NC,MINS,,HHZ,1,113.0,,282.1,,16.1233
nc73639360,NC,MDC,2.0,EHZ,1,112.0,,304.4,,17.0239
nc73639360,NC,MDPB,,HHZ,1,112.0,,273.3,,17.4242
nc73639395,NC,MCV,,EHZ,-1,149.0,,24.1,,5.0349
nc73639395,NC,MCO,,EHZ,-1,136.0,,353.3,,7.8604
nc73639395,NC,MLC,,EHZ,-1,132.0,,321.9,,8.9645
nc73639395,CI,MLAC,,HHZ,1,131.0,,9.1,,9.1647
nc73639395,NC,MDR,2.0,EHZ,1,128.0,,8.4,,10.0198
nc73639395,NC,MLH,,EHZ,1,116.0,,12.9,,14.7889
nc73639395,NC,MEM,,EHZ,1,115.0,,329.5,,15.1336
nc73639395,NC,MQ1P,,EHZ,1,114.0,,295.7,,16.5236
nc73639395,NC,MMP,,EHZ,1,113.0,,293.7,,16.9795
nc73639395,NC,MDY,,HHZ,1,111.0,,310.9,,18.6029
nc73639395,NC,MINS,,HHZ,1,106.0,,302.5,,21.7942
nc73639395,NC,MDPB,,HHZ,1,106.0,,295.0,,22.0833
nc73639395,NC,MDC,2.0,EHZ,1,104.0,,317.1,,24.474
nc73639395,NC,MMT,,EHZ,1,97.0,,236.5,,34.7151
nc73639435,CI,MLAC,,HHZ,1,168.0,,50.3,,0.7008
nc73639435,NC,MDR,2.0,EHZ,1,157.0,,22.9,,1.4222
nc73639435,NC,MCO,,EHZ,1,149.0,,246.5,,2.0004
nc73639435,NC,MCV,,EHZ,-1,124.0,,164.0,,4.1743
nc73639435,NC,MLH,,EHZ,1,110.0,,22.3,,6.2914
nc73639435,NC,MCS,,EHZ,-1,109.0,,299.7,,6.4549
nc73639435,NC,MLC,,EHZ,1,108.0,,256.4,,6.6417
nc73639435,NC,MEM,,EHZ,-1,98.0,,297.3,,9.6862
nc73639435,NP,1576,10.0,HNZ,-1,97.0,,128.6,,10.0898
nc73639435,NC,MMLB,,HHZ,-1,90.0,,286.9,,12.6206
nc73639435,NC,MDY,,HHZ,-1,87.0,,283.4,,15.4116
nc73639435,NC,MMP,,EHZ,1,86.0,,263.7,,16.568
nc73639435,NC,MCY,,EHZ,1,86.0,,276.5,,16.6125
nc73639435,NC,MINS,,HHZ,-1,84.0,,279.1,,19.5481
nc73639435,NC,MDC,2.0,EHZ,-1,83.0,,297.9,,19.915
nc73639435,NC,MMT,,EHZ,1,71.0,,227.0,,40.7641
nc73639435,NC,MDH,,HNZ,-1,102.0,,315.5,,8.3663
nc73639435,BK,HELL,0.0,HHZ,1,70.0,,188.7,,106.2245
nc73639435,BK,TOLH,0.0,HHZ,1,70.0,,215.4,,92.0027
nc73639435,NC,MDPB,,HHZ,-1,83.0,,271.9,,20.9491
nc73639470,NC,MCO,,EHZ,1,165.0,,83.6,,2.1661
nc73639470,NC,MLC,,EHZ,1,162.0,,258.0,,2.523
nc73639470,NC,MCV,,EHZ,-1,143.0,,120.1,,5.9411
nc73639470,NC,MMP,,EHZ,1,116.0,,266.4,,12.5094
nc73639470,NC,MMT,,EHZ,1,95.0,,224.0,,37.1836
nc73639495,NC,MCO,,EHZ,-1,166.0,,108.4,,2.066
nc73639495,NC,MLC,,EHZ,1,160.0,,241.9,,3.0112
nc73639495,NC,MDR,2.0,EHZ,-1,150.0,,71.4,,4.589
nc73639495,NC,MCV,,EHZ,-1,142.0,,128.1,,6.2792
nc73639495,NC,MLH,,EHZ,1,132.0,,46.0,,8.5987
nc73639495,NC,MMP,,EHZ,1,117.0,,262.5,,12.7874
nc73639495,NC,MMT,,EHZ,1,95.0,,223.3,,37.9619
nc73639660,NC,MCO,,EHZ,-1,159.0,,105.8,,2.4652
nc73639660,NC,MCV,,EHZ,-1,132.0,,126.0,,6.6205
nc73639660,NC,MMP,,EHZ,-1,108.0,,262.1,,12.376
nc73639660,NC,MDPB,,HHZ,-1,104.0,,272.8,,16.746
nc73639740,NC,MCV,,EHZ,1,144.0,,255.8,,3.6083
nc73639740,NC,MDR,2.0,EHZ,1,127.0,,317.4,,6.0368
nc73639740,NC,MCO,,EHZ,1,122.0,,289.9,,6.8919
nc73639740,NC,MLH,,EHZ,-1,113.0,,346.0,,9.2192
nc73639740,NC,MLC,,EHZ,1,106.0,,278.1,,11.2196
nc73639740,NC,MQ1P,,EHZ,1,95.0,,274.7,,20.5377
nc73639740,NC,MMP,,EHZ,1,94.0,,273.6,,21.1604
nc73639740,NC,MINS,,HHZ,1,85.0,,284.6,,24.752
nc73639740,NC,MDC,2.0,EHZ,-1,84.0,,299.3,,25.4859
nc73639740,NC,MDPB,,HHZ,1,84.0,,278.6,,25.8751
nc73639890,NC,MMT,,EHZ,1,116.0,,256.5,,13.8994
nc73639890,NC,MMP,,EHZ,-1,104.0,,359.6,,22.706
nc73639890,NC,MQ1P,,EHZ,-1,104.0,,1.2,,23.0507
nc73639890,NC,MDPB,,HHZ,1,102.0,,349.7,,25.6304
nc73639890,NC,MCV,,EHZ,-1,101.0,,40.3,,26.9648
nc73639890,NC,MINS,,HHZ,1,101.0,,353.8,,27.7543
nc73639890,NC,MCO,,EHZ,-1,101.0,,31.3,,27.821
nc73639890,NC,MEM,,EHZ,1,99.0,,14.8,,29.967
nc73639890,NC,MDC,2.0,EHZ,1,97.0,,357.8,,33.8255
nc73639890,NC,MTU,2.0,EHZ,1,95.0,,97.9,,41.4757
nc73639890,BK,MMI,0.0,HHZ,1,91.0,,271.7,,63.4812
nc73639890,NC,MMI,,EHZ,1,91.0,,271.7,,63.4812
nc73639890,NC,MPR,,EHZ,1,87.0,,297.3,,97.7848
nc73639890,BK,HELL,0.0,HHZ,1,88.0,,179.7,,80.4718
nc73639890,BK,BUCR,0.0,HHZ,-1,87.0,,287.1,,103.5892
nc73639890,BK,DRDG,0.0,HHZ,1,85.0,,316.0,,118.5338
nc73639970,NC,MDR,2.0,EHZ,1,144.0,,292.1,,2.9544
nc73639970,NC,MCV,,EHZ,1,128.0,,206.9,,4.7291
nc73639970,NC,MCO,,EHZ,1,123.0,,258.9,,5.2284
nc73639970,NC,MLC,,EHZ,-1,103.0,,259.7,,9.9108
nc73640000,NC,MCV,,EHZ,-1,136.0,,67.2,,4.8081
nc73640000,NC,MLC,,EHZ,-1,132.0,,323.7,,5.3485
nc73640000,CI,MLAC,,HHZ,1,121.0,,31.1,,7.3789
nc73640000,NC,MCS,,EHZ,-1,113.0,,345.6,,9.347
nc73640000,NC,MDH,,HNZ,1,101.0,,347.6,,12.098
nc73640000,NC,MDH1,1.0,DP1,-1,101.0,,347.6,,12.098
nc73640000,NC,MQ1P,,EHZ,1,100.0,,289.4,,13.2878
nc73640000,NC,MINS,,HHZ,1,97.0,,299.3,,18.3583
nc73640000,NC,MDPB,,HHZ,-1,96.0,,290.5,,18.8364
nc73640000,NC,MCO,,EHZ,1,132.0,,15.9,,5.2706
nc73640000,NC,MDR,2.0,EHZ,1,117.0,,28.0,,8.1361
nc73640000,NC,MEM,,EHZ,-1,106.0,,332.7,,11.5976
nc73640000,NC,MGPB,,EHZ,-1,127.0,,340.5,,6.2136
nc73640000,NC,MLH,,EHZ,1,100.0,,25.8,,12.9876
nc73640000,NC,MMP,,EHZ,-1,100.0,,287.1,,13.7993
nc73640070,NC,MDR,2.0,EHZ,-1,147.0,,299.7,,2.424
nc73640070,NC,MCV,,EHZ,1,129.0,,200.1,,4.3911
nc73640070,NC,MCO,,EHZ,1,127.0,,258.6,,4.589
nc73640070,NC,MGPB,,EHZ,-1,108.0,,269.2,,8.0249
nc73640070,NC,MCS,,EHZ,-1,105.0,,290.5,,8.8289
nc73640070,NC,MLC,,EHZ,1,104.0,,259.6,,9.2714
nc73640365,NC,MFB,,EHZ,1,143.0,,71.8,,7.1198
nc73640365,NC,MTU,2.0,EHZ,-1,140.0,,219.4,,8.075
nc73640365,NC,MCV,,EHZ,-1,100.0,,305.2,,34.9597
nc73640365,NC,MMT,,EHZ,1,93.0,,266.6,,59.834
nc73640365,NC,MCD,,EHZ,-1,119.0,,19.5,,16.3457
nc73640365,NP,1589,10.0,HNZ,1,118.0,,109.1,,16.568
nc73640365,NC,MRC,,EHZ,-1,103.0,,359.7,,29.3443
nc73640365,BK,HELL,0.0,HHZ,1,88.0,,209.7,,93.1146
nc73640365,BK,TOLH,0.0,HHZ,1,88.0,,238.6,,97.5513
nc73640365,BK,MMI,0.0,HHZ,1,87.0,,271.0,,109.6493
nc73640365,NC,MMI,,EHZ,1,87.0,,271.0,,109.6604
nc73640365,CI,CGO,,HHZ,1,87.0,,146.6,,113.9748
nc73640380,NP,1576,10.0,HNZ,-1,150.0,,358.0,,8.3374
nc73640380,NC,MCV,,EHZ,-1,137.0,,326.6,,12.7207
nc73640380,CI,MLAC,,HHZ,-1,131.0,,333.2,,16.8905
nc73640380,NC,MCO,,EHZ,-1,130.0,,324.2,,17.0684
nc73640380,NC,MDR,2.0,EHZ,-1,129.0,,334.5,,17.6578
nc73640380,NC,MLC,,EHZ,-1,126.0,,311.9,,19.6259
nc73640380,NC,MGPB,,EHZ,-1,126.0,,317.3,,19.9261
nc73640380,NC,MLH,,EHZ,-1,123.0,,344.3,,21.2271
nc73640380,NC,MCS,,EHZ,-1,121.0,,322.4,,22.5281
nc73640380,NC,MTU,2.0,EHZ,1,121.0,,133.6,,22.7616
nc73640380,NC,MDH,,HNZ,-1,119.0,,325.8,,24.9188
nc73640380,NC,MEM,,EHZ,-1,118.0,,318.7,,25.3969
nc73640380,NC,MMLB,,HHZ,-1,116.0,,312.2,,27.2984
nc73640380,NC,MCD,,EHZ,1,116.0,,77.5,,27.7098
nc73640380,NC,MMP,,EHZ,-1,116.0,,297.6,,27.7876
nc73640380,NC,MLI,,HHZ,-1,115.0,,303.9,,28.4881
nc73640380,NC,MRC,,EHZ,1,114.0,,46.9,,29.2331
nc73640380,NC,MFB,,EHZ,1,114.0,,104.3,,29.2776
nc73640380,NC,MDY,,HHZ,-1,114.0,,308.2,,29.4667
nc73640380,NC,MCY,,EHZ,-1,113.0,,303.9,,29.7002
nc73640380,NC,MINS,,HHZ,-1,111.0,,302.9,,32.7024
nc73640380,NC,MDPB,,HHZ,-1,111.0,,297.9,,32.9137
nc73640380,NP,1679,10.0,HNZ,-1,110.0,,83.6,,33.9812
nc73640380,NC,MDC,2.0,EHZ,-1,109.0,,313.0,,35.171
nc73640380,NC,MMT,,EHZ,1,106.0,,251.0,,40.2748
nc73640380,NP,1587,10.0,HNZ,1,103.0,,77.5,,46.3794
nc73640380,BK,OVRO,0.0,HHZ,-1,101.0,,125.3,,50.6493
nc73640380,BK,TOLH,0.0,HHZ,1,93.0,,225.5,,86.1983
nc73640380,NN,LHV,,HHZ,1,93.0,,14.2,,86.7209
nc73640380,BK,MMI,0.0,HHZ,1,93.0,,264.9,,88.3666
nc73640380,NC,MMI,,EHZ,1,93.0,,264.9,,88.3777
nc73640380,BK,HELL,0.0,HHZ,1,92.0,,195.1,,93.6039
nc73640380,WR,FRI,,HNZ,1,91.0,,237.1,,101.432
nc73640380,NC,MHD,,EHZ,1,90.0,,247.8,,109.8606
nc73640380,GS,MCA04,0.0,HHZ,1,90.0,,54.4,,112.1957
nc73640380,NC,MPR,,EHZ,1,88.0,,287.6,,116.7547
nc73640380,BK,KARE,0.0,HHZ,1,88.0,,214.1,,120.0905
nc73640380,BK,BUCR,0.0,HHZ,1,89.0,,279.6,,125.3167
nc73640380,NN,WAK,,HHZ,1,89.0,,332.0,,127.4294
nc73640380,BK,LEGD,0.0,HHZ,1,89.0,,256.3,,127.8742
nc73640380,GM,AE04,1.0,HHZ,-1,89.0,,329.9,,127.763
nc73640380,BK,LIND,0.0,HHZ,1,88.0,,192.2,,129.6533
nc73640380,BK,DRDG,0.0,HHZ,1,88.0,,305.3,,130.8764
nc73640380,CI,CWC,,HHZ,-1,88.0,,152.9,,131.3212
nc73640380,BK,WINE,0.0,HHZ,1,87.0,,228.6,,137.7705
nc73640380,CI,POR,,HHZ,-1,86.0,,188.4,,156.0065
nc73640380,BK,BLUE,0.0,HHZ,1,85.0,,304.1,,170.3506
nc73640380,NN,YER,,HHZ,1,85.0,,345.6,,171.0178
nc73640380,BK,WSRE,0.0,HHZ,1,84.0,,223.7,,177.2447
nc73640380,BK,WELL,0.0,HHZ,-1,49.0,,301.8,,202.7084
nc73640380,NC,PJC,1.0,EHZ,1,50.0,,223.4,,212.2711
nc73640380,NC,PCE,1.0,EHZ,1,50.0,,220.4,,214.3838
nc73640380,NC,PCA,,EHZ,-1,50.0,,219.7,,224.169
nc73640380,NC,PBC,1.0,EHZ,-1,50.0,,237.0,,235.7332
nc73640605,NC,MCV,,EHZ,-1,95.0,,25.3,,11.1862
nc73640605,NC,MLC,,EHZ,1,90.0,,347.4,,12.8653
nc73640605,NC,MCO,,EHZ,-1,90.0,,7.7,,13.4435
nc73640605,NC,MDR,2.0,EHZ,-1,86.0,,15.1,,15.9898
nc73640795,NC,MDH1,1.0,DP1,1,119.0,,349.9,,5.93
nc73640795,NC,MCY,,EHZ,1,97.0,,278.6,,11.7978
nc73640795,NC,MDPB,,HHZ,1,93.0,,272.1,,16.1121
nc73640795,NC,MRC,,EHZ,1,75.0,,81.3,,34.804
nc73640795,NC,MTU,2.0,EHZ,-1,73.0,,135.9,,42.3875
nc73640795,BK,MMI,0.0,BHZ,1,73.0,,253.1,,78.3257
nc73640795,NC,MMI,,EHZ,1,73.0,,253.1,,78.3257
nc73640795,NC,MHD,,EHZ,1,72.0,,237.6,,104.9791
nc73640795,BK,BUCR,0.0,HHZ,1,72.0,,273.0,,110.6723
nc73640795,BK,TOLH,0.0,HHZ,1,73.0,,212.8,,89.3785
nc73640795,CI,CWC,,HHZ,1,72.0,,151.0,,150.4467
nc73640795,CI,MLAC,,HHZ,1,122.0,,86.4,,5.3918
nc73640795,NC,MCO,,EHZ,-1,141.0,,106.9,,3.1401
nc73640795,NC,MCS,,EHZ,-1,141.0,,345.9,,3.1713
nc73640795,NC,MCV,,EHZ,-1,112.0,,124.6,,7.2755
nc73640795,NC,MDC,2.0,EHZ,-1,93.0,,305.8,,15.723
nc73640795,NC,MEM,,EHZ,-1,120.0,,319.0,,5.7332
nc73640795,NC,MGPB,,EHZ,-1,172.0,,256.9,,0.5334
nc73640795,NC,MINS,,HHZ,1,93.0,,281.6,,14.7667
nc73640795,NC,MLC,,EHZ,-1,149.0,,223.9,,2.324
nc73640795,NC,MLH,,EHZ,1,105.0,,51.6,,9.2169
nc73640795,NC,MLI,,HHZ,1,101.0,,275.8,,10.727
nc73640795,NC,MMLB,,HHZ,-1,109.0,,296.2,,8.0639
nc73640795,NC,MMP,,EHZ,1,97.0,,260.5,,11.7867
nc73640795,NC,MMT,,EHZ,1,74.0,,221.8,,37.4393
nc73640795,NC,MPR,,EHZ,1,72.0,,281.7,,100.4535
nc73640795,NC,MQ1P,,EHZ,1,99.0,,261.7,,11.0917
nc73640800,NC,MDH,,HNZ,-1,119.0,,350.4,,5.9011
nc73640800,NC,MDH1,1.0,DP1,1,119.0,,350.4,,5.9011
nc73640800,NC,MMLB,,HHZ,-1,109.0,,296.3,,8.0027
nc73640800,NC,MDY,,HHZ,1,100.0,,288.7,,10.6647
nc73640800,NC,MQ1P,,EHZ,1,99.0,,261.6,,11.0361
nc73640800,NC,MCY,,EHZ,1,97.0,,278.6,,11.7311
nc73640800,NC,MDC,2.0,EHZ,-1,93.0,,305.9,,15.6674
nc73640800,NC,MRC,,EHZ,-1,75.0,,81.3,,34.8596
nc73640800,NC,MMT,,EHZ,1,74.0,,221.8,,37.4171
nc73640800,NC,MTU,2.0,EHZ,-1,73.0,,135.8,,42.4431
nc73640800,CI,MLAC,,HHZ,1,121.0,,86.6,,5.4486
nc73640800,NC,MCO,,EHZ,-1,140.0,,106.9,,3.2013
nc73640800,NC,MCS,,EHZ,-1,141.0,,346.9,,3.139
nc73640800,NC,MCV,,EHZ,-1,111.0,,124.5,,7.3344
nc73640800,NC,MDPB,,HHZ,1,93.0,,272.0,,16.0454
nc73640800,NC,MEM,,EHZ,-1,120.0,,319.3,,5.6809
nc73640800,NC,MGPB,,EHZ,-1,172.0,,253.1,,0.4813
nc73640800,NC,MINS,,HHZ,1,93.0,,281.6,,14.7111
nc73640800,NC,MLC,,EHZ,-1,149.0,,222.5,,2.2962
nc73640800,NC,MLH,,EHZ,1,105.0,,51.9,,9.2514
nc73640800,NC,MLI,,HHZ,1,101.0,,275.7,,10.6658
nc73640800,NC,MMP,,EHZ,1,97.0,,260.4,,11.7311
nc73640825,NC,MCO,,EHZ,1,138.0,,100.7,,3.3136
nc73640825,NC,MEM,,EHZ,-1,118.0,,322.7,,5.8044
nc73640825,CI,MLAC,,HHZ,1,119.0,,83.6,,5.6665
nc73640825,NC,MDH,,HNZ,1,116.0,,352.7,,6.1847
nc73640825,NC,MCV,,EHZ,-1,111.0,,121.6,,7.3244
nc73640825,NC,MMP,,EHZ,-1,97.0,,261.8,,11.4976
nc73640825,NC,MDPB,,HHZ,1,93.0,,273.2,,15.8675
nc73640825,NC,MDC,2.0,EHZ,-1,93.0,,307.2,,15.7007
nc73640825,NC,MCS,,EHZ,1,137.0,,351.2,,3.4115
nc73640825,NC,MDR,2.0,EHZ,1,118.0,,75.1,,5.8411
nc73640825,NC,MGPB,,EHZ,-1,174.0,,303.2,,0.3215
nc73640825,NC,MLC,,EHZ,-1,153.0,,224.7,,1.937
nc73640885,NC,MGPB,,EHZ,1,166.0,,135.5,,1.9626
nc73640885,NC,MCS,,EHZ,1,165.0,,31.9,,2.1216
nc73640885,NC,MLC,,EHZ,-1,159.0,,174.5,,2.9611
nc73640885,NC,MDH,,HNZ,1,149.0,,10.6,,4.6402
nc73640885,NC,MDH1,1.0,DP1,1,149.0,,10.6,,4.6402
nc73640885,NC,MDR,2.0,EHZ,1,135.0,,90.6,,7.2944
nc73640885,NC,MCV,,EHZ,-1,127.0,,124.5,,9.5628
nc73640885,NC,MLH,,EHZ,1,125.0,,64.0,,10.1532
nc73640930,NC,MCV,,EHZ,1,104.0,,42.9,,8.6365
nc73640930,NC,MLC,,EHZ,-1,103.0,,349.0,,8.9301
nc73640930,NC,MCO,,EHZ,-1,100.0,,16.9,,9.9597
nc73640930,CI,MLAC,,HHZ,-1,94.0,,26.0,,11.9979
nc73640930,NC,MMT,,EHZ,1,77.0,,235.2,,30.5786
nc73640930,NC,MTU,2.0,EHZ,-1,74.0,,124.2,,35.5713
nc73641035,NP,1576,10.0,HNZ,1,106.0,,40.2,,13.0988
nc73641035,CI,MLAC,,HHZ,-1,103.0,,3.8,,16.746
nc73641035,NC,MDR,2.0,EHZ,-1,102.0,,3.7,,17.6133
nc73641035,NC,MCS,,EHZ,-1,99.0,,345.6,,20.0929
nc73641035,NC,MQ1P,,EHZ,1,98.0,,314.3,,21.2271
nc73641035,NC,MEM,,EHZ,-1,96.0,,338.9,,22.1945
nc73641035,NC,MDH,,HNZ,-1,95.0,,346.7,,22.8283
nc73641035,NC,MCY,,EHZ,-1,94.0,,318.9,,24.1293
nc73641035,NC,MTU,2.0,EHZ,-1,92.0,,119.1,,28.9218
nc73641035,NC,MDC,2.0,EHZ,-1,91.0,,326.4,,30.7009
nc73641035,NC,MMT,,EHZ,1,91.0,,248.6,,31.457
nc73641035,NC,MRC,,EHZ,1,91.0,,54.3,,37.0946
nc73641035,NC,MFB,,EHZ,1,91.0,,98.5,,37.5728
nc73641035,BK,TOLH,0.0,HHZ,1,86.0,,221.9,,78.9262
nc73641035,NC,MCO,,EHZ,-1,104.0,,355.4,,15.5117
nc73641035,NC,MCV,,EHZ,-1,107.0,,8.1,,12.376
nc73641035,NC,MLC,,EHZ,-1,104.0,,338.3,,15.8342
nc73641035,NC,MLH,,EHZ,1,96.0,,7.7,,22.2835
nc73641035,NC,MMP,,EHZ,-1,97.0,,312.4,,21.4717
nc73641105,NC,MDH,,HNZ,-1,117.0,,353.3,,5.9145
nc73641105,NC,MDH1,1.0,DP1,1,117.0,,353.3,,5.9145
nc73641105,NC,MINS,,HHZ,1,92.0,,282.1,,14.4331
nc73641105,NC,MDC,2.0,EHZ,-1,93.0,,306.7,,15.4672
nc73641105,NC,MMT,,EHZ,-1,73.0,,221.5,,37.1725
nc73641105,CI,MLAC,,HHZ,1,118.0,,86.2,,5.7466
nc73641105,NC,MCO,,EHZ,-1,136.0,,104.6,,3.4704
nc73641105,NC,MCS,,EHZ,-1,140.0,,352.3,,3.1413
nc73641105,NC,MCV,,EHZ,-1,109.0,,122.9,,7.5501
nc73641105,NC,MDPB,,HHZ,1,93.0,,272.3,,15.7563
nc73641105,NC,MDR,2.0,EHZ,1,117.0,,77.8,,5.88
nc73641105,NC,MEM,,EHZ,-1,119.0,,322.0,,5.5364
nc73641105,NC,MLC,,EHZ,-1,151.0,,217.5,,2.0638
nc73641105,NC,MLH,,EHZ,1,103.0,,52.8,,9.5194
nc73641105,NC,MMP,,EHZ,1,97.0,,260.4,,11.4308
nc73641210,NC,MDPB,,HHZ,1,148.0,,347.0,,1.967
nc73641210,NC,MINS,,HHZ,-1,120.0,,15.3,,4.4634
nc73641210,NC,MQ1P,,EHZ,1,118.0,,93.0,,4.6891
nc73641210,NC,MDC,2.0,EHZ,1,95.0,,15.2,,10.8949
nc73641210,NC,MEM,,EHZ,1,90.0,,64.4,,13.1544
nc73641210,NC,MCS,,EHZ,1,87.0,,73.3,,15.5228
nc73641210,NC,MCV,,EHZ,1,82.0,,97.2,,21.8387
nc73641210,NC,MPR,,EHZ,1,69.0,,284.6,,85.4978
nc73641210,NC,MCO,,EHZ,1,84.0,,88.6,,18.6696
nc73641210,NC,MLC,,EHZ,1,89.0,,91.3,,14.0439
nc73641210,NC,MMP,,EHZ,1,123.0,,98.3,,4.072
nc73641460,NC,MMT,,EHZ,1,120.0,,253.2,,13.4879
nc73641460,NC,MMP,,EHZ,1,108.0,,1.2,,22.0388
nc73641460,NC,MDPB,,HHZ,1,105.0,,350.7,,24.8743
nc73641460,NC,MLI,,HHZ,-1,105.0,,3.2,,25.0856
nc73641460,NC,MCY,,EHZ,1,105.0,,0.9,,25.7305
nc73641460,NC,MCV,,EHZ,1,104.0,,42.2,,26.8647
nc73641460,NC,MINS,,HHZ,1,104.0,,354.9,,27.0315
nc73641460,NC,MDY,,HHZ,1,103.0,,4.0,,27.4651
nc73641460,NC,MDC,2.0,EHZ,1,100.0,,358.8,,33.1472
nc73641460,NC,MTU,2.0,EHZ,1,96.0,,98.7,,42.1762
nc73641460,BK,MMI,0.0,HHZ,1,92.0,,271.1,,62.8585
nc73641460,NC,MEM,,EHZ,-1,101.0,,16.3,,29.4889
nc73641460,BK,TOLH,0.0,HHZ,1,92.0,,215.3,,62.7362
nc73641460,BK,HELL,0.0,HHZ,1,89.0,,179.3,,81.1389
nc73641460,BK,BUCR,0.0,HHZ,1,87.0,,286.8,,102.8219
nc73641460,BK,DRDG,0.0,HHZ,1,86.0,,316.0,,117.6442
nc73641460,GM,AE04,1.0,HHZ,1,85.0,,341.8,,125.8727
nc73641460,NN,WAK,,HHZ,1,85.0,,343.9,,126.4286
nc73641460,BK,CMB,0.0,HHZ,1,85.0,,300.6,,137.8817
nc73641460,CI,CGO,,HHZ,-1,84.0,,130.8,,145.443
nc73641855,NC,MCV,,EHZ,1,147.0,,286.8,,4.6379
nc73641855,NC,MLC,,EHZ,1,113.0,,287.6,,12.6317
nc73641855,NC,MQ1P,,EHZ,1,103.0,,280.3,,21.7608
nc73641855,NC,MMP,,EHZ,1,102.0,,279.2,,22.3502
nc73641855,NC,MCY,,EHZ,1,101.0,,288.2,,23.2509
nc73641855,NC,MRC,,EHZ,1,99.0,,65.9,,26.242
nc73641855,NC,MTU,2.0,EHZ,-1,96.0,,142.7,,31.4126
nc73641855,NC,MMT,,EHZ,1,92.0,,237.7,,41.9427
nc73641855,CI,MLAC,,HHZ,-1,132.0,,319.0,,7.6869
nc73641855,NC,MCO,,EHZ,1,128.0,,301.6,,8.7121
nc73641855,NC,MDPB,,HHZ,1,98.0,,282.9,,27.2094
nc73641855,NC,MDR,2.0,EHZ,-1,129.0,,323.0,,8.3474
nc73641855,NC,MLH,,EHZ,-1,118.0,,344.1,,11.6088
nc73641870,NC,MCV,,EHZ,-1,149.0,,294.3,,3.4337
nc73641870,NC,MCO,,EHZ,-1,123.0,,307.2,,7.6702
nc73641870,NC,MLC,,EHZ,1,110.0,,289.9,,11.4197
nc73641870,NC,MCS,,EHZ,1,103.0,,311.2,,13.121
nc73641870,NC,MQ1P,,EHZ,1,95.0,,281.2,,20.4932
nc73641870,NC,MMP,,EHZ,1,94.0,,279.9,,21.0714
nc73641870,NC,MDPB,,HHZ,1,90.0,,283.7,,25.9529
nc73641870,NC,MMT,,EHZ,1,88.0,,236.8,,40.8085
nc73641870,CI,MLAC,,HHZ,-1,127.0,,327.6,,6.9597
nc73641870,NC,MDR,2.0,EHZ,-1,123.0,,331.1,,7.6925
nc73641870,NC,MLH,,EHZ,-1,110.0,,350.5,,11.3864
nc73641875,NP,1576,10.0,HNZ,1,157.0,,99.0,,2.4352
nc73641875,NC,MCV,,EHZ,-1,140.0,,293.6,,4.7325
nc73641875,NC,MCS,,EHZ,-1,102.0,,309.5,,14.3553
nc73641875,NC,MDH,,HNZ,-1,101.0,,316.3,,16.4235
nc73641875,NC,MEM,,EHZ,-1,99.0,,306.4,,17.4798
nc73641875,NC,MDY,,HHZ,-1,90.0,,294.9,,22.5726
nc73641875,NC,MRC,,EHZ,1,90.0,,64.9,,26.5645
nc73641875,NC,MDC,2.0,EHZ,1,90.0,,303.5,,27.6542
nc73641875,NC,MMT,,EHZ,1,88.0,,238.3,,41.5647
nc73641875,BK,MMI,0.0,HHZ,1,86.0,,259.0,,86.9211
nc73641875,CI,MLAC,,HHZ,-1,122.0,,322.2,,8.0505
nc73641875,NC,MCO,,EHZ,-1,118.0,,305.0,,8.9301
nc73641875,NC,MCY,,EHZ,1,90.0,,289.6,,23.3287
nc73641875,NC,MDPB,,HHZ,1,90.0,,284.1,,27.2428
nc73641875,NC,MDR,2.0,EHZ,-1,119.0,,325.7,,8.7377
nc73641875,NC,MLC,,EHZ,1,104.0,,290.1,,12.7096
nc73641875,NC,MLH,,EHZ,-1,104.0,,345.3,,12.1202
nc73641875,NC,MMP,,EHZ,1,90.0,,280.6,,22.3391
nc73641875,NC,MQ1P,,EHZ,1,92.0,,281.8,,21.772
nc73641885,NP,1576,10.0,HNZ,1,161.0,,100.9,,2.314
nc73641885,NC,MCO,,EHZ,-1,123.0,,304.2,,9.0079
nc73641885,NC,MCS,,EHZ,-1,108.0,,308.9,,14.422
nc73641885,NC,MDH,,HNZ,-1,106.0,,315.9,,16.4791
nc73641885,NC,MDH1,1.0,DP1,1,106.0,,315.9,,16.4791
nc73641885,NC,MEM,,EHZ,-1,105.0,,306.0,,17.5577
nc73641885,NC,MQ1P,,EHZ,1,99.0,,281.6,,21.8832
nc73641885,NC,MCY,,EHZ,1,97.0,,289.3,,23.4399
nc73641885,NC,MRC,,EHZ,1,96.0,,64.9,,26.4199
nc73641885,NC,MDC,2.0,EHZ,1,95.0,,303.2,,27.732
nc73641885,BK,MMI,0.0,HHZ,1,87.0,,258.9,,87.0656
nc73641885,CI,MLAC,,HHZ,-1,126.0,,321.2,,8.0894
nc73641885,NC,MCV,,EHZ,-1,143.0,,292.4,,4.8325
nc73641885,NC,MDPB,,HHZ,1,95.0,,283.9,,27.354
nc73641885,NC,MDR,2.0,EHZ,-1,124.0,,324.8,,8.7677
nc73641885,NC,MLC,,EHZ,1,109.0,,289.6,,12.8208
nc73641885,NC,MLH,,EHZ,-1,110.0,,344.6,,12.098
nc73641885,NC,MMP,,EHZ,1,98.0,,280.4,,22.4614
nc73641890,NC,MCV,,EHZ,1,146.0,,288.6,,4.778
nc73641890,CI,MLAC,,HHZ,-1,130.0,,319.4,,7.8848
nc73641890,NC,MCO,,EHZ,1,126.0,,302.3,,8.8845
nc73641890,NC,MLC,,EHZ,1,112.0,,288.2,,12.7763
nc73641890,NC,MQ1P,,EHZ,1,102.0,,280.8,,21.8832
nc73641890,NC,MMP,,EHZ,1,101.0,,279.6,,22.4614
nc73641890,NC,MCY,,EHZ,1,100.0,,288.6,,23.3954
nc73641890,NC,MRC,,EHZ,1,98.0,,65.5,,26.2309
nc73641890,NC,MINS,,HHZ,-1,98.0,,289.1,,26.431
nc73641890,NC,MDC,2.0,EHZ,1,97.0,,302.6,,27.6097
nc73641890,NC,MMT,,EHZ,1,92.0,,238.0,,41.9205
nc73641890,NC,MDPB,,HHZ,1,98.0,,283.3,,27.3428
nc73641890,NC,MDR,2.0,EHZ,-1,127.0,,323.3,,8.5476
nc73641890,NC,MLH,,EHZ,-1,116.0,,344.0,,11.8089
nc73642035,NP,1576,10.0,HNZ,-1,110.0,,94.5,,10.8615
nc73642035,NC,MDH,,HNZ,-1,107.0,,345.5,,11.7422
nc73642035,NC,MDH1,1.0,DP1,1,107.0,,345.5,,11.7422
nc73642035,NC,MMLB,,HHZ,-1,102.0,,314.9,,12.8986
nc73642035,NC,MQ1P,,EHZ,-1,101.0,,287.1,,13.4768
nc73642035,NC,MCY,,EHZ,1,100.0,,298.3,,15.4116
nc73642035,NC,MINS,,HHZ,-1,97.0,,297.5,,18.4584
nc73642035,NC,MDC,2.0,EHZ,-1,94.0,,315.2,,20.7823
nc73642035,NC,MRC,,EHZ,1,83.0,,71.6,,34.2258
nc73642035,NC,MTU,2.0,EHZ,-1,82.0,,132.1,,37.1725
nc73642035,BK,MMI,0.0,HHZ,1,82.0,,257.4,,78.7705
nc73642035,NC,MMI,,EHZ,1,82.0,,257.4,,78.7705
nc73642035,NC,MPR,,EHZ,1,81.0,,284.5,,103.567
nc73642035,NC,MHD,,EHZ,1,81.0,,240.7,,103.8005
nc73642035,CI,MLAC,,HHZ,1,125.0,,30.5,,6.8162
nc73642035,NC,MCO,,EHZ,1,138.0,,13.2,,4.7514
nc73642035,NC,MCS,,EHZ,-1,116.0,,342.7,,9.0168
nc73642035,NC,MCV,,EHZ,-1,141.0,,70.9,,4.3199
nc73642035,NC,MDPB,,HHZ,-1,97.0,,288.8,,19.0255
nc73642035,NC,MDR,2.0,EHZ,1,122.0,,27.3,,7.5779
nc73642035,NC,MEM,,EHZ,-1,108.0,,330.1,,11.3752
nc73642035,NC,MLC,,EHZ,-1,134.0,,317.7,,5.2295
nc73642035,NC,MLH,,EHZ,1,102.0,,25.3,,12.4316
nc73642035,NC,MMP,,EHZ,1,101.0,,285.0,,14.0106
nc73642045,NC,MCV,,EHZ,1,168.0,,257.5,,1.1853
nc73642045,CI,MLAC,,HHZ,-1,139.0,,337.2,,4.5601
nc73642045,NP,1576,10.0,HNZ,-1,130.0,,114.4,,6.1302
nc73642045,NC,MLC,,EHZ,1,116.0,,284.1,,9.039
nc73642045,NC,MCS,,EHZ,-1,111.0,,311.4,,10.5357
nc73642045,NC,MQ1P,,EHZ,-1,98.0,,277.2,,18.2693
nc73642045,NC,MMP,,EHZ,1,97.0,,276.0,,18.8809
nc73642045,NC,MINS,,HHZ,1,90.0,,287.6,,22.6726
nc73642045,NC,MDPB,,HHZ,1,90.0,,280.9,,23.6734
nc73642045,NC,MDC,2.0,EHZ,1,90.0,,303.3,,23.818
nc73642045,NC,MTU,2.0,EHZ,-1,84.0,,139.9,,34.7039
nc73642045,NC,MCO,,EHZ,-1,136.0,,305.6,,5.0938
nc73642045,NC,MDR,2.0,EHZ,-1,134.0,,341.0,,5.3596
nc73642045,NC,MLH,,EHZ,-1,114.0,,0.5,,9.5705
nc73642105,NC,MGPB,,EHZ,1,156.0,,185.5,,2.3518
nc73642105,NC,MLC,,EHZ,-1,141.0,,198.7,,4.1087
nc73642105,NC,MDR,2.0,EHZ,1,130.0,,100.2,,5.781
nc73642105,NC,MLH,,EHZ,1,117.0,,65.1,,8.2996
nc73642105,NC,MDPB,,HHZ,1,99.0,,264.1,,15.8898
nc73642110,NC,MLC,,EHZ,-1,147.0,,206.8,,3.4715
nc73642110,NC,MCO,,EHZ,-1,144.0,,127.5,,3.8396
nc73642110,NC,MDR,2.0,EHZ,1,132.0,,92.4,,5.4441
nc73642110,CI,MLAC,,HHZ,-1,132.0,,101.4,,5.5331
nc73642110,NC,MCV,,EHZ,-1,118.0,,132.7,,8.1995
nc73642110,NC,MLH,,EHZ,1,117.0,,59.4,,8.4475
nc73642110,NC,MQ1P,,EHZ,-1,108.0,,254.5,,11.3419
nc73642110,NC,MINS,,HHZ,1,100.0,,276.1,,14.5109
nc73642110,NC,MDC,2.0,EHZ,-1,100.0,,301.4,,14.9001
nc73642110,NC,MDPB,,HHZ,1,99.0,,267.0,,16.0788
nc73642125,NC,MDR,2.0,EHZ,-1,128.0,,273.7,,8.731
nc73642125,CI,MLAC,,HHZ,1,128.0,,268.0,,8.7355
nc73642125,NC,MCV,,EHZ,1,126.0,,239.5,,9.416
nc73642125,NC,MCO,,EHZ,1,120.0,,262.0,,11.2084
nc73642125,NC,MLC,,EHZ,1,111.0,,261.6,,15.9009
nc73642215,CI,MLAC,,HHZ,-1,169.0,,311.3,,1.3544
nc73642215,NC,MCV,,EHZ,1,153.0,,186.5,,3.5905
nc73642215,NC,MGPB,,EHZ,-1,135.0,,273.6,,6.9341
nc73642215,NP,1576,10.0,HNZ,1,127.0,,132.8,,8.6143
nc73642215,NC,MDH,,HNZ,-1,123.0,,310.8,,9.8107
nc73642215,NC,MDH1,1.0,DP1,1,123.0,,310.8,,9.8107
nc73642215,NC,MEM,,EHZ,-1,118.0,,295.7,,11.2752
nc73642215,NC,MQ1P,,EHZ,1,108.0,,266.6,,17.4131
nc73642215,NC,MMP,,EHZ,1,107.0,,265.7,,18.0803
nc73642215,NC,MCY,,EHZ,1,107.0,,277.4,,18.2137
nc73642215,NC,MINS,,HHZ,-1,103.0,,279.7,,21.1604
nc73642215,NC,MDC,2.0,EHZ,-1,102.0,,297.0,,21.5051
nc73642215,NC,MDPB,,HHZ,1,101.0,,272.9,,22.5281
nc73642215,NC,MRC,,EHZ,1,97.0,,78.3,,28.5993
nc73642215,NC,MTU,2.0,EHZ,-1,93.0,,142.3,,37.7507
nc73642215,NC,MMT,,EHZ,1,92.0,,229.0,,41.6203
nc73642215,BK,MMI,0.0,HHZ,1,87.0,,254.8,,84.3302
nc73642215,NC,MCO,,EHZ,-1,155.0,,264.1,,3.4137
nc73642215,NC,MCS,,EHZ,-1,130.0,,297.0,,8.0394
nc73642215,NC,MDR,2.0,EHZ,-1,164.0,,330.3,,2.0204
nc73642215,NC,MLC,,EHZ,-1,130.0,,262.1,,8.0928
nc73642215,NC,MLH,,EHZ,1,138.0,,7.6,,6.3148
nc73642310,NC,MDPB,,HHZ,1,146.0,,335.5,,1.9459
nc73642310,NC,MMP,,EHZ,1,122.0,,101.4,,3.735
nc73642310,NC,MINS,,HHZ,-1,118.0,,11.1,,4.2343
nc73642310,NC,MQ1P,,EHZ,1,118.0,,95.2,,4.3322
nc73642310,NC,MCY,,EHZ,-1,115.0,,50.7,,4.6724
nc73642310,NC,MLI,,HHZ,-1,111.0,,63.7,,5.1405
nc73642310,NC,MDY,,HHZ,1,102.0,,47.7,,6.903
nc73642310,NC,MDC,2.0,EHZ,1,93.0,,13.5,,10.6591
nc73642310,NC,MLC,,EHZ,1,89.0,,91.9,,13.6881
nc73642310,NC,MCO,,EHZ,1,83.0,,89.0,,18.3027
nc73642595,NP,1576,10.0,HNZ,1,164.0,,220.9,,2.6865
nc73642595,NC,MCV,,EHZ,1,138.0,,271.7,,8.5075
nc73642595,CI,MLAC,,HHZ,-1,132.0,,297.4,,10.2555
nc73642595,NC,MDR,2.0,EHZ,-1,131.0,,301.6,,10.6658
nc73642595,NC,MCO,,EHZ,1,124.0,,286.9,,11.9979
nc73642595,NC,MLH,,EHZ,-1,123.0,,324.4,,12.4094
nc73642595,NC,MGPB,,EHZ,1,119.0,,285.9,,15.6006
nc73642595,NC,MLC,,EHZ,1,118.0,,279.6,,16.3345
nc73642595,NC,MCS,,EHZ,1,118.0,,296.1,,16.9906
nc73642595,NC,MDH,,HNZ,-1,115.0,,303.5,,18.5918
nc73642595,NC,MDH1,,DP1,1,115.0,,303.5,,18.5918
nc73642595,NC,MEM,,EHZ,1,113.0,,295.6,,20.2264
nc73642595,NC,MRC,,EHZ,1,110.0,,64.3,,22.0944
nc73642595,NC,MMLB,,HHZ,1,109.0,,290.1,,23.1397
nc73642595,NC,MQ1P,,EHZ,1,107.0,,276.3,,25.6304
nc73642595,NC,MLI,,HHZ,1,106.0,,282.3,,25.7527
nc73642595,NC,MDY,,HHZ,1,106.0,,287.7,,25.8639
nc73642595,NC,MCD,,EHZ,1,106.0,,99.7,,25.9529
nc73642595,NC,MMP,,EHZ,1,106.0,,275.4,,26.242
nc73642595,NC,MCY,,EHZ,1,105.0,,283.3,,26.8647
nc73642595,NC,MINS,,HHZ,1,103.0,,284.3,,29.8781
nc73642595,NC,MTU,2.0,EHZ,-1,103.0,,150.1,,30.056
nc73642595,NC,MDC,2.0,EHZ,1,102.0,,296.6,,30.4452
nc73642595,NC,MDPB,,HHZ,1,102.0,,279.3,,30.99
nc73642595,NC,MFB,,EHZ,1,102.0,,123.2,,32.1242
nc73642595,NP,1679,10.0,HNZ,1,101.0,,101.6,,32.9693
nc73642595,NP,1587,10.0,HNZ,1,97.0,,90.5,,43.8108
nc73642595,NC,MMT,,EHZ,1,96.0,,239.3,,45.9902
nc73642595,BK,OVRO,0.0,HHZ,-1,93.0,,134.9,,56.1979
nc73642595,NP,2021,10.0,HNZ,-1,93.0,,39.9,,56.4981
nc73642595,CI,TIN,,HHZ,-1,91.0,,143.0,,74.1225
nc73642595,NN,LHV,,HHZ,-1,90.0,,15.1,,76.3353
nc73642595,BK,MMI,0.0,HHZ,1,88.0,,258.5,,91.3244
nc73642595,BK,TOLH,0.0,HHZ,1,88.0,,221.7,,94.7158
nc73642595,NP,1808,10.0,HNZ,-1,88.0,,151.7,,99.0747
nc73642595,BK,HELL,0.0,HHZ,-1,87.0,,194.4,,103.9895
nc73642595,NN,SJC,,EHZ,-1,87.0,,324.0,,104.9013
nc73642595,GS,MCA04,0.0,HHZ,1,87.0,,58.5,,105.2571
nc73642595,GM,AE05,1.0,HHZ,-1,87.0,,339.1,,112.0845
nc73642595,NN,WAK,,HHZ,-1,86.0,,329.0,,119.0898
nc73642595,GM,AE04,1.0,HHZ,-1,86.0,,326.8,,119.7569
nc73642595,GM,AE03,1.0,HHZ,-1,86.0,,327.0,,122.092
nc73642595,BK,BUCR,0.0,HHZ,1,86.0,,274.8,,125.4279
nc73642595,BK,DRDG,0.0,HHZ,1,86.0,,301.1,,126.4286
nc73642595,GM,AE02,1.0,HHZ,-1,86.0,,325.5,,126.9846
nc73642595,BK,KARE,0.0,HHZ,1,86.0,,212.1,,129.5421
nc73642595,GM,AE01,1.0,HHZ,-1,85.0,,328.4,,130.5428
nc73642595,BK,LEGD,0.0,HHZ,1,85.0,,252.1,,132.0996
nc73642595,NC,MGS,1.0,EHZ,1,85.0,,232.7,,132.8779
nc73642595,CI,CWC,,HHZ,-1,85.0,,155.4,,139.9944
nc73642595,BK,LIND,0.0,HHZ,-1,85.0,,191.9,,139.9944
nc73642595,CI,CGO,,HHZ,-1,85.0,,144.1,,141.7735
nc73642595,LB,TPH,1.0,HHZ,1,84.0,,67.3,,143.5527
nc73642595,BK,CMB,0.0,HHZ,1,84.0,,289.4,,153.8938
nc73642595,BK,MERC,0.0,HHZ,1,84.0,,262.3,,154.3386
nc73642595,CI,SPG2,,HHZ,-1,84.0,,181.1,,154.005
nc73642595,BK,BLUE,0.0,HHZ,-1,83.0,,300.9,,166.1252
nc73642595,CI,POR,,HHZ,-1,83.0,,188.4,,166.4588
nc73642595,CI,DAW,,HHZ,1,82.0,,144.9,,178.0231
nc73642595,CI,WMF,,HHZ,-1,82.0,,154.2,,181.0253
nc73642595,BK,WSRE,0.0,HHZ,1,82.0,,221.9,,185.8067
nc73642595,CI,VES,,HHZ,-1,89.0,,189.3,,196.3702
nc73642595,BK,WELL,0.0,HHZ,1,76.0,,299.1,,198.7053
nc73642595,NC,PDRB,1.0,EHZ,1,65.0,,226.7,,201.4852
nc73642595,CI,WAS2,,HHZ,-1,55.0,,175.6,,205.933
nc73642595,CI,WOR,,HHZ,-1,49.0,,168.1,,214.495
nc73642595,CI,ISA,,HHZ,-1,49.0,,173.8,,214.9398
nc73642595,NC,HSL,2.0,EHZ,1,49.0,,253.8,,217.9421
nc73642595,NC,PCE,1.0,EHZ,1,49.0,,219.0,,223.2794
nc73642595,NC,BBGB,,HHZ,1,49.0,,242.0,,233.7317
nc73642605,CI,MLAC,,HHZ,-1,131.0,,299.2,,10.34
nc73642605,NC,MCO,,EHZ,-1,123.0,,288.4,,12.0202
nc73642605,NC,MGPB,,EHZ,1,119.0,,287.1,,15.6229
nc73642605,NC,MLC,,EHZ,-1,118.0,,280.7,,16.3234
nc73642605,NC,MCS,,EHZ,-1,117.0,,297.2,,17.0573
nc73642605,NC,MDH1,1.0,DP1,1,115.0,,304.4,,18.703
nc73642605,NC,MEM,,EHZ,-1,112.0,,296.5,,20.3042
nc73642605,NC,MRC,,EHZ,1,109.0,,63.6,,22.2946
nc73642605,NC,MMLB,,HHZ,-1,108.0,,290.9,,23.173
nc73642605,NC,MQ1P,,EHZ,1,106.0,,277.0,,25.586
nc73642605,NC,MCD,,EHZ,-1,106.0,,99.0,,25.9751
nc73642605,NC,MMP,,EHZ,1,106.0,,276.1,,26.1975
nc73642605,NC,MCY,,EHZ,-1,105.0,,284.0,,26.8758
nc73642605,NC,MINS,,HHZ,-1,102.0,,285.0,,29.8892
nc73642605,NC,MTU,2.0,EHZ,-1,103.0,,149.7,,29.8225
nc73642605,NC,MDC,2.0,EHZ,-1,102.0,,297.2,,30.523
nc73642605,NC,MDPB,,HHZ,-1,102.0,,279.9,,30.9789
nc73642605,NC,MMT,,EHZ,1,96.0,,239.6,,45.7567
nc73642605,BK,MMI,0.0,HHZ,1,88.0,,258.6,,91.191
nc73642605,NC,MCV,,EHZ,1,138.0,,273.8,,8.4486
nc73642605,NC,MDR,2.0,EHZ,-1,130.0,,303.2,,10.7715
nc73642605,NC,MLH,,EHZ,-1,122.0,,325.5,,12.6206
nc73642620,NC,MCV,,EHZ,1,146.0,,271.7,,6.9908
nc73642620,NC,MDR,2.0,EHZ,1,137.0,,306.2,,9.3837
nc73642620,NC,MLH,,EHZ,-1,131.0,,330.4,,11.5532
nc73642620,NC,MLC,,EHZ,1,123.0,,280.4,,14.8334
nc73642670,NC,MCV,,EHZ,1,141.0,,271.4,,8.4775
nc73642670,CI,MLAC,,HHZ,1,135.0,,297.3,,10.2133
nc73642670,NC,MDR,2.0,EHZ,1,134.0,,301.5,,10.6213
nc73642670,NC,MGPB,,EHZ,1,122.0,,285.8,,15.5673
nc73642670,NC,MDH1,1.0,DP1,-1,118.0,,303.4,,18.5473
nc73642670,NC,MRC,,EHZ,1,112.0,,64.4,,22.1056
nc73642670,NC,MQ1P,,EHZ,1,109.0,,276.2,,25.5971
nc73642670,NC,MMP,,EHZ,1,108.0,,275.3,,26.2086
nc73642670,NC,MCY,,EHZ,1,108.0,,283.2,,26.8313
nc73642670,NC,MDPB,,HHZ,1,104.0,,279.2,,30.9567
nc73642670,NC,MMT,,EHZ,1,97.0,,239.2,,45.9791
nc73642670,BK,MMI,0.0,HHZ,1,89.0,,258.4,,91.3022
nc73642670,NC,MCO,,EHZ,1,130.0,,286.7,,11.9646
nc73642670,NC,MLC,,EHZ,1,121.0,,279.5,,16.3012
nc73642670,NC,MLH,,EHZ,-1,126.0,,324.4,,12.3649
nc73642690,NC,MGPB,,EHZ,1,158.0,,110.0,,2.4685
nc73642690,NC,MLC,,EHZ,-1,157.0,,153.0,,2.6887
nc73642690,NC,MCS,,EHZ,1,153.0,,41.1,,3.1324
nc73642690,NC,MEM,,EHZ,1,149.0,,345.5,,3.7139
nc73642690,NC,MDH,,HNZ,1,138.0,,19.3,,5.4219
nc73642690,NC,MDH1,,DP1,-1,138.0,,19.3,,5.4219
nc73642690,NC,MCO,,EHZ,-1,134.0,,105.6,,6.069
nc73642690,NC,MCV,,EHZ,-1,117.0,,118.8,,10.0765
nc73642690,NC,MLH,,EHZ,1,113.0,,63.6,,11.2418
nc73642710,NC,MCV,,EHZ,-1,140.0,,255.4,,6.1558
nc73642710,NC,MDR,2.0,EHZ,-1,133.0,,300.0,,7.559
nc73642710,NC,MCO,,EHZ,-1,127.0,,280.6,,9.098
nc73642710,NC,MLH,,EHZ,-1,125.0,,330.5,,9.5194
nc73642710,NC,MLC,,EHZ,1,113.0,,273.9,,13.5991
nc73642715,NC,MCV,,EHZ,1,141.0,,270.7,,7.7536
nc73642715,CI,MLAC,,HHZ,-1,135.0,,298.7,,9.5238
nc73642715,NC,MDR,2.0,EHZ,-1,133.0,,303.1,,9.9508
nc73642715,NC,MCO,,EHZ,1,129.0,,287.2,,11.2418
nc73642715,NC,MGPB,,EHZ,-1,121.0,,286.1,,14.8445
nc73642715,NC,MLC,,EHZ,1,120.0,,279.5,,15.5673
nc73642715,NC,MDH1,1.0,DP1,-1,117.0,,304.4,,17.8801
nc73642715,NC,MRC,,EHZ,1,109.0,,65.4,,22.706
nc73642715,NC,MQ1P,,EHZ,1,108.0,,276.2,,24.8632
nc73642715,NC,MDPB,,HHZ,1,103.0,,279.2,,30.2339
nc73642715,NC,MMT,,EHZ,1,96.0,,238.6,,45.412
nc73642715,NC,MLH,,EHZ,-1,128.0,,326.9,,11.8645
nc73642820,NC,MCV,,EHZ,-1,165.0,,203.7,,1.3721
nc73642820,CI,MLAC,,HHZ,1,146.0,,340.1,,3.4092
nc73642820,NC,MCO,,EHZ,-1,140.0,,299.1,,4.0486
nc73642820,NC,MDR,2.0,EHZ,1,139.0,,344.3,,4.2254
nc73642820,NP,1576,10.0,HNZ,-1,121.0,,119.8,,7.122
nc73642820,NC,MLC,,EHZ,1,116.0,,278.4,,8.2518
nc73642820,NC,MLH,,EHZ,1,115.0,,4.6,,8.5998
nc73642820,NC,MCS,,EHZ,-1,112.0,,309.2,,9.4293
nc73642820,NC,MDH,,HNZ,-1,105.0,,319.1,,11.5532
nc73642820,NC,MDH1,,DP1,1,105.0,,319.1,,11.5532
nc73642820,NC,MEM,,EHZ,-1,100.0,,305.0,,12.5761
nc73642820,NC,MMP,,EHZ,1,97.0,,273.0,,18.2026
nc73642820,NC,MCY,,EHZ,-1,96.0,,284.3,,18.7919
nc73642820,NC,MDPB,,HHZ,1,92.0,,278.7,,22.9062
nc73642820,NC,MMT,,EHZ,1,79.0,,231.6,,40.2637
nc73642940,NP,1576,10.0,HNZ,1,165.0,,226.0,,2.5486
nc73642940,NC,MCV,,EHZ,1,138.0,,273.4,,8.5931
nc73642940,CI,MLAC,,HHZ,-1,132.0,,298.5,,10.4423
nc73642940,NC,MDR,2.0,EHZ,1,130.0,,302.5,,10.8649
nc73642940,NC,MCO,,EHZ,1,124.0,,287.9,,12.1425
nc73642940,NC,MLH,,EHZ,-1,123.0,,324.8,,12.6651
nc73642940,NC,MGPB,,EHZ,1,120.0,,286.7,,15.7452
nc73642940,NC,MLC,,EHZ,1,119.0,,280.4,,16.4568
nc73642940,NC,MCS,,EHZ,-1,118.0,,296.8,,17.1685
nc73642940,NC,MDH,,HNZ,-1,115.0,,304.0,,18.7919
nc73642940,NC,MDH1,,DP1,1,115.0,,304.0,,18.7919
nc73642940,NC,MEM,,EHZ,1,113.0,,296.1,,20.4043
nc73642940,NC,MRC,,EHZ,1,110.0,,63.6,,22.1389
nc73642940,NC,MMLB,,HHZ,1,109.0,,290.7,,23.2953
nc73642940,NC,MLM,,EHZ,-1,108.0,,310.0,,24.6964
nc73642940,NC,MQ1P,,EHZ,1,107.0,,276.9,,25.7305
nc73642940,NC,MCD,,EHZ,1,107.0,,99.2,,25.8417
nc73642940,NC,MLI,,HHZ,1,107.0,,282.8,,25.8751
nc73642940,NC,MDY,,HHZ,1,107.0,,288.2,,26.0085
nc73642940,NC,MMP,,EHZ,1,106.0,,276.0,,26.3421
nc73642940,NC,MCY,,EHZ,1,106.0,,283.8,,26.9981
nc73642940,NC,MTU,2.0,EHZ,-1,103.0,,150.0,,29.8002
nc73642940,NC,MINS,,HHZ,1,103.0,,284.8,,30.0115
nc73642940,NC,MDC,2.0,EHZ,1,103.0,,296.9,,30.6231
nc73642940,NC,MDPB,,HHZ,1,102.0,,279.8,,31.1123
nc73642940,NC,MFB,,EHZ,1,102.0,,122.9,,31.9241
nc73642940,NP,1679,10.0,HNZ,1,102.0,,101.2,,32.847
nc73642940,NP,1587,10.0,HNZ,1,97.0,,90.1,,43.733
nc73642940,NC,MMT,,EHZ,1,96.0,,239.6,,45.9124
nc73642940,BK,OVRO,0.0,HHZ,-1,94.0,,134.7,,55.9644
nc73642940,CI,TIN,,HHZ,-1,91.0,,142.9,,73.8668
nc73642940,NN,LHV,,HHZ,-1,90.0,,15.0,,76.5577
nc73642940,BK,MMI,0.0,HHZ,1,88.0,,258.6,,91.3466
nc73642940,NC,MMI,,EHZ,1,88.0,,258.6,,91.3466
nc73642940,NN,MC02,,HNZ,1,88.0,,47.5,,91.6469
nc73642940,BK,TOLH,0.0,HHZ,1,88.0,,221.8,,94.5713
nc73642940,NP,1808,10.0,HNZ,-1,88.0,,151.6,,98.8189
nc73642940,BK,HELL,0.0,HHZ,-1,87.0,,194.5,,103.756
nc73642940,NN,SJC,,EHZ,-1,87.0,,324.1,,105.157
nc73642940,GS,MCA04,0.0,HHZ,1,87.0,,58.4,,105.3238
nc73642940,GM,AE05,1.0,HHZ,-1,87.0,,339.1,,112.3069
nc73642940,NC,MHD,,EHZ,1,87.0,,243.5,,115.4203
nc73642940,NC,MPR,,EHZ,1,87.0,,282.6,,115.6427
nc73642940,NC,MBUB,1.0,HNZ,1,86.0,,269.0,,118.7562
nc73642940,NN,WAK,,HHZ,-1,86.0,,329.0,,119.3122
nc73642940,GM,AE04,1.0,HHZ,-1,86.0,,326.9,,119.9793
nc73642940,BK,BUCR,0.0,HHZ,1,86.0,,274.9,,125.5391
nc73642940,BK,DRDG,0.0,HHZ,1,86.0,,301.2,,126.651
nc73642940,BK,LEGD,0.0,HHZ,1,85.0,,252.2,,132.0996
nc73642940,NC,MGS,1.0,EHZ,1,85.0,,232.8,,132.8779
nc73642940,CI,CWC,,HHZ,-1,85.0,,155.4,,139.772
nc73642940,BK,LIND,0.0,HHZ,-1,85.0,,192.0,,139.772
nc73642940,CI,CGO,,HHZ,1,85.0,,144.1,,141.5511
nc73642940,LB,TPH,1.0,HHZ,1,85.0,,67.2,,143.5527
nc73642940,BK,MERC,0.0,HHZ,1,84.0,,262.4,,154.3386
nc73642940,CI,SPG2,,HHZ,-1,84.0,,181.1,,153.7826
nc73642940,CI,VES,,HHZ,-1,89.0,,189.3,,196.1479
nc73642940,NC,PDRB,1.0,EHZ,1,65.0,,226.8,,201.374
nc73642940,CI,MPM,,HHZ,-1,61.0,,146.5,,202.5972
nc73642940,NC,HSL,2.0,EHZ,1,49.0,,253.9,,217.9421
nc73642940,NC,PJC,1.0,EHZ,1,49.0,,221.9,,220.7219
nc73642940,NN,MPK,,HHZ,-1,49.0,,329.5,,221.1667
nc73642940,NC,PCE,1.0,EHZ,1,49.0,,219.0,,223.057
nc73642940,NC,CDG,1.0,EHZ,1,49.0,,265.1,,226.7265
nc73642940,CI,SRT,,HHZ,1,49.0,,157.1,,227.7272
nc73642950,NC,MLC,,EHZ,1,124.0,,275.7,,16.2678
nc73642950,NC,MTU,2.0,EHZ,1,106.0,,151.2,,30.9789
nc73642950,NC,MLH,,EHZ,-1,133.0,,320.9,,11.5865
nc73642950,NC,MCD,,EHZ,1,110.0,,102.1,,26.0863
nc73642960,NC,MCV,,EHZ,1,140.0,,272.6,,8.4386
nc73642960,NC,MDR,2.0,EHZ,1,133.0,,302.4,,10.6714
nc73642960,NC,MLH,,EHZ,-1,125.0,,325.0,,12.4761
nc73642960,NC,MLC,,EHZ,1,121.0,,280.1,,16.2901
nc73642960,NC,MTU,2.0,EHZ,-1,104.0,,149.9,,29.9893
nc73642960,NC,MMT,,EHZ,1,97.0,,239.4,,45.8568
nc73642990,NC,MCV,,EHZ,1,145.0,,259.4,,5.4308
nc73642990,NC,MLC,,EHZ,1,116.0,,276.5,,13.032
nc73643055,CI,MLAC,,HHZ,1,141.0,,350.1,,3.6839
nc73643055,NC,MCO,,EHZ,-1,140.0,,308.5,,3.8429
nc73643055,NP,1576,10.0,HNZ,-1,118.0,,114.8,,7.3989
nc73643055,NC,MLC,,EHZ,-1,116.0,,282.1,,7.8048
nc73643055,NC,MLH,,EHZ,1,111.0,,7.7,,9.0802
nc73643055,NC,MCS,,EHZ,-1,111.0,,313.3,,9.3104
nc73643055,NC,MDH1,1.0,DP1,1,104.0,,322.4,,11.542
nc73643055,NC,MEM,,EHZ,-1,98.0,,308.0,,12.3982
nc73643055,NC,MMP,,EHZ,-1,96.0,,274.5,,17.7022
nc73643055,NC,MDPB,,HHZ,-1,86.0,,280.0,,22.4503
nc73643055,NC,MDC,2.0,EHZ,1,86.0,,303.7,,22.5503
nc73643055,NC,MTU,2.0,EHZ,-1,78.0,,139.1,,35.8826
nc73643055,NC,MCV,,EHZ,-1,170.0,,181.7,,0.8298
nc73643055,NC,MDR,2.0,EHZ,1,135.0,,352.2,,4.5334
nc73643465,NC,MCV,,EHZ,-1,128.0,,337.2,,11.5976
nc73643465,NC,MCO,,EHZ,-1,120.0,,331.7,,15.7897
nc73643465,CI,MLAC,,HHZ,1,119.0,,341.4,,15.9787
nc73643465,NC,MDR,2.0,EHZ,-1,118.0,,342.4,,16.7904
nc73643465,NC,MLC,,EHZ,-1,117.0,,317.4,,17.8801
nc73643465,NC,MMT,,EHZ,1,99.0,,249.8,,37.873
nc73643485,NP,1576,10.0,HNZ,-1,166.0,,229.6,,2.5619
nc73643485,NC,MCS,,EHZ,-1,118.0,,297.0,,17.3242
nc73643485,NC,MDH,,HNZ,-1,116.0,,304.1,,18.9476
nc73643485,NC,MDH1,1.0,DP1,1,116.0,,304.1,,18.9476
nc73643485,NC,MEM,,EHZ,1,113.0,,296.3,,20.5599
nc73643485,NC,MMLB,,HHZ,-1,109.0,,290.8,,23.4399
nc73643485,NC,MQ1P,,EHZ,1,107.0,,277.1,,25.8639
nc73643485,NC,MDY,,HHZ,-1,107.0,,288.3,,26.1642
nc73643485,NC,MCY,,EHZ,1,106.0,,284.0,,27.1427
nc73643485,NC,MINS,,HHZ,1,103.0,,284.9,,30.1561
nc73643485,NC,MDC,2.0,EHZ,1,103.0,,297.0,,30.7788
nc73643485,NC,MMT,,EHZ,1,97.0,,239.8,,45.968
nc73643485,BK,OVRO,0.0,HHZ,1,94.0,,134.7,,55.7976
nc73643485,NN,LHV,,HHZ,-1,90.0,,14.9,,76.6355
nc73643485,BK,MMI,0.0,HHZ,1,89.0,,258.7,,91.4467
nc73643485,BK,TOLH,0.0,HHZ,-1,88.0,,221.9,,94.5602
nc73643485,BK,LEGD,0.0,HHZ,1,86.0,,252.2,,132.2108
nc73643485,CI,CWC,,HHZ,1,85.0,,155.4,,139.6608
nc73643485,CI,SPG2,,HHZ,-1,84.0,,181.2,,153.6714
nc73643485,BK,MERC,0.0,HHZ,-1,84.0,,262.4,,154.4498
nc73643485,CI,POR,,HHZ,1,83.0,,188.5,,166.1252
nc73643485,NC,BMS,,EHZ,-1,50.0,,241.4,,209.8248
nc73643485,BK,HELL,0.0,HHZ,-1,88.0,,194.5,,103.6781
nc73643485,BK,LIND,0.0,HHZ,-1,85.0,,192.0,,139.772
nc73643485,CI,MLAC,,HHZ,-1,132.0,,298.7,,10.5991
nc73643485,NC,MCO,,EHZ,1,124.0,,288.3,,12.2982
nc73643485,NC,MCV,,EHZ,1,138.0,,274.1,,8.7177
nc73643485,NC,MDPB,,HHZ,1,103.0,,279.9,,31.2458
nc73643485,NC,MDR,2.0,EHZ,-1,131.0,,302.7,,11.0239
nc73643485,NC,MLC,,EHZ,1,119.0,,280.7,,16.5903
nc73643485,NC,MLH,,EHZ,-1,124.0,,324.7,,12.8208
nc73643485,NC,MLM,,EHZ,-1,108.0,,310.0,,24.8632
nc73643485,NC,MMP,,EHZ,1,107.0,,276.2,,26.4755
nc73643485,NC,MRC,,EHZ,1,111.0,,63.2,,22.0833
nc73643640,NC,MDR,2.0,EHZ,-1,122.0,,313.3,,10.8159
nc73643640,NC,MCO,,EHZ,-1,120.0,,297.4,,11.5643
nc73643640,NC,MLC,,EHZ,1,112.0,,287.0,,15.5784
nc73643640,NC,MQ1P,,EHZ,-1,101.0,,280.9,,24.7075
nc73643640,NC,MTU,2.0,EHZ,1,98.0,,146.3,,29.1442
nc73643640,NC,MDC,2.0,EHZ,-1,97.0,,300.7,,30.2561
nc73643705,NC,MCV,,EHZ,1,123.0,,354.8,,9.496
nc73643705,NC,MCO,,EHZ,-1,111.0,,343.2,,13.2433
nc73643705,NC,MLC,,EHZ,-1,109.0,,324.7,,14.6221
nc73643705,NC,MGPB,,EHZ,-1,109.0,,331.4,,15.3449
nc73643705,NC,MEM,,EHZ,1,102.0,,329.4,,20.8157
nc73643705,NC,MDPB,,HHZ,1,97.0,,301.8,,26.9759
nc73643705,NC,MTU,2.0,EHZ,-1,96.0,,126.6,,28.2324
nc73643705,NC,MMT,,EHZ,1,93.0,,245.9,,34.9486
nc73643715,NC,MCV,,EHZ,1,138.0,,274.4,,7.9983
nc73643715,NC,MRC,,EHZ,-1,108.0,,64.0,,22.7282
nc73643715,NC,MDPB,,HHZ,1,101.0,,280.1,,30.5341
nc73643715,NC,MMT,,EHZ,1,95.0,,239.3,,45.3453
nc73643740,NC,MCV,,EHZ,1,99.0,,14.6,,11.1751
nc73643740,NC,MCO,,EHZ,1,92.0,,359.4,,14.0217
nc73643740,NC,MLC,,EHZ,-1,92.0,,340.3,,14.0995
nc73643740,NC,MMP,,EHZ,-1,84.0,,311.4,,19.6926
nc73643940,NP,1576,10.0,HNZ,-1,119.0,,116.3,,7.3911
nc73643940,NC,MLC,,EHZ,-1,117.0,,280.7,,7.8593
nc73643940,NC,MDH,,HNZ,-1,105.0,,321.6,,11.4642
nc73643940,NC,MDH1,1.0,DP1,1,105.0,,321.6,,11.4642
nc73643940,NC,MMLB,,HHZ,-1,98.0,,296.7,,14.9224
nc73643940,NC,MDY,,HHZ,-1,96.0,,292.1,,17.5466
nc73643940,NC,MINS,,HHZ,-1,85.0,,286.6,,21.4606
nc73643940,NC,MDC,2.0,EHZ,-1,86.0,,303.2,,22.5281
nc73643940,NC,MRC,,EHZ,1,81.0,,73.5,,29.5
nc73643940,NC,MTU,2.0,EHZ,-1,78.0,,139.4,,35.9493
nc73643940,NC,MMT,,EHZ,1,78.0,,231.5,,39.7522
nc73643940,BK,MMI,0.0,HHZ,1,78.0,,256.4,,83.4073
nc73643940,CI,MLAC,,HHZ,1,144.0,,348.2,,3.5371
nc73643940,NC,MCO,,EHZ,-1,141.0,,305.7,,3.814
nc73643940,NC,MCS,,EHZ,-1,111.0,,312.2,,9.2625
nc73643940,NC,MCV,,EHZ,-1,168.0,,186.4,,1.0024
nc73643940,NC,MDPB,,HHZ,1,86.0,,279.6,,22.517
nc73643940,NC,MDR,2.0,EHZ,1,137.0,,350.7,,4.3822
nc73643940,NC,MEM,,EHZ,-1,99.0,,307.1,,12.376
nc73643940,NC,MLH,,EHZ,1,113.0,,7.3,,8.9034
nc73643940,NC,MMP,,EHZ,1,96.0,,273.9,,17.7801
nc73644095,NC,MQ1P,,EHZ,1,140.0,,306.3,,3.0612
nc73644095,NC,MMP,,EHZ,1,135.0,,295.2,,3.4504
nc73644095,NC,MCY,,EHZ,1,116.0,,328.6,,6.0457
nc73644095,NC,MLC,,EHZ,-1,110.0,,75.8,,7.1076
nc73644095,NC,MDPB,,HHZ,1,105.0,,297.7,,8.5709
nc73644095,NC,MCO,,EHZ,1,95.0,,77.7,,11.7867
nc73644095,NC,MDC,2.0,EHZ,1,90.0,,341.3,,13.2767
nc73644100,NC,MQ1P,,EHZ,1,139.0,,331.6,,2.3095
nc73644100,NC,MCY,,EHZ,1,107.0,,341.6,,5.6665
nc73644100,NC,MDPB,,HHZ,-1,100.0,,304.1,,7.5068
nc73644100,NC,MINS,,HHZ,-1,98.0,,325.2,,8.0272
nc73644100,NC,MCS,,EHZ,1,92.0,,53.5,,11.2974
nc73644100,NC,MDH,,HNZ,-1,89.0,,42.9,,12.9431
nc73644100,NC,MDH1,1.0,DP1,-1,89.0,,42.9,,12.9431
nc73644100,NC,MDC,2.0,EHZ,1,89.0,,347.2,,13.1099
nc73644100,NC,MDR,2.0,EHZ,1,85.0,,72.3,,16.0121
nc73644100,NC,MLH,,EHZ,1,82.0,,61.2,,19.4925
nc73644100,NC,MMT,,EHZ,-1,76.0,,211.9,,28.566
nc73644100,NC,MCO,,EHZ,1,89.0,,78.0,,13.1655
nc73644100,NC,MCV,,EHZ,1,86.0,,91.7,,15.8786
nc73644100,NC,MLC,,EHZ,1,97.0,,76.6,,8.4897
nc73644100,NC,MMP,,EHZ,1,138.0,,314.0,,2.4352
nc73644145,NC,MCV,,EHZ,1,107.0,,5.0,,9.4004
nc73644145,NC,MCO,,EHZ,-1,95.0,,350.3,,12.7652
nc73644145,NC,MLC,,EHZ,-1,95.0,,330.3,,13.6214
nc73644145,NC,MGPB,,EHZ,-1,95.0,,337.1,,14.5221
nc73644145,NC,MCS,,EHZ,1,95.0,,340.4,,17.591
nc73644145,NC,MDH,,HNZ,1,85.0,,342.3,,20.2931
nc73644145,NC,MDH1,1.0,DP1,-1,85.0,,342.3,,20.2931
nc73644175,NC,MCV,,EHZ,1,154.0,,165.6,,1.9648
nc73644175,NC,MLC,,EHZ,-1,113.0,,274.5,,7.1398
nc73644175,NC,MCS,,EHZ,-1,108.0,,310.3,,8.2117
nc73644175,NC,MDH1,1.0,DP1,1,102.0,,321.1,,10.3812
nc73644420,NP,1589,10.0,HNZ,1,47.0,,105.8,,18.3249
nc73644420,NC,MCV,,EHZ,-1,45.0,,307.7,,33.6031
nc73644420,CI,MLAC,,HHZ,1,44.0,,312.6,,36.939
nc73644420,NC,MDR,2.0,EHZ,-1,44.0,,313.6,,37.5172
nc73644420,NC,MLH,,EHZ,-1,43.0,,320.2,,39.5298
nc73644420,NC,MGPB,,EHZ,-1,43.0,,306.6,,41.22
nc73644420,NC,MLC,,EHZ,1,43.0,,304.0,,41.2311
nc73644420,NC,MCY,,EHZ,1,42.0,,301.0,,51.5611
nc73644420,BK,HELL,0.0,HHZ,-1,42.0,,208.7,,91.7914
nc73644420,BK,TOLH,0.0,HHZ,1,42.0,,238.2,,95.661
nc73644420,BK,MMI,0.0,HHZ,1,42.0,,271.2,,107.6812
nc73644420,CI,CWC,,HHZ,-1,42.0,,159.5,,114.4196
nc73644420,BK,LIND,0.0,HHZ,-1,42.0,,202.1,,125.9839
nc73644420,CI,SPG2,,HHZ,-1,42.0,,189.1,,135.4354
nc73644420,BK,LEGD,0.0,HHZ,1,42.0,,262.1,,145.3318
nc73644420,CI,POR,,HHZ,1,42.0,,196.5,,150.5579
nc73644420,BK,OVRO,0.0,HHZ,-1,45.0,,131.9,,29.1108
nc73644420,NC,MCO,,EHZ,1,44.0,,308.8,,37.9397
nc73644420,NC,MCS,,EHZ,1,43.0,,309.8,,43.3883
nc73644420,NC,MMT,,EHZ,1,42.0,,266.9,,57.8325
nc73644420,NC,MRC,,EHZ,-1,45.0,,3.5,,29.8114
nc73644435,NP,1576,10.0,HNZ,1,165.0,,228.9,,2.5286
nc73644435,NC,MCV,,EHZ,1,138.0,,274.1,,8.6732
nc73644435,CI,MLAC,,HHZ,-1,131.0,,298.8,,10.5602
nc73644435,NC,MCO,,EHZ,-1,124.0,,288.3,,12.2537
nc73644435,NC,MLC,,EHZ,-1,119.0,,280.8,,16.5458
nc73644435,NC,MCS,,EHZ,-1,118.0,,297.0,,17.2797
nc73644435,NC,MDH1,1.0,DP1,1,115.0,,304.2,,18.9143
nc73644435,NC,MEM,,EHZ,-1,113.0,,296.3,,20.5266
nc73644435,NC,MRC,,EHZ,1,110.0,,63.2,,22.1278
nc73644435,NC,MMT,,EHZ,1,96.0,,239.8,,45.9235
nc73644435,NC,MDR,2.0,EHZ,-1,130.0,,302.8,,10.9872
nc73644435,NC,MLH,,EHZ,-1,123.0,,324.8,,12.7985
nc73644540,NP,1576,10.0,HNZ,1,133.0,,22.6,,5.9245
nc73644540,NC,MDH,,HNZ,-1,95.0,,327.1,,21.1048
nc73644540,NC,MDH1,1.0,DP1,1,95.0,,327.1,,21.1048
nc73644540,NC,MMLB,,HHZ,-1,90.0,,311.2,,23.4621
nc73644540,NC,MMP,,EHZ,-1,90.0,,294.3,,24.2183
nc73644540,NC,MDY,,HHZ,-1,90.0,,306.7,,25.6749
nc73644540,NC,MCY,,EHZ,-1,90.0,,301.8,,25.9751
nc73644540,NC,MDC,2.0,EHZ,-1,90.0,,312.3,,31.3347
nc73644540,BK,MMI,0.0,HHZ,1,86.0,,262.8,,86.1094
nc73644540,BK,TOLH,0.0,HHZ,-1,86.0,,223.0,,86.4541
nc73644540,CI,MLAC,,HHZ,-1,104.0,,337.5,,13.21
nc73644540,NC,MCO,,EHZ,-1,104.0,,325.9,,13.2433
nc73644540,NC,MCS,,EHZ,-1,99.0,,323.2,,18.6807
nc73644540,NC,MCV,,EHZ,-1,119.0,,330.2,,8.929
nc73644540,NC,MDR,2.0,EHZ,-1,104.0,,338.9,,13.9994
nc73644540,NC,MEM,,EHZ,-1,94.0,,318.8,,21.5385
nc73644540,NC,MLC,,EHZ,-1,102.0,,310.3,,15.8008
nc73644540,NC,MLH,,EHZ,-1,100.0,,349.7,,17.8579
nc73644540,NC,MMT,,EHZ,1,91.0,,245.7,,38.9293
nc73644540,NC,MRC,,EHZ,1,90.0,,54.4,,29.4222
nc73644540,NC,MTU,2.0,EHZ,-1,90.0,,134.3,,26.6089
nc73644730,CI,MLAC,,HHZ,1,144.0,,347.2,,3.5316
nc73644730,NC,MCO,,EHZ,-1,141.0,,305.0,,3.8507
nc73644730,NC,MGPB,,EHZ,-1,120.0,,294.2,,7.3233
nc73644730,NP,1576,10.0,HNZ,-1,120.0,,116.6,,7.3466
nc73644730,NC,MLC,,EHZ,1,117.0,,280.5,,7.9137
nc73644730,NC,MCS,,EHZ,-1,112.0,,311.8,,9.2948
nc73644730,NC,MDH1,1.0,DP1,-1,105.0,,321.3,,11.4864
nc73644730,NC,MEM,,EHZ,-1,99.0,,306.9,,12.4094
nc73644730,NC,MQ1P,,EHZ,-1,97.0,,275.1,,17.213
nc73644730,NC,MMP,,EHZ,-1,96.0,,273.8,,17.8357
nc73644730,NC,MINS,,HHZ,-1,94.0,,286.5,,21.5051
nc73644730,NC,MRC,,EHZ,-1,81.0,,73.5,,29.4444
nc73644730,NC,MCV,,EHZ,-1,168.0,,189.6,,1.0289
nc73644730,NC,MDR,2.0,EHZ,1,138.0,,349.9,,4.3744
nc73644730,NC,MLH,,EHZ,1,113.0,,6.9,,8.8778
nc73644775,NC,MCV,,EHZ,1,161.0,,170.7,,1.5723
nc73644775,NC,MDR,2.0,EHZ,-1,139.0,,354.8,,3.7851
nc73644775,NC,MLC,,EHZ,1,116.0,,277.0,,7.41
nc73644775,NC,MLH,,EHZ,-1,112.0,,10.3,,8.4108
nc73644775,NC,MQ1P,,EHZ,1,95.0,,273.4,,16.746
nc73644775,NC,MMP,,EHZ,1,95.0,,272.2,,17.3798
nc73644775,NC,MINS,,HHZ,1,85.0,,285.4,,20.9491
nc73644775,NC,MCO,,EHZ,1,144.0,,301.5,,3.2002
nc73644825,NC,MCV,,EHZ,-1,154.0,,164.1,,1.7858
nc73644825,CI,MLAC,,HHZ,1,143.0,,357.5,,2.7432
nc73644825,NC,MDR,2.0,EHZ,1,133.0,,358.3,,3.6049
nc73644825,NC,MLC,,EHZ,1,110.0,,275.9,,7.1565
nc73644825,NC,MMP,,EHZ,-1,86.0,,271.6,,17.1463
nc73644835,NC,MCV,,EHZ,-1,153.0,,205.8,,2.1772
nc73644835,NC,MDR,2.0,EHZ,1,138.0,,335.4,,3.7017
nc73644835,NC,MCO,,EHZ,1,135.0,,287.8,,4.1353
nc73644835,NC,MLH,,EHZ,1,113.0,,2.2,,7.8737
nc73644835,NC,MLC,,EHZ,1,110.0,,273.3,,8.5754
nc73644835,NC,MEM,,EHZ,1,95.0,,301.3,,12.5317
nc73644835,NC,MMLB,,HHZ,1,95.0,,292.0,,15.2893
nc73644835,NC,MQ1P,,EHZ,1,95.0,,271.9,,17.9357
nc73644835,NC,MMP,,EHZ,1,94.0,,270.8,,18.5807
nc73644835,NC,MINS,,HHZ,1,85.0,,283.6,,22.0166
nc73644835,NC,MDC,2.0,EHZ,-1,85.0,,300.0,,22.7505
nc73644865,NC,MCV,,EHZ,-1,95.0,,356.8,,13.8438
nc73644865,NC,MCO,,EHZ,1,95.0,,347.6,,17.4465
nc73644865,NC,MLC,,EHZ,1,95.0,,332.8,,18.3138
nc73644865,NC,MGPB,,EHZ,1,85.0,,337.8,,19.259
nc73644865,NC,MCS,,EHZ,1,85.0,,340.3,,22.3391
nc73644865,NC,MMP,,EHZ,-1,83.0,,311.2,,24.4073
nc73644865,NC,MMT,,EHZ,1,77.0,,252.7,,33.3251
nc73644865,NC,MDC,2.0,EHZ,1,77.0,,324.4,,33.4363
nc73644870,CI,MLAC,,HHZ,1,146.0,,340.1,,3.3692
nc73644870,NC,MCO,,EHZ,-1,141.0,,298.7,,4.0186
nc73644870,NP,1576,10.0,HNZ,-1,121.0,,120.0,,7.1532
nc73644870,NC,MGPB,,EHZ,-1,119.0,,291.1,,7.5568
nc73644870,NC,MLC,,EHZ,-1,116.0,,278.2,,8.2318
nc73644870,NC,MCS,,EHZ,-1,112.0,,309.1,,9.3949
nc73644870,NC,MDH1,1.0,DP1,1,106.0,,319.0,,11.5087
nc73644870,NC,MEM,,EHZ,-1,100.0,,304.9,,12.5428
nc73644870,NC,MQ1P,,EHZ,-1,97.0,,274.1,,17.5577
nc73644870,NC,MMP,,EHZ,-1,97.0,,272.9,,18.1915
nc73644870,NC,MINS,,HHZ,-1,93.0,,285.5,,21.7831
nc73644870,NC,MCV,,EHZ,-1,165.0,,202.6,,1.3999
nc73644870,NC,MDR,2.0,EHZ,1,140.0,,344.3,,4.1854
nc73644870,NC,MLH,,EHZ,1,115.0,,4.7,,8.5642
nc73644920,NC,MCV,,EHZ,-1,145.0,,267.5,,6.5961
nc73644920,NC,MCO,,EHZ,1,133.0,,287.1,,10.0131
nc73644920,NC,MLH,,EHZ,-1,130.0,,330.9,,10.926
nc73644920,NC,MLC,,EHZ,1,121.0,,278.7,,14.3664
nc73644920,NC,MQ1P,,EHZ,-1,108.0,,275.5,,23.6734
nc73644920,NC,MINS,,HHZ,-1,105.0,,284.2,,27.8877
nc73644920,NC,MMT,,EHZ,-1,96.0,,237.4,,44.6336
nc73644935,NC,MCV,,EHZ,-1,114.0,,311.9,,22.5392
nc73644935,NC,MDR,2.0,EHZ,1,110.0,,319.5,,26.7646
nc73644935,NC,MCO,,EHZ,-1,110.0,,312.7,,26.9092
nc73644935,NC,MLH,,EHZ,-1,107.0,,328.0,,29.2999
nc73644935,NC,MLC,,EHZ,1,106.0,,305.7,,30.0337
nc73644935,NC,MINS,,HHZ,-1,99.0,,300.8,,43.3549
nc73644935,NC,MDC,2.0,EHZ,1,99.0,,308.7,,45.4787
nc73644935,NC,MMT,,EHZ,1,98.0,,259.8,,48.6923
nc73644950,NC,MMT,,EHZ,1,85.0,,264.6,,18.9365
nc73644950,NC,MLC,,EHZ,-1,83.0,,10.5,,24.8187
nc73644950,NC,MGPB,,EHZ,1,81.0,,12.2,,26.5533
nc73644950,CI,MLAC,,HHZ,1,80.0,,23.5,,28.8217
nc73644950,NC,MDR,2.0,EHZ,1,79.0,,22.9,,29.6223
nc73644950,NC,MMLB,,HHZ,-1,79.0,,357.9,,29.6334
nc73644950,NC,MEM,,EHZ,-1,79.0,,4.5,,30.4785
nc73644950,NC,MLH,,EHZ,-1,76.0,,22.8,,34.4927
nc73644950,NC,MRC,,EHZ,1,75.0,,52.2,,51.2609
nc73644950,BK,MMI,0.0,HHZ,1,75.0,,272.8,,68.863
nc73644950,CI,CWC,,HHZ,1,74.0,,143.1,,131.9884
nc73644950,CI,SMM,,HHZ,-1,46.0,,202.0,,248.4095
nc73644950,NC,MCO,,EHZ,1,81.0,,19.9,,26.7869
nc73644950,NC,MCV,,EHZ,1,82.0,,28.9,,25.0967
nc73644950,NC,MCY,,EHZ,-1,80.0,,348.9,,28.3547
nc73644950,NC,MDC,2.0,EHZ,-1,75.0,,349.4,,35.8492
nc73644950,NC,MINS,,HHZ,-1,79.0,,344.1,,30.1894
nc73644950,NC,MMP,,EHZ,-1,83.0,,347.3,,24.7409
nc73644950,NC,MQ1P,,EHZ,-1,82.0,,348.9,,24.941
nc73645090,NC,MCV,,EHZ,-1,160.0,,154.8,,1.5312
nc73645090,NC,MCO,,EHZ,1,145.0,,308.2,,2.9678
nc73645090,NC,MDR,2.0,EHZ,1,135.0,,0.8,,3.9363
nc73645090,NC,MLC,,EHZ,1,115.0,,278.8,,7.0386
nc73645090,NC,MCS,,EHZ,-1,109.0,,313.7,,8.4375
nc73645090,NC,MMP,,EHZ,-1,94.0,,272.8,,16.9906
nc73645210,NC,MQ1P,,EHZ,1,141.0,,307.7,,1.8725
nc73645210,NC,MMP,,EHZ,1,133.0,,290.6,,2.2817
nc73645210,NC,MCY,,EHZ,-1,104.0,,334.2,,4.9871
nc73645210,NC,MDPB,,HHZ,1,93.0,,296.7,,7.3889
nc73645210,NC,MINS,,HHZ,1,93.0,,318.9,,7.5635
nc73645210,NC,MLC,,EHZ,1,92.0,,82.2,,7.9504
nc73645210,NC,MGPB,,EHZ,1,89.0,,73.6,,9.347
nc73645215,NC,MCV,,EHZ,-1,161.0,,156.6,,1.49
nc73645215,NC,MDR,2.0,EHZ,1,136.0,,359.9,,3.9541
nc73645215,NC,MLC,,EHZ,1,115.0,,278.9,,7.0998
nc73645215,NC,MCS,,EHZ,-1,110.0,,313.5,,8.4931
nc73645215,NC,MINS,,HHZ,1,85.0,,286.2,,20.6711
nc73645470,NC,MLH,,EHZ,1,156.0,,29.2,,1.7469
nc73645470,NC,MDR,2.0,EHZ,1,140.0,,198.3,,3.1424
nc73645470,CI,MLAC,,HHZ,1,132.0,,194.6,,3.9741
nc73645470,NC,MCO,,EHZ,1,117.0,,213.5,,6.109
nc73645470,NC,MDH1,1.0,DP1,1,110.0,,282.6,,7.608
nc73645470,NC,MCV,,EHZ,1,107.0,,182.7,,8.3129
nc73645470,NC,MLC,,EHZ,1,102.0,,233.7,,9.9108
nc73645530,NC,MLH,,EHZ,1,165.0,,30.2,,1.142
nc73645530,CI,MLAC,,HHZ,1,129.0,,196.3,,4.5668
nc73645530,NC,MDH,,HNZ,-1,111.0,,278.3,,7.7848
nc73645530,NC,MDH1,1.0,DP1,1,111.0,,278.3,,7.7848
nc73645530,NC,MGPB,,EHZ,1,107.0,,236.0,,8.661
nc73645530,NC,MEM,,EHZ,-1,102.0,,267.8,,10.4445
nc73645530,NC,MLC,,EHZ,-1,102.0,,232.3,,10.4568
nc73645530,NP,1576,10.0,HNZ,1,93.0,,151.4,,12.6651
nc73645530,NC,MLM,,EHZ,-1,93.0,,300.5,,12.8208
nc73645530,NC,MMLB,,HHZ,-1,93.0,,265.2,,13.955
nc73645530,NC,MQ1P,,EHZ,1,85.0,,250.3,,18.7363
nc73645530,NC,MMP,,EHZ,1,85.0,,250.0,,19.4591
nc73645530,NC,MDC,2.0,EHZ,-1,85.0,,283.0,,19.9373
nc73645530,NC,MDPB,,HHZ,1,83.0,,259.7,,23.1285
nc73645530,NC,MRC,,EHZ,1,80.0,,89.0,,27.7431
nc73645530,NC,MCO,,EHZ,1,115.0,,212.9,,6.7106
nc73645530,NC,MCV,,EHZ,1,107.0,,184.3,,8.8656
nc73645555,NC,MCS,,EHZ,-1,117.0,,260.2,,7.5001
nc73645555,NC,MDH,,HNZ,-1,116.0,,281.1,,7.8037
nc73645555,NC,MDH1,1.0,DP1,1,116.0,,281.1,,7.8037
nc73645555,NC,MMLB,,HHZ,1,97.0,,266.7,,13.8882
nc73645555,NC,MDY,,HHZ,1,96.0,,266.9,,16.8016
nc73645555,NC,MQ1P,,EHZ,1,95.0,,251.3,,18.5696
nc73645555,NC,MDC,2.0,EHZ,-1,84.0,,284.1,,19.9817
nc73645555,NC,MINS,,HHZ,-1,85.0,,266.3,,21.127
nc73645555,NC,MDPB,,HHZ,1,85.0,,260.6,,23.0285
nc73645555,NC,MRC,,EHZ,1,81.0,,88.2,,27.7987
nc73645555,NC,MCD,,EHZ,-1,77.0,,111.4,,35.9271
nc73645555,NC,MTU,2.0,EHZ,-1,77.0,,146.7,,41.6203
nc73645555,CI,MLAC,,HHZ,1,137.0,,197.1,,4.1998
nc73645555,NC,MCO,,EHZ,1,123.0,,214.4,,6.3781
nc73645555,NC,MCV,,EHZ,1,113.0,,184.2,,8.4931
nc73645555,NC,MEM,,EHZ,-1,107.0,,269.9,,10.3923
nc73645555,NC,MLC,,EHZ,1,107.0,,233.7,,10.1999
nc73645555,NC,MLH,,EHZ,1,163.0,,24.5,,1.4911
nc73645555,NC,MMP,,EHZ,1,95.0,,251.0,,19.3034
nc73645600,NC,MDH1,,DP1,1,98.0,,258.9,,9.198
nc73645600,NC,MCO,,EHZ,-1,97.0,,210.3,,9.8619
nc73645600,NC,MCV,,EHZ,1,93.0,,189.6,,11.8979
nc73645600,NC,MLC,,EHZ,1,90.0,,225.9,,13.3545
nc73645615,NC,MLH,,EHZ,1,164.0,,20.5,,1.3499
nc73645615,NC,MCO,,EHZ,1,122.0,,215.0,,6.5383
nc73645615,NC,MCS,,EHZ,1,116.0,,259.7,,7.6613
nc73645615,NC,MDH1,,DP1,1,115.0,,280.2,,7.9315
nc73645615,NC,MCV,,EHZ,1,112.0,,185.2,,8.5976
nc73645615,NC,MLC,,EHZ,1,107.0,,233.8,,10.3734
nc73645615,NC,MEM,,EHZ,-1,106.0,,269.4,,10.5402
nc73645615,NC,MDC,2.0,EHZ,1,85.0,,283.7,,20.104
nc73645615,NC,MDPB,,HHZ,1,85.0,,260.4,,23.1841
nc73645640,CI,MLAC,,HHZ,1,139.0,,190.8,,3.7084
nc73645640,NC,MCS,,EHZ,-1,118.0,,262.5,,6.9063
nc73645640,NC,MDH,,HNZ,-1,117.0,,284.7,,7.3555
nc73645640,NC,MDH1,1.0,DP1,1,117.0,,284.7,,7.3555
nc73645640,NC,MGPB,,EHZ,1,115.0,,238.1,,7.7647
nc73645640,NC,MLC,,EHZ,1,108.0,,233.6,,9.5416
nc73645640,NC,MEM,,EHZ,-1,107.0,,272.0,,9.8541
nc73645640,NP,1576,10.0,HNZ,-1,97.0,,147.4,,12.3204
nc73645640,NC,MQ1P,,EHZ,1,95.0,,251.9,,17.9357
nc73645640,NC,MMP,,EHZ,1,95.0,,251.5,,18.6696
nc73645640,NC,MDC,2.0,EHZ,-1,84.0,,285.5,,19.5481
nc73645640,NC,MINS,,HHZ,-1,85.0,,267.2,,20.5711
nc73645640,NC,MDPB,,HHZ,1,86.0,,261.3,,22.428
nc73645640,NC,MRC,,EHZ,1,81.0,,87.5,,28.3547
nc73645640,NC,MCO,,EHZ,1,125.0,,212.1,,5.7699
nc73645640,NC,MCV,,EHZ,1,113.0,,180.6,,8.1006
nc73645640,NC,MDR,2.0,EHZ,1,148.0,,193.7,,2.8622
nc73645640,NC,MMLB,,HHZ,-1,97.0,,268.2,,13.3212
nc73645645,CI,MLAC,,HHZ,1,113.0,,202.7,,7.0398
nc73645645,NC,MCS,,EHZ,-1,103.0,,247.0,,9.6362
nc73645645,NC,MGPB,,EHZ,1,99.0,,231.1,,11.0739
nc73645645,NC,MLC,,EHZ,1,92.0,,228.7,,12.9097
nc73645645,NC,MDC,2.0,EHZ,-1,84.0,,276.5,,21.0047
nc73645645,NC,MMP,,EHZ,1,84.0,,246.0,,21.5941
nc73645645,NC,MINS,,HHZ,-1,83.0,,260.3,,22.895
nc73645645,NC,MDPB,,HHZ,-1,81.0,,255.5,,24.9966
nc73645645,NC,MCO,,EHZ,1,105.0,,213.3,,9.2648
nc73645645,NC,MCV,,EHZ,1,99.0,,190.9,,11.1529
nc73645645,NC,MDR,2.0,EHZ,1,117.0,,205.6,,6.2469
nc73645795,NC,MCV,,EHZ,1,144.0,,266.1,,6.148
nc73645795,CI,MLAC,,HHZ,1,136.0,,301.0,,7.8604
nc73645795,NC,MDR,2.0,EHZ,-1,134.0,,306.2,,8.3229
nc73645795,NC,MCO,,EHZ,1,130.0,,287.1,,9.5394
nc73645795,NC,MLH,,EHZ,-1,126.0,,332.7,,10.5958
nc73645795,NC,MLC,,EHZ,1,117.0,,278.5,,13.8882
nc73645795,NC,MQ1P,,EHZ,-1,105.0,,275.3,,23.2064
nc73645795,NC,MINS,,HHZ,-1,102.0,,284.2,,27.4207
nc73645795,NC,MDPB,,HHZ,-1,101.0,,278.7,,28.5549
nc73645795,NC,MMT,,EHZ,-1,94.0,,237.0,,44.3223
nc73645825,NC,MQ1P,,EHZ,-1,141.0,,308.3,,1.907
nc73645825,NC,MMP,,EHZ,-1,133.0,,291.3,,2.3095
nc73645825,NC,MCY,,EHZ,1,104.0,,334.3,,5.0271
nc73645825,NC,MDPB,,HHZ,1,93.0,,296.9,,7.4189
nc73645825,NC,MINS,,HHZ,-1,93.0,,319.0,,7.6013
nc73645825,NC,MLC,,EHZ,1,92.0,,82.0,,7.9415
nc73645825,NC,MDC,2.0,EHZ,1,89.0,,344.6,,12.3871
nc73645825,NC,MCO,,EHZ,1,89.0,,81.4,,12.6206
nc73645845,NC,MCV,,EHZ,-1,158.0,,165.8,,1.8681
nc73645845,CI,MLAC,,HHZ,1,149.0,,356.7,,2.652
nc73645845,NC,MCO,,EHZ,1,147.0,,299.2,,2.8911
nc73645845,NC,MDR,2.0,EHZ,1,141.0,,357.8,,3.5126
nc73645845,NC,MLC,,EHZ,1,116.0,,275.2,,7.1776
nc73645845,NC,MLH,,EHZ,1,112.0,,12.0,,8.1962
nc73645845,NC,MCS,,EHZ,-1,111.0,,310.7,,8.294
nc73645845,NC,MQ1P,,EHZ,1,95.0,,272.5,,16.5236
nc73645845,NC,MMP,,EHZ,1,95.0,,271.3,,17.1685
nc73645845,NC,MDPB,,HHZ,1,85.0,,277.7,,21.8276
nc73645960,NC,MMT,,EHZ,-1,106.0,,261.8,,18.8142
nc73645960,NC,MMP,,EHZ,-1,100.0,,347.3,,23.8291
nc73645960,NC,MQ1P,,EHZ,-1,100.0,,349.0,,24.0292
nc73645960,NC,MCV,,EHZ,1,100.0,,30.3,,24.4406
nc73645960,NC,MDPB,,HHZ,-1,98.0,,339.4,,27.5207
nc73645960,NC,MDR,2.0,EHZ,1,97.0,,24.0,,28.8996
nc73645960,NC,MDC,2.0,EHZ,-1,94.0,,349.5,,34.9374
nc73645960,NC,MTU,2.0,EHZ,1,93.0,,98.2,,36.3496
nc73646020,NC,MCV,,EHZ,1,123.0,,6.6,,11.1973
nc73646020,NC,MCO,,EHZ,-1,115.0,,353.3,,14.4331
nc73646020,NC,MLC,,EHZ,-1,114.0,,335.2,,14.9668
nc73646020,NC,MDR,2.0,EHZ,1,112.0,,2.4,,16.4568
nc73646020,NC,MMP,,EHZ,-1,106.0,,309.3,,21.0714
nc73646020,NC,MTU,2.0,EHZ,-1,99.0,,121.4,,29.0997
nc73646020,NC,MMT,,EHZ,1,98.0,,247.0,,32.291
nc73646020,NC,MDPB,,HHZ,-1,101.0,,307.4,,26.1308
nc73646020,NC,MINS,,HHZ,-1,101.0,,313.7,,26.4422
nc73646020,BK,TOLH,0.0,HHZ,-1,88.0,,221.6,,80.0603
nc73646020,NN,LHV,,HHZ,-1,88.0,,19.3,,89.6342
nc73646060,NC,MMP,,EHZ,1,114.0,,278.5,,7.4723
nc73646060,NC,MCY,,EHZ,1,109.0,,302.9,,8.8355
nc73646060,NC,MDPB,,HHZ,1,95.0,,287.0,,12.3982
nc73646060,NC,MDC,2.0,EHZ,1,95.0,,325.1,,14.889
nc73646060,NC,MLC,,EHZ,-1,145.0,,62.5,,2.9567
nc73646060,NC,MQ1P,,EHZ,1,116.0,,282.1,,6.8907
nc73646060,NC,MMLB,,HHZ,1,115.0,,335.5,,7.2332
nc73646060,NC,MEM,,EHZ,1,114.0,,3.6,,7.3633
nc73646060,NC,MCO,,EHZ,-1,114.0,,73.6,,7.5512
nc73646060,NC,MLI,,HHZ,1,113.0,,302.6,,7.6313
nc73646060,NC,MDY,,HHZ,1,109.0,,317.6,,8.7688
nc73646060,NC,MCV,,EHZ,1,104.0,,96.1,,10.2933
nc73646060,NC,MDR,2.0,EHZ,-1,104.0,,66.2,,10.5235
nc73646060,NC,MINS,,HHZ,1,99.0,,300.5,,11.8534
nc73646095,NC,MCV,,EHZ,-1,107.0,,318.5,,32.7024
nc73646095,NC,MDR,2.0,EHZ,1,104.0,,323.3,,37.2058
nc73646095,NC,MLC,,EHZ,-1,103.0,,312.7,,39.8078
nc73646095,NC,MLH,,EHZ,1,103.0,,329.3,,39.9079
nc73646095,NC,MCS,,EHZ,1,101.0,,318.2,,42.5877
nc73646095,NC,MMT,,EHZ,1,98.0,,270.9,,52.8398
nc73646095,NC,MDPB,,HHZ,-1,98.0,,303.8,,52.6619
nc73646095,NC,MINS,,HHZ,-1,98.0,,307.0,,52.6953
nc73646095,NC,MDC,2.0,EHZ,1,97.0,,313.2,,55.364
nc73646095,BK,HELL,0.0,HHZ,-1,91.0,,207.1,,85.987
nc73646095,BK,TOLH,0.0,HHZ,1,91.0,,238.7,,89.4007
nc73646095,BK,MMI,0.0,HHZ,1,88.0,,273.4,,102.9331
nc73646095,NC,MMI,,EHZ,1,88.0,,273.4,,102.9331
nc73646095,NC,MHD,,EHZ,1,88.0,,256.8,,119.7569
nc73646095,NC,MPR,,EHZ,1,87.0,,291.4,,135.3242
nc73646095,NP,1589,10.0,HNZ,1,116.0,,92.6,,22.5837
nc73646095,NC,MCD,,EHZ,1,115.0,,31.9,,23.3176
nc73646095,NP,1679,10.0,HNZ,1,113.0,,47.2,,25.9195
nc73646095,NC,MRC,,EHZ,-1,106.0,,11.2,,34.3815
nc73646095,NP,1587,10.0,HNZ,-1,103.0,,52.0,,38.7292
nc73646260,NC,MCV,,EHZ,-1,164.0,,166.3,,1.4444
nc73646260,NC,MDR,2.0,EHZ,1,140.0,,356.3,,3.9263
nc73646260,NC,MLC,,EHZ,1,119.0,,278.3,,7.3411
nc73646260,NC,MLH,,EHZ,1,114.0,,10.7,,8.572
nc73646260,NC,MCS,,EHZ,-1,114.0,,312.2,,8.651
nc73646295,NC,MCV,,EHZ,-1,165.0,,159.9,,1.3377
nc73646295,NC,MCO,,EHZ,-1,146.0,,307.9,,3.198
nc73646295,NC,MDR,2.0,EHZ,1,139.0,,358.1,,4.0675
nc73646295,NC,MLC,,EHZ,1,119.0,,279.6,,7.2477
nc73646295,NC,MCS,,EHZ,1,113.0,,313.4,,8.6654
nc73646430,NC,MCO,,EHZ,-1,152.0,,112.0,,2.0827
nc73646430,NC,MLC,,EHZ,1,141.0,,240.1,,3.099
nc73646430,NC,MCS,,EHZ,-1,134.0,,330.2,,3.6995
nc73646430,NC,MDR,2.0,EHZ,1,128.0,,72.8,,4.5212
nc73646430,NC,MCV,,EHZ,-1,116.0,,129.2,,6.337
nc73646430,NC,MINS,,HHZ,1,93.0,,281.3,,15.8453
nc73646430,NC,MDPB,,HHZ,1,85.0,,272.4,,17.1907
nc73646430,NC,MMP,,EHZ,1,91.0,,261.9,,12.8319
nc73646535,NC,MDPB,,HHZ,-1,125.0,,89.3,,5.84
nc73646535,NC,MINS,,HHZ,-1,115.0,,71.7,,7.8581
nc73646535,NC,MCY,,EHZ,-1,107.0,,83.0,,10.3478
nc73646535,NC,MQ1P,,EHZ,-1,104.0,,100.8,,11.164
nc73646535,NC,MDC,2.0,EHZ,-1,97.0,,46.4,,12.5984
nc73646570,NC,MEM,,EHZ,1,151.0,,12.3,,3.5271
nc73646570,NC,MLC,,EHZ,-1,148.0,,131.2,,3.8696
nc73646570,NC,MQ1P,,EHZ,-1,130.0,,249.0,,6.8985
nc73646570,NC,MMP,,EHZ,-1,127.0,,248.4,,7.6313
nc73646570,NC,MCO,,EHZ,1,126.0,,103.3,,7.7447
nc73646570,NC,MINS,,HHZ,-1,117.0,,281.9,,10.1543
nc73646570,NC,MDPB,,HHZ,-1,112.0,,268.5,,11.5754
nc73646570,NC,MCV,,EHZ,-1,112.0,,115.4,,11.6532
nc73646570,NC,MDC,2.0,EHZ,1,112.0,,315.3,,11.6977
nc73646575,NC,MEM,,EHZ,1,151.0,,13.9,,3.6261
nc73646575,NC,MMLB,,HHZ,1,150.0,,316.8,,3.7795
nc73646575,NC,MLC,,EHZ,-1,149.0,,129.2,,3.9118
nc73646575,NC,MCS,,EHZ,-1,146.0,,59.4,,4.4967
nc73646575,NC,MDY,,HHZ,1,136.0,,295.6,,6.1113
nc73646575,NC,MDH,,HNZ,1,136.0,,35.4,,6.198
nc73646575,NC,MDH1,,DP1,-1,136.0,,35.4,,6.198
nc73646575,NC,MQ1P,,EHZ,-1,133.0,,249.2,,6.7629
nc73646575,NC,MCY,,EHZ,-1,131.0,,277.8,,7.0798
nc73646575,NC,MMP,,EHZ,-1,130.0,,248.5,,7.4945
nc73646575,NC,MCO,,EHZ,-1,128.0,,102.6,,7.8426
nc73646575,NC,MDR,2.0,EHZ,1,119.0,,87.7,,10.0531
nc73646575,NC,MINS,,HHZ,-1,119.0,,282.5,,10.0554
nc73646575,NC,MDPB,,HHZ,-1,115.0,,268.9,,11.4531
nc73646575,NC,MDC,2.0,EHZ,1,114.0,,315.9,,11.6643
nc73646575,NC,MCV,,EHZ,-1,114.0,,114.9,,11.7311
nc73646575,NC,MLH,,EHZ,1,110.0,,67.4,,12.8653
nc73646575,NC,MMT,,EHZ,-1,93.0,,215.3,,35.1487
nc73646815,NC,MCV,,EHZ,-1,160.0,,168.2,,1.679
nc73646815,NC,MDR,2.0,EHZ,1,140.0,,356.1,,3.6861
nc73646815,NC,MLC,,EHZ,-1,117.0,,276.4,,7.3111
nc73647710,NC,MCV,,EHZ,-1,110.0,,347.6,,25.03
nc73647710,NC,MCO,,EHZ,-1,106.0,,343.2,,28.9107
nc73647710,NC,MLC,,EHZ,-1,105.0,,334.3,,29.8892
nc73647710,CI,MLAC,,HHZ,-1,106.0,,348.3,,29.5223
nc73647710,NC,MMP,,EHZ,1,102.0,,319.3,,35.2377
nc73647710,NC,MMT,,EHZ,1,101.0,,271.2,,36.4831
nc73647710,NC,MLH,,EHZ,-1,103.0,,353.1,,34.5149
nc73647710,NC,MEM,,EHZ,-1,102.0,,335.3,,36.2273
nc73647710,NC,MDH,,HNZ,1,101.0,,340.2,,36.5943
nc73647710,NC,MDPB,,HHZ,-1,100.0,,316.8,,40.0969
nc73647710,BK,HELL,0.0,HHZ,-1,90.0,,196.5,,79.838
nc73647710,BK,MMI,0.0,HHZ,1,90.0,,274.0,,86.6097
nc73647755,NC,MCV,,EHZ,-1,90.0,,353.6,,22.5503
nc73647755,NC,MCO,,EHZ,-1,90.0,,347.9,,26.2086
nc73647755,NC,MLC,,EHZ,-1,90.0,,337.9,,26.8425
nc73647755,NC,MDR,2.0,EHZ,-1,90.0,,353.6,,27.8988
nc73647755,NC,MCS,,EHZ,-1,90.0,,342.7,,31.0234
nc73647755,NC,MMP,,EHZ,-1,90.0,,320.8,,31.8017
nc73647755,NC,MLH,,EHZ,1,90.0,,357.8,,32.2576
nc73647755,NC,MMT,,EHZ,1,90.0,,267.8,,33.592
nc73647755,NC,MDPB,,HHZ,-1,91.0,,317.9,,36.6276
nc73647780,NC,MLC,,EHZ,1,134.0,,41.9,,7.2399
nc73647780,NC,MCO,,EHZ,1,119.0,,56.9,,11.2863
nc73647780,NC,MDR,2.0,EHZ,1,111.0,,55.0,,14.4442
nc73647780,NC,MDPB,,HHZ,-1,113.0,,308.4,,12.287
nc73647780,NC,MINS,,HHZ,-1,113.0,,321.4,,12.8208
nc73647780,NC,MDC,2.0,EHZ,-1,108.0,,338.8,,17.402
nc73647780,BK,MMI,0.0,HHZ,-1,89.0,,257.0,,70.2641
nc73648215,NP,1679,10.0,HNZ,1,96.0,,65.8,,17.7912
nc73648215,NP,1589,10.0,HNZ,1,86.0,,119.9,,22.7282
nc73648215,NC,MCV,,EHZ,1,82.0,,300.1,,28.3436
nc73648215,NP,1587,10.0,HNZ,1,80.0,,64.0,,30.8566
nc73648215,NC,MDR,2.0,EHZ,-1,80.0,,307.9,,31.8017
nc73648215,NC,MLH,,EHZ,-1,79.0,,316.0,,33.4252
nc73648215,BK,OVRO,0.0,HHZ,1,79.0,,137.3,,35.0375
nc73648215,NC,MLC,,EHZ,1,78.0,,297.5,,36.2051
nc73648215,NC,MEM,,EHZ,1,78.0,,303.6,,41.0976
nc73648215,NC,MQ1P,,EHZ,1,78.0,,292.1,,44.7782
nc73648215,NC,MDY,,HHZ,1,78.0,,298.3,,46.1459
nc73648215,NC,MCY,,EHZ,1,78.0,,295.6,,46.7352
nc73648215,NC,MINS,,HHZ,1,78.0,,295.5,,49.7931
nc73648215,NC,MDPB,,HHZ,1,78.0,,292.2,,50.3379
nc73648215,NC,MDC,2.0,EHZ,1,78.0,,302.6,,51.2942
nc73648215,NC,MMT,,EHZ,1,78.0,,260.3,,56.4648
nc73648215,BK,HELL,0.0,HHZ,-1,77.0,,205.8,,96.4505
nc73648215,BK,TOLH,0.0,HHZ,1,77.0,,234.4,,97.429
nc73648215,BK,LIND,0.0,HHZ,1,77.0,,200.2,,131.0988
nc73648215,CI,SPG2,,HHZ,1,77.0,,187.8,,141.3288
nc73648215,CI,POR,,HHZ,1,76.0,,195.1,,156.1177
nc73648215,BK,MMI,0.0,HHZ,1,77.0,,267.8,,105.6574
nc73648215,CI,MLAC,,HHZ,1,80.0,,306.7,,31.3014
nc73648215,NC,MCO,,EHZ,1,80.0,,302.4,,32.569
nc73648215,NC,MCS,,EHZ,1,78.0,,304.5,,37.9064
nc73648215,NC,MMLB,,HHZ,1,78.0,,300.2,,43.644
nc73648215,NC,MRC,,EHZ,-1,85.0,,9.4,,23.7512
nc73648545,NC,MTU,2.0,EHZ,1,99.0,,118.1,,13.2767
nc73648545,NC,MCV,,EHZ,-1,86.0,,329.7,,23.2731
nc73648545,NC,MFB,,EHZ,1,86.0,,84.5,,23.7179
nc73648545,NC,MCO,,EHZ,-1,83.0,,327.7,,27.5763
nc73648545,NC,MDR,2.0,EHZ,-1,82.0,,334.1,,28.2435
nc73648545,NC,MLC,,EHZ,-1,82.0,,319.4,,29.7224
nc73648545,NC,MDPB,,HHZ,-1,79.0,,306.3,,41.9872
nc73648545,NC,MMT,,EHZ,1,79.0,,265.2,,43.0213
nc73648545,NC,MDC,2.0,EHZ,1,79.0,,317.7,,45.2452
nc73648580,NC,MCV,,EHZ,1,101.0,,12.8,,16.4902
nc73648580,NC,MLC,,EHZ,-1,98.0,,348.0,,18.9476
nc73648580,NC,MCO,,EHZ,-1,97.0,,2.0,,19.3034
nc73648580,NC,MMP,,EHZ,-1,90.0,,322.8,,22.9951
nc73648580,NC,MCY,,EHZ,-1,90.0,,327.6,,26.0419
nc73648580,NC,MDY,,HHZ,1,90.0,,332.3,,26.7313
nc73648580,NC,MDPB,,HHZ,-1,90.0,,318.6,,27.7765
nc73648580,NC,MMT,,EHZ,1,90.0,,254.4,,28.4103
nc73648580,NC,MINS,,HHZ,-1,90.0,,324.2,,28.6216
nc73648580,NC,MDC,2.0,EHZ,-1,90.0,,332.9,,33.0249
nc73648580,NP,1576,10.0,HNZ,-1,100.0,,36.9,,17.3019
nc73648580,NC,MCS,,EHZ,1,90.0,,352.5,,23.4844
nc73648580,NC,MEM,,EHZ,-1,90.0,,346.1,,25.2635
nc73648580,NC,MMLB,,HHZ,-1,90.0,,338.1,,25.6082
nc73648580,BK,TOLH,0.0,HHZ,1,86.0,,222.7,,74.8008
nc73648580,BK,MMI,0.0,HHZ,1,86.0,,268.2,,77.3361
nc73648605,NC,MCO,,EHZ,-1,141.0,,301.4,,3.8507
nc73648605,NP,1576,10.0,HNZ,-1,120.0,,118.5,,7.3233
nc73648605,NC,MLC,,EHZ,-1,116.0,,278.9,,8.0094
nc73648605,NC,MDH,,HNZ,-1,105.0,,320.1,,11.4197
nc73648605,NC,MDH1,1.0,DP1,1,105.0,,320.1,,11.4197
nc73648605,NC,MEM,,EHZ,-1,99.0,,305.8,,12.3982
nc73648605,NC,MMLB,,HHZ,-1,98.0,,295.6,,15.0002
nc73648605,NC,MQ1P,,EHZ,-1,97.0,,274.4,,17.3242
nc73648605,NC,MMP,,EHZ,1,96.0,,273.2,,17.958
nc73648605,NC,MINS,,HHZ,-1,93.0,,285.9,,21.5829
nc73648605,NC,MDC,2.0,EHZ,-1,87.0,,302.5,,22.5726
nc73648605,NC,MRC,,EHZ,1,81.0,,73.8,,29.2554
nc73648605,NC,MMT,,EHZ,1,78.0,,231.4,,40.0413
nc73648605,BK,MMI,0.0,HHZ,1,78.0,,256.3,,83.6408
nc73648605,CI,MLAC,,HHZ,1,146.0,,344.3,,3.367
nc73648605,NC,MCS,,EHZ,-1,112.0,,310.4,,9.2603
nc73648605,NC,MCV,,EHZ,-1,166.0,,194.0,,1.2554
nc73648605,NC,MDPB,,HHZ,-1,86.0,,278.9,,22.6726
nc73648605,NC,MDR,2.0,EHZ,1,139.0,,347.7,,4.2009
nc73648605,NC,MLH,,EHZ,1,114.0,,6.2,,8.6599
nc73648720,NC,MTU,2.0,EHZ,-1,131.0,,142.2,,9.0012
nc73648720,NC,MFB,,EHZ,1,112.0,,85.5,,17.4687
nc73648720,NC,MCV,,EHZ,-1,102.0,,317.0,,26.2976
nc73648720,NC,MCO,,EHZ,-1,99.0,,317.1,,30.6898
nc73648720,NC,MDR,2.0,EHZ,1,99.0,,323.0,,30.7565
nc73648720,NC,MLC,,EHZ,-1,98.0,,310.4,,33.5253
nc73648720,NC,MLH,,EHZ,-1,98.0,,330.2,,33.4919
nc73648720,NC,MMT,,EHZ,1,93.0,,264.8,,49.2705
nc73648720,BK,TOLH,0.0,HHZ,1,88.0,,234.5,,89.1227
nc73648720,BK,MMI,0.0,HHZ,1,87.0,,270.5,,98.9857
nc73648720,NC,MMI,,EHZ,1,87.0,,270.5,,98.9857
nc73648720,NC,MPR,,EHZ,1,85.0,,289.8,,129.8757
nc73648740,NP,1576,10.0,HNZ,-1,120.0,,85.6,,6.873
nc73648740,CI,MLAC,,HHZ,-1,119.0,,356.0,,7.2721
nc73648740,NC,MLC,,EHZ,1,111.0,,305.1,,9.1569
nc73648740,NC,MCS,,EHZ,-1,98.0,,326.5,,12.0091
nc73648740,NC,MLH,,EHZ,-1,98.0,,6.1,,12.6985
nc73648740,NC,MQ1P,,EHZ,1,96.0,,287.6,,17.6911
nc73648740,NC,MINS,,HHZ,1,86.0,,296.0,,22.6282
nc73648740,BK,MMI,0.0,HHZ,1,77.0,,258.9,,82.3843
nc73648740,NC,MMI,,EHZ,-1,77.0,,258.9,,82.3843
nc73648740,NC,MPR,,EHZ,1,76.0,,284.7,,107.759
nc73648740,NC,MCO,,EHZ,-1,121.0,,334.5,,6.6661
nc73648740,NC,MCV,,EHZ,-1,150.0,,2.2,,2.7988
nc73648740,NC,MDPB,,HHZ,1,85.0,,288.9,,23.2286
nc73648740,NC,MDR,2.0,EHZ,-1,114.0,,356.6,,8.1317
nc73648740,NC,MGPB,,EHZ,-1,110.0,,316.8,,9.3426
nc73648740,NC,MMP,,EHZ,1,96.0,,286.0,,18.2137
nc73648745,NP,1576,10.0,HNZ,1,120.0,,85.3,,6.6394
nc73648745,NC,MLC,,EHZ,1,109.0,,304.4,,9.3615
nc73648745,NC,MGPB,,EHZ,-1,109.0,,315.9,,9.5183
nc73648745,NC,MDH,,HNZ,1,96.0,,330.8,,14.6444
nc73648745,NC,MDH1,1.0,DP1,1,96.0,,330.8,,14.6444
nc73648745,NC,MEM,,EHZ,1,96.0,,318.8,,14.9891
nc73648745,NC,MQ1P,,EHZ,1,95.0,,287.5,,17.9246
nc73648745,NC,MINS,,HHZ,1,85.0,,295.8,,22.8506
nc73648745,NC,MRC,,EHZ,1,79.0,,66.7,,30.7899
nc73648745,NC,MTU,2.0,EHZ,1,78.0,,135.1,,33.1472
nc73648745,NC,MMT,,EHZ,1,76.0,,236.1,,37.5172
nc73648745,BK,MMI,0.0,HHZ,1,76.0,,259.0,,82.6067
nc73648745,NC,MMI,,EHZ,1,76.0,,259.0,,82.6178
nc73648745,BK,TOLH,0.0,HHZ,1,76.0,,218.7,,87.3325
nc73648745,BK,HELL,0.0,HHZ,1,76.0,,190.0,,99.6974
nc73648745,NC,MHD,,EHZ,1,76.0,,242.5,,106.8361
nc73648745,NC,MPR,,EHZ,1,76.0,,284.7,,107.9925
nc73648745,BK,BUCR,0.0,HHZ,-1,76.0,,276.3,,117.3106
nc73648745,CI,MLAC,,HHZ,-1,117.0,,354.2,,7.3111
nc73648745,NC,MCO,,EHZ,-1,119.0,,332.8,,6.7885
nc73648745,NC,MCS,,EHZ,-1,97.0,,325.6,,12.1536
nc73648745,NC,MCV,,EHZ,-1,149.0,,357.4,,2.8177
nc73648745,NC,MDPB,,HHZ,1,85.0,,288.8,,23.4621
nc73648745,NC,MDR,2.0,EHZ,-1,113.0,,354.9,,8.1684
nc73648745,NC,MLH,,EHZ,-1,97.0,,5.0,,12.6873
nc73648745,NC,MMP,,EHZ,1,95.0,,285.8,,18.4472
nc73649380,NC,MLC,,EHZ,1,161.0,,219.3,,2.4974
nc73649380,NC,MCO,,EHZ,-1,155.0,,111.1,,3.2513
nc73649380,NC,MQ1P,,EHZ,1,118.0,,260.4,,11.1028
nc73649380,NC,MMP,,EHZ,1,116.0,,259.3,,11.8089
nc73649380,NC,MDC,2.0,EHZ,1,109.0,,305.1,,15.5562
nc73649380,NC,MDPB,,HHZ,1,108.0,,271.2,,16.0677
nc73649920,NC,MCS,,EHZ,1,172.0,,33.0,,0.712
nc73649920,NC,MDH,,HNZ,1,149.0,,2.0,,3.3603
nc73649920,NC,MDH1,1.0,DP1,-1,149.0,,2.0,,3.3603
nc73649920,NC,MLC,,EHZ,-1,143.0,,186.2,,4.1754
nc73649920,NC,MCO,,EHZ,-1,134.0,,129.2,,5.3707
nc73649920,NC,MLH,,EHZ,1,117.0,,68.9,,8.999
nc73649920,NC,MCV,,EHZ,-1,114.0,,132.8,,9.7362
nc73649965,NC,MCS,,EHZ,1,169.0,,340.7,,0.8675
nc73649965,NC,MDH,,HNZ,1,139.0,,351.2,,3.6227
nc73649965,NC,MLC,,EHZ,-1,136.0,,196.0,,4.0875
nc73649965,NC,MCO,,EHZ,-1,131.0,,132.3,,4.7124
nc73649965,NC,MLH,,EHZ,1,111.0,,65.8,,8.4586
nc73649965,NC,MCV,,EHZ,-1,109.0,,134.7,,9.0935
nc73649965,NC,MQ1P,,EHZ,-1,102.0,,249.8,,11.1751
nc73649965,NC,MINS,,HHZ,1,96.0,,272.9,,13.9994
nc73649965,NC,MDC,2.0,EHZ,-1,96.0,,299.5,,14.0995
nc73649965,NC,MDPB,,HHZ,1,95.0,,263.8,,15.7007
nc73650135,NC,MTU,2.0,EHZ,-1,134.0,,214.2,,7.41
nc73650135,NC,MFB,,EHZ,1,131.0,,73.1,,8.0672
nc73650135,NC,MCD,,EHZ,-1,110.0,,22.4,,16.7904
nc73650135,NP,1589,10.0,HNZ,1,109.0,,107.7,,17.4354
nc73650135,BK,OVRO,0.0,HHZ,-1,98.0,,133.7,,28.566
nc73650135,NC,MRC,,EHZ,-1,97.0,,1.6,,29.4667
nc73650135,NP,1587,10.0,HNZ,-1,96.0,,51.6,,31.4348
nc73650135,NC,MCV,,EHZ,-1,95.0,,306.3,,34.248
nc73650135,NC,MDR,2.0,EHZ,-1,94.0,,312.3,,38.062
nc73650135,NC,MCO,,EHZ,-1,93.0,,307.6,,38.5624
nc73650135,NC,MLH,,EHZ,-1,93.0,,318.8,,39.9635
nc73650135,NC,MLC,,EHZ,1,93.0,,302.9,,41.9205
nc73650135,NC,MCS,,EHZ,-1,92.0,,308.7,,43.9887
nc73650135,NC,MMP,,EHZ,1,91.0,,296.5,,50.5381
nc73650135,NC,MDPB,,HHZ,1,90.0,,296.8,,55.6531
nc73650135,NC,MMT,,EHZ,1,90.0,,266.7,,58.8666
nc73650135,NP,2021,10.0,HNZ,-1,88.0,,15.3,,65.4605
nc73650135,BK,HELL,0.0,HHZ,-1,87.0,,209.2,,92.5475
nc73650135,NN,LHV,,HHZ,-1,87.0,,0.6,,93.5817
nc73650135,BK,TOLH,0.0,HHZ,1,87.0,,238.4,,96.684
nc73650135,BK,MMI,0.0,HHZ,1,86.0,,271.0,,108.693
nc73650135,NC,MMI,,EHZ,1,86.0,,271.0,,108.693
nc73650135,CI,CGO,,HHZ,1,85.0,,146.2,,114.4196
nc73650135,BK,KARE,0.0,HHZ,-1,85.0,,224.5,,125.8727
nc73650135,NC,MHD,,EHZ,1,85.0,,255.6,,126.5398
nc73650135,BK,LIND,0.0,HHZ,1,85.0,,202.4,,126.651
nc73650135,CI,SPG2,,HHZ,-1,84.0,,189.5,,135.8802
nc73650135,NC,MPR,,EHZ,1,84.0,,288.9,,139.4384
nc73650135,BK,LEGD,0.0,HHZ,1,83.0,,262.0,,146.3325
nc73650135,BK,WINE,0.0,HHZ,1,83.0,,236.8,,148.4452
nc73650135,CI,POR,,HHZ,1,83.0,,196.8,,151.2251
nc73650135,CI,WMF,,HHZ,1,83.0,,157.5,,154.8945
nc73650135,NC,PJC,1.0,EHZ,-1,49.0,,229.1,,220.6107
nc73650135,NC,PSM,,EHZ,-1,49.0,,231.8,,237.9571
nc73650135,NC,BBGB,,HHZ,1,49.0,,248.4,,242.7385
nc73650170,NC,MLC,,EHZ,-1,157.0,,103.2,,3.208
nc73650170,NC,MMP,,EHZ,-1,136.0,,261.8,,6.9619
nc73650170,NC,MCO,,EHZ,-1,133.0,,89.7,,7.7447
nc73650170,NC,MDH,,HNZ,1,133.0,,28.5,,7.7214
nc73650170,NC,MDH1,1.0,DP1,-1,133.0,,28.5,,7.7214
nc73650170,NC,MCV,,EHZ,-1,121.0,,106.5,,11.1973
nc73650170,NC,MDPB,,HHZ,-1,120.0,,277.6,,11.4642
nc73650170,NC,MDC,2.0,EHZ,-1,114.0,,321.6,,12.9209
nc73650170,NC,MLH,,EHZ,1,113.0,,60.8,,13.6992
nc73650170,NC,MTU,2.0,EHZ,1,92.0,,130.7,,45.2007
nc73650230,NP,1589,10.0,HNZ,1,109.0,,107.9,,17.9135
nc73650230,BK,OVRO,0.0,HHZ,1,98.0,,133.4,,29.0219
nc73650230,NC,MRC,,EHZ,-1,98.0,,2.4,,29.2776
nc73650230,NP,1587,10.0,HNZ,1,97.0,,52.3,,31.6461
nc73650230,NC,MCV,,EHZ,-1,96.0,,306.4,,33.781
nc73650230,CI,MLAC,,HHZ,-1,94.0,,311.5,,37.0501
nc73650230,NC,MCO,,EHZ,-1,94.0,,307.7,,38.0954
nc73650230,NC,MLC,,EHZ,1,93.0,,303.0,,41.4423
nc73650230,NC,MCS,,EHZ,-1,93.0,,308.8,,43.5217
nc73650230,NC,MDH1,1.0,DP1,1,92.0,,311.4,,45.501
nc73650230,NC,MEM,,EHZ,1,92.0,,307.7,,46.6574
nc73650230,NC,MQ1P,,EHZ,1,92.0,,297.2,,49.6263
nc73650230,NC,MMP,,EHZ,1,92.0,,296.5,,50.06
nc73650230,NC,MINS,,HHZ,-1,90.0,,299.8,,54.8525
nc73650230,NC,MDC,2.0,EHZ,1,90.0,,306.1,,56.7761
nc73650230,NN,LHV,,HHZ,-1,87.0,,0.9,,93.3815
nc73650230,BK,TOLH,0.0,HHZ,-1,87.0,,238.2,,96.4171
nc73650230,BK,LIND,0.0,HHZ,-1,85.0,,202.2,,126.651
nc73650230,CI,SPG2,,HHZ,1,84.0,,189.3,,135.9914
nc73650230,BK,WINE,0.0,HHZ,1,84.0,,236.7,,148.2228
nc73650230,BK,MERC,0.0,HHZ,1,82.0,,269.8,,171.685
nc73650230,NC,PDRB,1.0,EHZ,-1,75.0,,234.5,,203.4867
nc73650230,NC,PCE,1.0,EHZ,-1,49.0,,226.1,,221.5003
nc73650230,BK,HELL,0.0,HHZ,-1,88.0,,208.9,,92.5142
nc73650230,BK,LEGD,0.0,HHZ,1,84.0,,261.9,,145.9989
nc73650230,BK,MMI,0.0,HHZ,1,86.0,,270.9,,108.2594
nc73650230,CI,CGO,,HHZ,1,85.0,,146.1,,114.8644
nc73650230,CI,POR,,HHZ,1,83.0,,196.6,,151.2251
nc73650230,NC,MDPB,,HHZ,1,90.0,,296.8,,55.1749
nc73650230,NC,MLH,,EHZ,-1,94.0,,319.1,,39.5298
nc73650230,NC,MMLB,,HHZ,1,92.0,,304.6,,49.0147
nc73650230,NC,MMT,,EHZ,1,90.0,,266.5,,58.4552
nc73650250,NC,MLC,,EHZ,-1,133.0,,353.5,,8.1306
nc73650250,NC,MCV,,EHZ,1,131.0,,49.8,,8.7421
nc73650250,NC,MCO,,EHZ,-1,128.0,,22.6,,9.585
nc73650250,NC,MQ1P,,EHZ,1,116.0,,308.5,,13.1321
nc73650250,NC,MMP,,EHZ,1,116.0,,305.7,,13.4435
nc73650250,NC,MDPB,,HHZ,-1,110.0,,304.0,,18.5473
nc73650250,NC,MINS,,HHZ,1,110.0,,312.8,,18.7475
nc73650250,NC,MDC,2.0,EHZ,-1,104.0,,327.5,,22.4503
nc73650250,NC,MMT,,EHZ,1,99.0,,233.3,,30.3229
nc73650360,NC,MQ1P,,EHZ,1,166.0,,308.7,,0.7319
nc73650360,NC,MCY,,EHZ,1,122.0,,341.7,,4.0075
nc73650360,NC,MINS,,HHZ,1,106.0,,321.0,,6.4515
nc73650360,NC,MDC,2.0,EHZ,1,92.0,,348.0,,11.4642
nc73650360,NC,MDPB,,HHZ,1,107.0,,294.8,,6.2703
nc73650360,NC,MMP,,EHZ,1,159.0,,275.4,,1.2298
nc73650600,NC,MCV,,EHZ,1,157.0,,357.0,,2.4485
nc73650600,NC,MCO,,EHZ,-1,129.0,,331.3,,6.4615
nc73650600,NC,MLC,,EHZ,1,117.0,,302.5,,9.158
nc73650600,NC,MCS,,EHZ,-1,108.0,,324.6,,11.8534
nc73650600,NC,MLH,,EHZ,-1,103.0,,5.2,,12.3204
nc73650600,NC,MDH1,,DP1,-1,102.0,,330.1,,14.3219
nc73650600,NC,MEM,,EHZ,1,102.0,,317.9,,14.7111
nc73650935,NC,MDR,2.0,EHZ,-1,131.0,,134.9,,3.4748
nc73650935,NC,MCS,,EHZ,-1,127.0,,261.2,,3.7439
nc73650935,NC,MDH1,,DP1,1,121.0,,299.0,,4.5345
nc73650935,NC,MCO,,EHZ,1,121.0,,179.0,,4.5523
nc73650935,NC,MLH,,EHZ,1,119.0,,64.4,,4.778
nc73650935,NC,MLC,,EHZ,1,106.0,,220.4,,6.9919
nc73650935,NC,MCV,,EHZ,-1,101.0,,158.5,,8.3507
nc73651145,NC,MTU,2.0,EHZ,1,143.0,,139.1,,8.4397
nc73651145,NC,MCV,,EHZ,-1,110.0,,318.1,,26.8425
nc73651145,NC,MCO,,EHZ,-1,106.0,,318.0,,31.2235
nc73651145,NC,MDR,2.0,EHZ,-1,106.0,,323.8,,31.3458
nc73651145,NC,MLC,,EHZ,-1,105.0,,311.4,,33.9923
nc73651145,NC,MMT,,EHZ,1,98.0,,265.7,,49.1926
nc73651145,NC,MCD,,EHZ,1,115.0,,46.4,,22.2167
nc73651145,BK,HELL,0.0,HHZ,1,91.0,,203.6,,88.4222
nc73651145,BK,TOLH,0.0,HHZ,1,91.0,,234.9,,88.6891
nc73651245,NC,MDPB,,HHZ,-1,134.0,,62.5,,6.2614
nc73651245,NC,MINS,,HHZ,-1,123.0,,53.6,,8.9089
nc73651245,NC,MMP,,EHZ,-1,118.0,,87.8,,10.042
nc73651245,NC,MDC,2.0,EHZ,-1,107.0,,37.6,,14.4998
nc73651245,NC,MLC,,EHZ,1,101.0,,88.1,,20.0596
nc73651245,NC,MGPB,,EHZ,-1,99.0,,84.0,,21.2605
nc73651245,NC,MTU,2.0,EHZ,1,89.0,,118.7,,58.4218
nc73651245,NC,MPR,,EHZ,1,87.0,,286.3,,79.9603
nc73651245,BK,BUCR,0.0,HHZ,-1,86.0,,275.1,,89.2228
nc73651245,BK,DRDG,0.0,HHZ,1,86.0,,311.0,,95.8055
nc73651445,NC,MCS,,EHZ,1,139.0,,66.6,,5.2584
nc73651445,NC,MQ1P,,EHZ,-1,135.0,,244.1,,5.9634
nc73651445,NC,MCY,,EHZ,1,134.0,,277.1,,6.1046
nc73651445,NC,MDH,,HNZ,1,131.0,,43.2,,6.6483
nc73651445,NC,MDH1,,DP1,-1,131.0,,43.2,,6.6483
nc73651445,NC,MCO,,EHZ,1,122.0,,102.5,,8.82
nc73651445,NC,MINS,,HHZ,1,121.0,,282.5,,9.0768
nc73651445,NC,MDPB,,HHZ,-1,116.0,,267.7,,10.5012
nc73651445,NC,MDR,2.0,EHZ,1,114.0,,88.9,,11.0027
nc73651445,CI,MLAC,,HHZ,-1,114.0,,93.4,,11.0061
nc73651445,NC,MMT,,EHZ,1,91.0,,213.8,,34.7707
nc73651445,NC,MTU,2.0,EHZ,-1,88.0,,131.8,,47.1244
nc73651445,BK,MMI,0.0,HHZ,1,87.0,,251.0,,73.2997
nc73651445,NC,MCV,,EHZ,-1,107.0,,113.9,,12.6873
nc73651445,NC,MDC,2.0,EHZ,1,115.0,,318.8,,10.8693
nc73651445,NC,MDY,,HHZ,1,139.0,,298.2,,5.165
nc73651445,NC,MEM,,EHZ,1,148.0,,28.8,,3.7873
nc73651445,NC,MLC,,EHZ,-1,142.0,,123.9,,4.8025
nc73651445,NC,MLH,,EHZ,1,106.0,,69.8,,13.677
nc73651445,NC,MMLB,,HHZ,1,154.0,,327.3,,3.0267
nc73651445,NC,MMP,,EHZ,-1,131.0,,243.9,,6.6995
nc73651450,NC,MLI,,HHZ,1,139.0,,272.8,,5.1761
nc73651450,NC,MQ1P,,EHZ,-1,135.0,,246.2,,5.979
nc73651450,NC,MCY,,EHZ,1,133.0,,278.7,,6.2325
nc73651450,NC,MMP,,EHZ,-1,130.0,,245.7,,6.7151
nc73651450,NC,MDH,,HNZ,1,130.0,,41.5,,6.7162
nc73651450,NC,MDH1,,DP1,-1,130.0,,41.5,,6.7162
nc73651450,NC,MDPB,,HHZ,1,115.0,,268.7,,10.598
nc73651450,NC,MDR,2.0,EHZ,1,114.0,,87.9,,10.9049
nc73651450,NC,MDC,2.0,EHZ,1,114.0,,319.0,,11.0761
nc73651450,NC,MCV,,EHZ,-1,107.0,,113.3,,12.5094
nc73651450,NC,MLH,,EHZ,1,106.0,,68.9,,13.6436
nc73651450,BK,MMI,0.0,HHZ,-1,87.0,,251.2,,73.3331
nc73651450,NC,MCS,,EHZ,1,139.0,,64.3,,5.2417
nc73651450,NC,MDY,,HHZ,1,138.0,,299.4,,5.344
nc73651450,NC,MEM,,EHZ,1,148.0,,26.1,,3.9041
nc73651450,NC,MLC,,EHZ,-1,143.0,,122.7,,4.6157
nc73651450,NC,MMLB,,HHZ,1,152.0,,327.6,,3.238
nc73651460,NC,MLC,,EHZ,-1,137.0,,128.8,,4.7402
nc73651460,NC,MDY,,HHZ,1,133.0,,293.8,,5.3007
nc73651460,NC,MQ1P,,EHZ,-1,127.0,,242.9,,6.3581
nc73651460,NC,MMP,,EHZ,1,123.0,,242.8,,7.0953
nc73651460,NC,MDPB,,HHZ,-1,109.0,,266.2,,10.8104
nc73651460,NC,MDC,2.0,EHZ,-1,109.0,,316.6,,10.8493
nc73651460,NC,MCV,,EHZ,-1,101.0,,115.7,,12.5428
nc73651475,NC,MCV,,EHZ,-1,144.0,,24.7,,2.5086
nc73651475,NC,MLC,,EHZ,-1,105.0,,305.9,,8.0883
nc73651475,NC,MLH,,EHZ,-1,90.0,,10.7,,12.3204
nc73651475,NC,MEM,,EHZ,1,90.0,,321.0,,13.8215
nc73651475,NC,MQ1P,,EHZ,1,86.0,,286.9,,16.6348
nc73651475,NC,MMP,,EHZ,1,85.0,,285.2,,17.1685
nc73651475,NC,MDPB,,HHZ,1,83.0,,288.5,,22.1723
nc73651475,NC,MDC,2.0,EHZ,1,82.0,,311.5,,23.5956
nc73651475,NC,MCO,,EHZ,-1,115.0,,340.6,,5.8255
nc73651475,NC,MDR,2.0,EHZ,-1,107.0,,3.4,,7.6124
nc73651480,NC,MLC,,EHZ,-1,144.0,,119.8,,4.46
nc73651480,NC,MDY,,HHZ,1,137.0,,301.8,,5.4975
nc73651480,NC,MQ1P,,EHZ,-1,135.0,,248.7,,5.8867
nc73651480,NC,MMP,,EHZ,1,131.0,,248.0,,6.6194
nc73651480,NC,MDPB,,HHZ,-1,115.0,,270.2,,10.6102
nc73651480,NC,MDR,2.0,EHZ,-1,114.0,,86.5,,10.9038
nc73651480,NC,MDC,2.0,EHZ,1,113.0,,319.9,,11.2974
nc73651480,NC,MCV,,EHZ,-1,107.0,,112.1,,12.3982
nc73651670,NC,MCO,,EHZ,-1,172.0,,289.4,,0.9469
nc73651670,NC,MCV,,EHZ,1,152.0,,144.3,,3.5794
nc73651670,NC,MLC,,EHZ,-1,140.0,,265.3,,5.5331
nc73651670,NC,MMP,,EHZ,1,107.0,,267.4,,15.5451
nc73651900,NC,MCO,,EHZ,1,83.0,,99.2,,14.9557
nc73651900,NC,MDC,2.0,EHZ,1,87.0,,352.4,,7.7314
nc73651900,NC,MDY,,HHZ,-1,124.0,,39.4,,2.4997
nc73651900,NC,MEM,,EHZ,1,86.0,,70.4,,8.4608
nc73651900,NC,MINS,,HHZ,1,116.0,,298.3,,3.0801
nc73651900,NC,MLI,,HHZ,-1,152.0,,111.9,,1.1664
nc73651900,NC,MMP,,EHZ,1,109.0,,177.9,,3.4393
nc73651960,NC,MTU,2.0,EHZ,1,94.0,,101.4,,34.3036
nc73651960,NC,MCV,,EHZ,1,101.0,,27.2,,21.8943
nc73651960,NC,MMP,,EHZ,-1,99.0,,340.8,,22.9284
nc73651960,NC,MDPB,,HHZ,-1,97.0,,333.6,,26.987
nc73651960,NC,MDC,2.0,EHZ,1,94.0,,345.1,,33.8811
nc73651975,NC,MLH,,EHZ,1,151.0,,21.4,,1.9748
nc73651975,NC,MDR,2.0,EHZ,1,140.0,,202.7,,2.8944
nc73651975,CI,MLAC,,HHZ,1,130.0,,197.8,,3.7095
nc73651975,NC,MCO,,EHZ,1,114.0,,216.2,,5.9267
nc73651975,NC,MCS,,EHZ,-1,107.0,,263.8,,7.3322
nc73651975,NC,MCV,,EHZ,1,105.0,,183.7,,8.006
nc73651975,NC,MLC,,EHZ,1,99.0,,235.7,,9.8385
nc73651975,NC,MMP,,EHZ,-1,84.0,,252.3,,19.0477
nc73651995,NC,MLH,,EHZ,1,146.0,,16.9,,5.7688
nc73651995,NC,MDH,,HNZ,-1,133.0,,310.7,,8.6921
nc73651995,NC,MDH1,1.0,DP1,-1,133.0,,310.7,,8.6921
nc73651995,NC,MEM,,EHZ,1,128.0,,294.0,,10.2088
nc73651995,NC,MDY,,HHZ,1,115.0,,281.8,,16.0565
nc73651995,NC,MLI,,HHZ,1,115.0,,273.2,,16.2567
nc73651995,NC,MQ1P,,EHZ,1,114.0,,263.9,,16.6348
nc73651995,NC,MINS,,HHZ,1,109.0,,278.0,,20.2264
nc73651995,NC,MDC,2.0,EHZ,1,109.0,,296.2,,20.4154
nc73651995,NC,MDPB,,HHZ,1,107.0,,271.1,,21.6608
nc73651995,NC,MRC,,EHZ,1,100.0,,80.1,,29.2776
nc73651995,NC,MCD,,EHZ,-1,97.0,,104.5,,35.6491
nc73651995,NC,MTU,2.0,EHZ,1,96.0,,142.0,,38.8515
nc73651995,NC,MMT,,EHZ,1,95.0,,227.4,,41.4868
nc73651995,BK,MMI,0.0,HHZ,1,89.0,,254.1,,83.7187
nc73651995,NC,MMI,,EHZ,1,89.0,,254.1,,83.7187
nc73651995,BK,TOLH,0.0,HHZ,1,87.0,,215.6,,92.6587
nc73651995,BK,HELL,0.0,HHZ,1,87.0,,189.1,,106.6248
nc73651995,NC,MHD,,EHZ,1,86.0,,239.1,,109.8161
nc73651995,CI,MLAC,,HHZ,-1,178.0,,309.9,,0.2354
nc73651995,NC,MCO,,EHZ,1,162.0,,246.8,,2.7799
nc73651995,NC,MCS,,EHZ,1,140.0,,294.6,,6.963
nc73651995,NC,MCV,,EHZ,-1,153.0,,174.3,,4.3288
nc73651995,NC,MDR,2.0,EHZ,-1,173.0,,350.8,,1.0264
nc73651995,NC,MLC,,EHZ,1,138.0,,255.5,,7.4134
nc73651995,NC,MMLB,,HHZ,1,118.0,,284.8,,13.2322
nc73651995,NC,MMP,,EHZ,1,113.0,,263.0,,17.3242
nc73652005,NC,MDR,2.0,EHZ,1,130.0,,144.1,,3.8006
nc73652005,NC,MCS,,EHZ,-1,127.0,,253.0,,4.1142
nc73652005,NC,MCO,,EHZ,1,119.0,,181.7,,5.1839
nc73652005,NC,MLC,,EHZ,-1,107.0,,218.7,,7.6269
nc73652005,NC,MCV,,EHZ,1,102.0,,161.4,,8.86
nc73652005,NC,MMP,,EHZ,1,86.0,,247.2,,16.0454
nc73652080,NC,MCV,,EHZ,-1,124.0,,41.1,,7.5346
nc73652080,NC,MLC,,EHZ,-1,120.0,,342.0,,8.5353
nc73652080,NC,MCO,,EHZ,-1,118.0,,12.5,,9.0969
nc73652080,NC,MCS,,EHZ,1,104.0,,352.1,,12.9876
nc73652080,NC,MQ1P,,EHZ,1,103.0,,304.4,,14.5443
nc73652080,NC,MMP,,EHZ,1,102.0,,301.9,,14.9001
nc73652080,NC,MMLB,,HHZ,-1,102.0,,328.3,,15.6896
nc73652080,NC,MLI,,HHZ,-1,101.0,,313.0,,15.9676
nc73652080,NC,MLH,,EHZ,1,101.0,,21.8,,16.6904
nc73652080,NC,MCY,,EHZ,-1,100.0,,312.4,,17.1574
nc73652080,NC,MDPB,,HHZ,1,97.0,,301.3,,20.0262
nc73652080,NC,MINS,,HHZ,1,97.0,,309.6,,20.0707
nc73652080,NC,MDC,2.0,EHZ,1,90.0,,324.1,,23.451
nc73652080,NC,MMT,,EHZ,1,90.0,,235.2,,31.7017
nc73652080,BK,MMI,0.0,HHZ,1,86.0,,260.3,,77.0803
nc73652305,NC,MDR,2.0,EHZ,1,156.0,,9.4,,1.8703
nc73652305,NC,MCO,,EHZ,1,153.0,,262.9,,2.1016
nc73652305,NC,MCV,,EHZ,-1,138.0,,165.5,,3.5905
nc73652305,NC,MLC,,EHZ,-1,116.0,,261.3,,6.784
nc73652305,NC,MMP,,EHZ,1,94.0,,265.6,,16.7682
nc73652305,NC,MMT,,EHZ,-1,74.0,,227.8,,40.5861
nc73652320,NC,MCV,,EHZ,-1,145.0,,288.9,,4.3177
nc73652320,CI,MLAC,,HHZ,-1,127.0,,321.4,,7.5034
nc73652320,NC,MDR,2.0,EHZ,-1,124.0,,325.2,,8.1839
nc73652320,NC,MCO,,EHZ,-1,123.0,,303.2,,8.443
nc73652320,NC,MLH,,EHZ,-1,113.0,,345.9,,11.5754
nc73652320,NC,MLC,,EHZ,-1,108.0,,288.3,,12.3093
nc73652320,NC,MCS,,EHZ,1,106.0,,308.5,,13.8438
nc73652320,NC,MMP,,EHZ,-1,97.0,,279.5,,22.0055
nc73652320,NC,MMT,,EHZ,-1,91.0,,237.5,,41.6203
nc73652415,CI,MLAC,,HHZ,-1,117.0,,355.7,,7.9994
nc73652415,NC,MLC,,EHZ,-1,110.0,,308.3,,9.6695
nc73652415,NC,MCS,,EHZ,-1,99.0,,327.9,,12.6762
nc73652415,NC,MLH,,EHZ,-1,99.0,,5.3,,13.399
nc73652415,NC,MDH,,HNZ,-1,98.0,,332.6,,15.2003
nc73652415,NC,MEM,,EHZ,-1,98.0,,320.9,,15.4339
nc73652415,NC,MMP,,EHZ,1,96.0,,288.1,,18.5251
nc73652415,NC,MINS,,HHZ,1,86.0,,297.5,,23.0507
nc73652415,NC,MDPB,,HHZ,1,85.0,,290.5,,23.5733
nc73652415,NC,MDC,2.0,EHZ,1,84.0,,312.0,,25.1968
nc73652415,NC,MRC,,EHZ,1,81.0,,65.6,,31.1902
nc73652415,NC,MMT,,EHZ,1,78.0,,236.9,,37.0279
nc73652415,NC,MCO,,EHZ,-1,119.0,,336.2,,7.3644
nc73652415,NC,MCV,,EHZ,-1,144.0,,0.1,,3.5182
nc73652415,NC,MDR,2.0,EHZ,-1,113.0,,356.2,,8.8589
nc73652660,NC,MDR,2.0,EHZ,-1,92.0,,308.6,,39.8856
nc73652660,NC,MCO,,EHZ,-1,92.0,,304.1,,40.5861
nc73652660,NC,MLC,,EHZ,-1,91.0,,300.0,,44.1221
nc73652660,NC,MMP,,EHZ,1,90.0,,294.3,,52.951
nc73652660,NC,MDPB,,HHZ,-1,89.0,,294.8,,58.0549
nc73652660,NC,MMT,,EHZ,1,89.0,,266.2,,61.9356
nc73652660,NP,1589,10.0,HNZ,1,110.0,,114.0,,14.8668
nc73652660,NP,1679,10.0,HNZ,-1,109.0,,38.8,,16.1233
nc73652660,BK,OVRO,0.0,HHZ,1,98.0,,139.3,,27.0204
nc73652660,NP,1587,10.0,HNZ,1,97.0,,49.0,,28.6327
nc73652660,NC,MRC,,EHZ,1,96.0,,355.6,,28.8106
nc73652660,NC,MCV,,EHZ,1,93.0,,302.5,,36.3274
nc73652660,BK,HELL,0.0,HHZ,-1,87.0,,210.6,,94.6936
nc73652660,BK,TOLH,0.0,HHZ,1,86.0,,239.0,,99.6529
nc73652695,NC,MDR,2.0,EHZ,1,143.0,,179.8,,2.8911
nc73652695,NC,MCO,,EHZ,1,120.0,,205.4,,5.5331
nc73652695,NC,MCV,,EHZ,1,107.0,,175.8,,8.234
nc73652695,NC,MLC,,EHZ,1,105.0,,230.5,,9.0635
nc73652695,NC,MMP,,EHZ,1,85.0,,250.5,,18.0469
nc73652720,NC,MCV,,EHZ,1,74.0,,351.0,,6.4282
nc73652720,NC,MCO,,EHZ,1,74.0,,337.4,,10.3667
nc73652720,NC,MLC,,EHZ,-1,74.0,,315.7,,12.3204
nc73652720,NC,MCS,,EHZ,-1,73.0,,330.3,,15.6229
nc73652720,NC,MLH,,EHZ,1,73.0,,0.8,,16.1789
nc73652720,NC,MMP,,EHZ,-1,71.0,,294.7,,20.5043
nc73652720,NC,MLI,,HHZ,1,71.0,,303.3,,21.1159
nc73652720,NC,MTU,2.0,EHZ,-1,68.0,,131.6,,30.0782
nc73652805,NC,MCV,,EHZ,-1,116.0,,331.1,,9.7351
nc73652805,CI,MLAC,,HHZ,1,103.0,,337.7,,14.0217
nc73652805,NC,MCO,,EHZ,-1,103.0,,326.8,,14.0328
nc73652805,NC,MDR,2.0,EHZ,-1,103.0,,339.1,,14.8223
nc73652805,NC,MLC,,EHZ,-1,101.0,,311.8,,16.5013
nc73652805,NC,MTU,2.0,EHZ,-1,90.0,,133.5,,25.8751
nc73652805,NC,MMT,,EHZ,1,88.0,,246.9,,38.8626
nc73652870,NP,1576,10.0,HNZ,1,137.0,,18.5,,5.9011
nc73652870,NC,MCV,,EHZ,-1,122.0,,328.4,,9.2514
nc73652870,CI,MLAC,,HHZ,-1,109.0,,336.1,,13.4879
nc73652870,NC,MCO,,EHZ,-1,108.0,,324.8,,13.588
nc73652870,NC,MLC,,EHZ,-1,106.0,,309.7,,16.19
nc73652870,NC,MLH,,EHZ,-1,104.0,,348.5,,18.0581
nc73652870,NC,MCS,,EHZ,-1,103.0,,322.5,,19.0366
nc73652870,NC,MDH,,HNZ,-1,100.0,,326.4,,21.4384
nc73652870,NC,MEM,,EHZ,-1,99.0,,318.2,,21.9165
nc73652870,NC,MMLB,,HHZ,-1,97.0,,310.8,,23.8624
nc73652870,NC,MMP,,EHZ,-1,97.0,,294.2,,24.6519
nc73652870,NC,MLI,,HHZ,-1,97.0,,301.4,,25.1968
nc73652870,NC,MDY,,HHZ,-1,96.0,,306.4,,26.0752
nc73652870,NC,MTU,2.0,EHZ,-1,96.0,,134.7,,26.2198
nc73652870,NC,MCY,,EHZ,-1,96.0,,301.5,,26.3977
nc73652870,NC,MRC,,EHZ,1,94.0,,53.8,,29.1553
nc73652870,NC,MINS,,HHZ,-1,94.0,,300.7,,29.4222
nc73652870,NC,MDPB,,HHZ,-1,94.0,,295.1,,29.7558
nc73652870,NC,MDC,2.0,EHZ,-1,93.0,,312.0,,31.7239
nc73652870,NC,MFB,,EHZ,1,93.0,,108.1,,32.1131
nc73652870,NP,1679,10.0,HNZ,1,92.0,,88.3,,35.9604
nc73652870,NC,MMT,,EHZ,1,91.0,,246.2,,39.2518
nc73652870,NP,1589,10.0,HNZ,-1,90.0,,114.0,,43.177
nc73652870,BK,OVRO,0.0,HHZ,-1,89.0,,126.3,,54.0074
nc73652870,NP,2021,10.0,HNZ,1,87.0,,38.0,,64.7154
nc73652870,CI,TIN,,HHZ,1,88.0,,136.9,,70.6421
nc73652870,NN,LHV,,HHZ,-1,87.0,,16.1,,84.6527
nc73652870,BK,MMI,0.0,HHZ,1,87.0,,262.9,,86.5097
nc73652870,BK,HELL,0.0,HHZ,1,86.0,,193.4,,95.7166
nc73652870,NN,SJC,,EHZ,-1,85.0,,327.9,,109.1601
nc73652870,GS,MCA04,0.0,HHZ,1,85.0,,56.2,,112.4181
nc73652870,BK,KARE,0.0,BHZ,1,84.0,,212.5,,121.2025
nc73652870,BK,LEGD,0.0,HHZ,1,84.0,,254.8,,126.4286
nc73652870,BK,DRDG,0.0,HHZ,-1,84.0,,304.9,,127.5406
nc73652870,BK,LIND,0.0,HHZ,-1,84.0,,191.1,,131.8772
nc73652870,CI,CWC,,HHZ,1,84.0,,152.6,,134.7683
nc73652870,BK,WINE,0.0,HHZ,1,83.0,,227.2,,137.9929
nc73652870,CI,SPG2,,HHZ,1,83.0,,179.7,,146.3325
nc73652870,BK,MERC,0.0,HHZ,1,83.0,,265.0,,149.8908
nc73652870,LB,TPH,1.0,HHZ,1,83.0,,65.1,,149.8908
nc73652870,BK,CMB,0.0,HHZ,-1,83.0,,292.5,,153.1154
nc73652870,CI,WMF,,HHZ,-1,81.0,,152.0,,175.7992
nc73652870,BK,WSRE,0.0,HHZ,1,81.0,,222.6,,177.6895
nc73652870,CI,ASP,,EHZ,1,80.0,,196.6,,191.9224
nc73652870,NC,PDRB,1.0,EHZ,-1,80.0,,227.6,,193.5904
nc73652870,CI,WAS2,,HHZ,-1,80.0,,174.4,,198.5941
nc73652870,BK,WELL,0.0,HHZ,1,80.0,,301.5,,199.4837
nc73652870,CI,WNM,,EHZ,-1,80.0,,157.2,,201.5964
nc73652870,NC,BMS,,EHZ,-1,80.0,,242.6,,203.1531
nc73652870,CI,WOR,,HHZ,-1,66.0,,166.7,,207.9345
nc73652870,NC,HSL,2.0,EHZ,1,55.0,,255.5,,212.4935
nc73652870,NC,PJC,1.0,EHZ,1,55.0,,222.4,,212.8271
nc73652870,NC,PCE,1.0,EHZ,1,52.0,,219.5,,215.051
nc73652870,NC,CDG,1.0,EHZ,1,49.0,,266.9,,222.501
nc73652870,NC,PCA,,EHZ,1,49.0,,218.8,,224.8361
nc73652870,BK,MTOS,0.0,HHZ,1,49.0,,270.4,,225.8369
nc73652870,NC,PSM,,EHZ,1,49.0,,225.7,,228.8392
nc73652870,NC,HMP,1.0,EHZ,-1,49.0,,261.6,,232.0638
nc73652870,NC,PBS,,EHZ,1,49.0,,212.3,,232.0638
nc73652870,NC,PBC,1.0,EHZ,1,49.0,,236.1,,235.5109
nc73652870,PB,B079,,EHZ,1,49.0,,212.9,,237.6236
nc73652870,NC,CSTC,,EHZ,-1,49.0,,274.0,,241.0706
nc73652870,NC,HGS,3.0,EHZ,-1,49.0,,259.6,,241.849
nc73652870,NC,HMS,1.0,EHZ,-1,49.0,,262.8,,244.9624
nc73652870,NC,HCA,,EHZ,-1,49.0,,257.9,,246.6303
nc73652870,NC,PCC,,EHZ,-1,49.0,,234.0,,265.7559
nc73652870,BK,BUCR,0.0,HHZ,1,84.0,,278.5,,122.648
nc73652870,BK,TOLH,0.0,HHZ,1,87.0,,223.2,,86.632
nc73652870,CI,CGO,,HHZ,-1,83.0,,141.0,,137.8817
nc73652870,NC,BVLB,1.0,EHZ,-1,49.0,,244.5,,238.9579
nc73652890,NP,1576,10.0,HNZ,1,127.0,,18.1,,6.3948
nc73652890,NC,MLC,,EHZ,-1,99.0,,311.3,,16.4124
nc73652890,NC,MLH,,EHZ,-1,97.0,,349.2,,18.5028
nc73652890,NC,MCS,,EHZ,-1,96.0,,323.6,,19.3479
nc73652890,NC,MEM,,EHZ,-1,91.0,,319.3,,22.1945
nc73652890,NC,MTU,2.0,EHZ,-1,92.0,,133.8,,25.964
nc73652890,NC,MINS,,HHZ,1,94.0,,301.6,,29.5667
nc73652890,NC,MDPB,,HHZ,1,94.0,,296.1,,29.8558
nc73652890,NC,MDC,2.0,EHZ,-1,84.0,,312.8,,31.9685
nc73652890,NC,MMT,,EHZ,1,82.0,,246.7,,38.9516
nc73652890,CI,MLAC,,HHZ,-1,101.0,,337.4,,13.8882
nc73652890,NC,MCO,,EHZ,-1,101.0,,326.3,,13.9105
nc73652890,NC,MCV,,EHZ,-1,113.0,,330.5,,9.605
nc73652890,NC,MMLB,,HHZ,-1,91.0,,311.8,,24.0848
nc73652910,NC,MCV,,EHZ,-1,115.0,,330.3,,9.7284
nc73652910,CI,MLAC,,HHZ,-1,102.0,,337.2,,13.9994
nc73652910,NC,MCO,,EHZ,-1,102.0,,326.2,,14.0439
nc73652910,NC,MLC,,EHZ,-1,100.0,,311.3,,16.5458
nc73652910,NC,MLH,,EHZ,-1,98.0,,348.9,,18.614
nc73652910,NC,MCS,,EHZ,-1,97.0,,323.6,,19.4814
nc73652910,NC,MDH,,HNZ,1,90.0,,327.3,,21.9054
nc73652910,NC,MTU,2.0,EHZ,-1,90.0,,133.8,,25.8417
nc73652910,NC,MMT,,EHZ,1,88.0,,246.9,,38.9961
nc73652940,NP,1576,10.0,HNZ,1,134.0,,16.0,,6.2458
nc73652940,NC,MLC,,EHZ,-1,104.0,,310.5,,16.568
nc73652940,NC,MLH,,EHZ,-1,102.0,,348.3,,18.4917
nc73652940,NC,MCS,,EHZ,-1,101.0,,322.9,,19.448
nc73652940,NC,MDH1,,DP1,-1,97.0,,326.7,,21.8609
nc73652940,NC,MEM,,EHZ,-1,96.0,,318.7,,22.3168
nc73652940,NC,MTU,2.0,EHZ,-1,95.0,,134.3,,25.8306
nc73652940,NC,MRC,,EHZ,1,92.0,,52.9,,29.2776
nc73652940,NC,MDPB,,HHZ,1,92.0,,295.7,,30.0671
nc73652940,NC,MDC,2.0,EHZ,-1,92.0,,312.4,,32.1131
nc73652940,NC,MMT,,EHZ,1,91.0,,246.8,,39.2296
nc73652940,CI,MLAC,,HHZ,-1,107.0,,336.3,,13.9216
nc73652940,NC,MCO,,EHZ,-1,106.0,,325.3,,13.9994
nc73652940,NC,MCV,,EHZ,-1,119.0,,328.9,,9.6751
nc73652940,NC,MMLB,,HHZ,-1,95.0,,311.3,,24.2405
nc73652955,NP,1576,10.0,HNZ,1,125.0,,18.6,,6.744
nc73652955,NC,MCV,,EHZ,-1,112.0,,332.2,,9.8018
nc73652955,NC,MLC,,EHZ,-1,99.0,,312.5,,16.5013
nc73652955,NC,MLH,,EHZ,-1,97.0,,349.8,,18.7919
nc73652955,NC,MCS,,EHZ,1,96.0,,324.5,,19.5036
nc73652955,NC,MEM,,EHZ,1,91.0,,320.1,,22.3279
nc73652955,NC,MMLB,,HHZ,-1,92.0,,312.7,,24.1849
nc73652955,NC,MTU,2.0,EHZ,-1,93.0,,133.0,,25.8751
nc73652955,NC,MINS,,HHZ,-1,84.0,,302.3,,29.6001
nc73652955,NC,MDPB,,HHZ,-1,84.0,,296.8,,29.8447
nc73652955,NC,MMT,,EHZ,-1,81.0,,247.1,,38.6847
nc73652955,CI,MLAC,,HHZ,-1,100.0,,338.5,,14.1106
nc73652955,NC,MCO,,EHZ,-1,100.0,,327.6,,14.0884
nc73652955,NC,MDR,2.0,EHZ,-1,100.0,,339.7,,14.9112
nc73653000,NP,1576,10.0,HNZ,1,131.0,,16.9,,6.3726
nc73653000,NC,MLC,,EHZ,-1,102.0,,311.0,,16.5236
nc73653000,NC,MDH,,HNZ,-1,94.0,,327.1,,21.8609
nc73653000,NC,MDH1,1.0,DP1,1,94.0,,327.1,,21.8609
nc73653000,NC,MMP,,EHZ,-1,91.0,,295.3,,24.8743
nc73653000,NC,MCY,,EHZ,-1,90.0,,302.4,,26.6757
nc73653000,NC,MINS,,HHZ,-1,90.0,,301.5,,29.689
nc73653000,BK,HELL,0.0,HHZ,-1,85.0,,193.5,,95.2385
nc73653000,BK,LEGD,0.0,HHZ,1,84.0,,255.1,,126.3174
nc73653000,CI,WAS2,,HHZ,1,80.0,,174.4,,198.1494
nc73653000,BK,MMI,0.0,HHZ,1,86.0,,263.3,,86.4652
nc73653000,BK,TOLH,0.0,HHZ,1,86.0,,223.5,,86.2873
nc73653000,BK,WINE,0.0,HHZ,1,83.0,,227.3,,137.6593
nc73653000,CI,MLAC,,HHZ,-1,104.0,,336.9,,13.955
nc73653000,NC,MCO,,EHZ,-1,104.0,,325.9,,13.9994
nc73653000,NC,MCS,,EHZ,-1,98.0,,323.3,,19.448
nc73653000,NC,MCV,,EHZ,-1,116.0,,329.8,,9.6873
nc73653000,NC,MDC,2.0,EHZ,-1,90.0,,312.7,,32.0797
nc73653000,NC,MDPB,,HHZ,-1,90.0,,296.0,,29.9782
nc73653000,NC,MDR,2.0,EHZ,-1,103.0,,338.3,,14.7444
nc73653000,NC,MDY,,HHZ,-1,90.0,,307.3,,26.3866
nc73653000,NC,MEM,,EHZ,-1,93.0,,319.1,,22.2946
nc73653000,NC,MLH,,EHZ,-1,99.0,,348.8,,18.5473
nc73653000,NC,MMLB,,HHZ,-1,91.0,,311.7,,24.196
nc73653000,NC,MMT,,EHZ,1,91.0,,246.8,,39.0739
nc73653000,NC,MRC,,EHZ,1,90.0,,53.0,,29.4444
nc73653000,NC,MTU,2.0,EHZ,-1,90.0,,133.9,,25.8639
nc73653210,NC,MTU,2.0,EHZ,1,127.0,,107.5,,11.5532
nc73653210,NC,MCV,,EHZ,-1,105.0,,331.4,,26.0307
nc73653210,NC,MCO,,EHZ,1,102.0,,329.4,,30.3117
nc73653210,NC,MDR,2.0,EHZ,-1,101.0,,335.2,,31.0567
nc73653210,NC,MLC,,EHZ,-1,101.0,,321.7,,32.3132
nc73653210,NC,MMT,,EHZ,1,96.0,,268.9,,43.5884
nc73653210,NC,MFB,,EHZ,1,107.0,,77.6,,23.451
nc73653210,NP,1589,10.0,HNZ,-1,101.0,,94.6,,31.9241
nc73653210,NC,MLH,,EHZ,1,99.0,,341.1,,34.5371
nc73653210,NC,MCS,,EHZ,1,99.0,,327.5,,35.6825
nc73653210,BK,TOLH,0.0,HHZ,1,89.0,,234.3,,82.54
nc73653210,NC,MMI,,EHZ,-1,88.0,,272.7,,93.6039
nc73653515,NP,1576,10.0,HNZ,1,123.0,,15.3,,6.7028
nc73653515,NC,MCV,,EHZ,-1,110.0,,330.5,,10.052
nc73653515,NC,MCO,,EHZ,-1,99.0,,326.5,,14.3553
nc73653515,NC,MLH,,EHZ,-1,96.0,,348.7,,18.9254
nc73653515,NC,MCS,,EHZ,-1,95.0,,323.8,,19.7927
nc73653515,NC,MRC,,EHZ,1,82.0,,52.3,,29.6001
nc73653515,NC,MDPB,,HHZ,-1,82.0,,296.6,,30.2228
nc73653515,NC,MDC,2.0,EHZ,-1,81.0,,313.0,,32.3911
nc73653515,NC,MMT,,EHZ,1,79.0,,247.4,,39.0072
nc73653515,NC,MEM,,EHZ,-1,92.0,,319.5,,22.6393
nc73653515,NC,MLC,,EHZ,-1,97.0,,311.8,,16.8349
nc73653605,NC,MCV,,EHZ,-1,131.0,,3.1,,9.4327
nc73653605,NC,MCO,,EHZ,-1,119.0,,348.9,,12.8764
nc73653605,NC,MLC,,EHZ,-1,118.0,,329.2,,13.8326
nc73653605,CI,MLAC,,HHZ,-1,117.0,,359.6,,13.8771
nc73653605,NC,MCS,,EHZ,-1,113.0,,339.4,,17.7578
nc73653605,NC,MLH,,EHZ,-1,111.0,,5.2,,19.3257
nc73653605,NC,MEM,,EHZ,-1,110.0,,332.7,,20.1152
nc73653605,NC,MDH,,HNZ,1,109.0,,341.5,,20.4487
nc73653605,NC,MDH1,,DP1,-1,109.0,,341.5,,20.4487
nc73653605,NC,MMP,,EHZ,-1,109.0,,304.3,,20.6934
nc73653605,NC,MMLB,,HHZ,-1,108.0,,323.4,,21.3161
nc73653605,NC,MLI,,HHZ,1,107.0,,312.3,,21.7942
nc73653605,NC,MCY,,EHZ,-1,105.0,,311.9,,22.9951
nc73653605,NC,MDY,,HHZ,-1,105.0,,317.5,,23.0952
nc73653605,NC,MDPB,,HNZ,-1,103.0,,303.3,,25.8083
nc73653605,NC,MINS,,HHZ,1,103.0,,309.7,,25.9084
nc73653605,NC,MDC,2.0,EHZ,-1,101.0,,321.3,,29.1442
nc73653605,NC,MTU,2.0,EHZ,-1,100.0,,125.1,,29.3666
nc73653605,NC,MMT,,EHZ,1,98.0,,244.9,,33.7143
nc73653605,NC,MRC,,EHZ,1,98.0,,56.9,,34.4704
nc73653605,NC,MCD,,EHZ,1,98.0,,82.0,,34.9374
nc73653605,NC,MFB,,EHZ,1,97.0,,103.1,,36.8834
nc73653605,NP,1589,10.0,HNZ,-1,94.0,,109.6,,47.5914
nc73653605,BK,MMI,0.0,HHZ,1,88.0,,263.5,,80.9833
nc73653605,NC,MMI,,EHZ,1,88.0,,263.5,,80.9833
nc73653605,BK,TOLH,0.0,HHZ,1,89.0,,221.2,,81.8617
nc73653605,NN,LHV,,HHZ,-1,88.0,,19.1,,87.7662
nc73653605,BK,HELL,0.0,HHZ,-1,87.0,,190.4,,93.0813
nc73653605,WR,FRI,,HNZ,1,87.0,,234.0,,95.8611
nc73653605,NC,MHD,,EHZ,1,87.0,,245.6,,103.389
nc73653605,NN,SJC,,EHZ,1,87.0,,330.7,,107.7479
nc73653605,NC,MPR,,EHZ,1,87.0,,288.1,,109.2379
nc73653605,BK,BUCR,0.0,HHZ,1,86.0,,279.6,,117.6442
nc73653605,GS,MCA04,0.0,HHZ,1,86.0,,57.0,,117.7554
nc73653605,BK,LEGD,0.0,HHZ,1,85.0,,254.8,,120.8689
nc73653605,NN,WAK,,HHZ,-1,85.0,,334.7,,122.9816
nc73653605,GM,AE04,1.0,HHZ,-1,85.0,,332.6,,123.0928
nc73653605,GM,AE03,1.0,HHZ,-1,85.0,,332.7,,125.4279
nc73653605,BK,LIND,0.0,HHZ,-1,85.0,,188.8,,129.4309
nc73653605,BK,WINE,0.0,HHZ,-1,85.0,,226.0,,132.9891
nc73653605,CI,CWC,,HHZ,-1,84.0,,150.3,,135.9914
nc73653605,CI,SPG2,,HHZ,-1,84.0,,177.6,,144.887
nc73653605,NC,PCE,1.0,EHZ,1,51.0,,218.6,,210.492
nc73653605,NC,BBGB,,HHZ,-1,49.0,,242.9,,221.5003
nc73653615,NC,MCV,,EHZ,-1,131.0,,3.6,,9.3459
nc73653615,NP,1576,10.0,HNZ,1,128.0,,46.0,,10.1821
nc73653615,NC,MCO,,EHZ,-1,118.0,,349.2,,12.7652
nc73653615,NC,MLC,,EHZ,-1,117.0,,329.3,,13.7103
nc73653615,CI,MLAC,,HHZ,-1,117.0,,359.9,,13.7882
nc73653615,NC,MCS,,EHZ,-1,113.0,,339.6,,17.6466
nc73653615,NC,MLH,,EHZ,-1,111.0,,5.5,,19.2367
nc73653615,NC,MEM,,EHZ,-1,109.0,,332.8,,19.9928
nc73653615,NC,MDH,,HNZ,-1,109.0,,341.6,,20.3376
nc73653615,NC,MDH1,,DP1,1,109.0,,341.6,,20.3376
nc73653615,NC,MMP,,EHZ,-1,109.0,,304.2,,20.5711
nc73653615,NC,MMLB,,HHZ,-1,108.0,,323.5,,21.1826
nc73653615,NC,MLI,,HHZ,-1,107.0,,312.2,,21.6719
nc73653615,NC,MCY,,EHZ,-1,105.0,,311.8,,22.8617
nc73653615,NC,MDY,,HHZ,-1,105.0,,317.5,,22.9618
nc73653615,NC,MDPB,,HHZ,-1,103.0,,303.3,,25.6749
nc73653615,NC,MINS,,HHZ,-1,103.0,,309.7,,25.775
nc73653615,NC,MDC,2.0,EHZ,-1,100.0,,321.4,,29.0219
nc73653615,NC,MTU,2.0,EHZ,-1,100.0,,125.1,,29.5
nc73653615,NC,MMT,,EHZ,1,98.0,,244.6,,33.6698
nc73653615,NC,MRC,,EHZ,1,98.0,,57.1,,34.4927
nc73653615,NC,MCD,,EHZ,1,97.0,,82.2,,35.0042
nc73653615,NC,MFB,,EHZ,1,96.0,,103.2,,36.9946
nc73653615,NP,1679,10.0,HNZ,1,95.0,,86.5,,41.4868
nc73653615,CE,55157,10.0,HNZ,1,94.0,,329.3,,45.9124
nc73653615,NP,1589,10.0,HNZ,1,94.0,,109.7,,47.7137
nc73653615,NP,1587,10.0,HNZ,1,92.0,,80.5,,53.6293
nc73653615,BK,OVRO,0.0,HHZ,1,91.0,,121.9,,57.7324
nc73653615,CI,TIN,,HHZ,-1,89.0,,133.0,,73.4887
nc73653615,BK,MMI,0.0,HHZ,1,88.0,,263.4,,80.9054
nc73653615,NC,MMI,,EHZ,1,88.0,,263.4,,80.9054
nc73653615,BK,TOLH,0.0,HHZ,1,89.0,,221.1,,81.8728
nc73653615,NN,LHV,,HHZ,-1,88.0,,19.2,,87.7106
nc73653615,BK,HELL,0.0,HHZ,-1,87.0,,190.3,,93.1591
nc73653615,WR,FRI,,HNZ,1,87.0,,233.9,,95.85
nc73653615,NP,1808,10.0,HNZ,-1,87.0,,144.2,,96.2281
nc73653615,NC,MHD,,EHZ,1,87.0,,245.5,,103.3446
nc73653615,NN,SJC,,EHZ,-1,87.0,,330.7,,107.6144
nc73653615,NC,MPR,,EHZ,1,86.0,,288.1,,109.1267
nc73653615,BK,KARE,0.0,HHZ,-1,86.0,,210.6,,117.0883
nc73653615,BK,BUCR,0.0,HHZ,1,86.0,,279.5,,117.533
nc73653615,GS,MCA04,0.0,HHZ,1,86.0,,57.0,,117.7554
nc73653615,BK,LEGD,0.0,HHZ,1,85.0,,254.8,,120.7577
nc73653615,NN,WAK,,HHZ,-1,85.0,,334.8,,122.7592
nc73653615,GM,AE04,1.0,HHZ,-1,85.0,,332.6,,122.9816
nc73653615,BK,DRDG,0.0,HHZ,-1,85.0,,306.8,,123.8711
nc73653615,GM,AE03,1.0,HHZ,1,85.0,,332.7,,125.3167
nc73653615,BK,LIND,0.0,HHZ,-1,85.0,,188.8,,129.4309
nc73653615,BK,WINE,0.0,HHZ,1,85.0,,226.0,,132.9891
nc73653615,GM,AE01,1.0,HHZ,1,84.0,,333.7,,134.1011
nc73653615,CI,CWC,,HHZ,1,84.0,,150.3,,136.1026
nc73653615,CI,CGO,,HHZ,1,84.0,,138.9,,140.328
nc73653615,CI,GRA,,HHZ,1,84.0,,113.1,,142.1071
nc73653615,BK,MERC,0.0,HHZ,1,84.0,,265.3,,144.2198
nc73653615,CI,SPG2,,HHZ,-1,84.0,,177.5,,144.9982
nc73653615,BK,CMB,0.0,HHZ,1,84.0,,293.8,,148.6676
nc73653615,LB,TPH,1.0,HHZ,1,83.0,,65.5,,155.5617
nc73653615,CI,POR,,HHZ,-1,83.0,,185.5,,156.3401
nc73653615,BK,BLUE,0.0,HHZ,1,83.0,,305.2,,163.3453
nc73653615,NN,BFC,,HHZ,1,82.0,,336.6,,168.3491
nc73653615,BK,WSRE,0.0,HHZ,1,82.0,,221.6,,172.9081
nc73653615,CI,WMF,,HHZ,-1,82.0,,150.2,,177.2447
nc73653615,NN,PNT,,HHZ,1,81.0,,339.5,,188.0306
nc73653615,NC,PDRB,1.0,EHZ,1,81.0,,226.7,,188.5866
nc73653615,CI,ASP,,EHZ,-1,81.0,,195.2,,189.0314
nc73653615,CI,WCS2,,HHZ,1,81.0,,149.6,,190.1433
nc73653615,CI,WAS2,,HHZ,1,80.0,,172.7,,197.8158
nc73653615,CI,MPM,,HHZ,-1,74.0,,142.9,,200.7068
nc73653615,CI,WNM,,EHZ,-1,71.0,,155.6,,202.486
nc73653615,NC,HSL,2.0,EHZ,1,61.0,,255.5,,206.8226
nc73653615,NC,PJC,1.0,EHZ,1,57.0,,221.6,,208.0457
nc73653615,CI,WOR,,HHZ,-1,58.0,,165.1,,207.8233
nc73653615,NC,PCE,1.0,EHZ,1,51.0,,218.5,,210.492
nc73653615,NC,CDG,1.0,EHZ,1,49.0,,267.2,,217.0525
nc73653615,PB,B076,,EHZ,-1,49.0,,219.6,,224.3914
nc73653615,PB,B073,,EHZ,1,49.0,,220.6,,226.5041
nc73653615,NC,PAGB,,HHZ,-1,49.0,,213.0,,234.1765
nc73653615,NC,HMS,1.0,EHZ,-1,49.0,,263.0,,239.4027
nc73653615,PB,B065,,EHZ,1,49.0,,250.9,,249.299
nc73653615,NC,HFP,,EHZ,1,49.0,,251.2,,250.2998
nc73653690,NC,MCV,,EHZ,-1,114.0,,15.5,,9.4705
nc73653690,NC,MCO,,EHZ,-1,102.0,,357.9,,12.3426
nc73653690,NC,MLC,,EHZ,-1,102.0,,336.4,,12.6429
nc73653690,NC,MGPB,,EHZ,-1,101.0,,343.2,,13.7103
nc73653690,NC,MDR,2.0,EHZ,-1,101.0,,7.6,,14.5777
nc73653690,NC,MMT,,EHZ,1,84.0,,242.8,,32.013
nc73653760,NC,MCV,,EHZ,1,131.0,,5.1,,9.2903
nc73653760,NC,MCO,,EHZ,-1,119.0,,350.2,,12.654
nc73653760,NC,MLC,,EHZ,-1,118.0,,330.0,,13.5324
nc73653760,NC,MGPB,,EHZ,-1,117.0,,336.9,,14.422
nc73653760,NC,MDR,2.0,EHZ,-1,117.0,,0.9,,14.5777
nc73653760,NC,MMT,,EHZ,1,98.0,,244.4,,33.4919
nc73653905,NC,MCV,,EHZ,1,105.0,,273.7,,31.079
nc73653905,NC,MLH,,EHZ,1,104.0,,291.8,,31.9908
nc73653905,CI,MLAC,,HHZ,-1,104.0,,281.6,,32.2688
nc73653905,NC,MDR,2.0,EHZ,1,104.0,,283.1,,32.4244
nc73653905,NC,MCO,,EHZ,1,103.0,,278.8,,34.3926
nc73653905,NC,MLC,,EHZ,1,101.0,,276.7,,38.8737
nc73653905,NC,MCS,,EHZ,1,101.0,,283.8,,38.8626
nc73653905,NC,MMP,,EHZ,1,97.0,,275.0,,48.8146
nc73653905,NC,MMT,,EHZ,1,93.0,,250.8,,65.794
nc73653905,NC,MRC,,EHZ,-1,132.0,,347.2,,11.5309
nc73653905,NC,MFB,,EHZ,-1,122.0,,164.8,,16.4791
nc73653905,NP,1587,10.0,HNZ,1,114.0,,86.6,,21.3383
nc73653905,NP,1589,10.0,HNZ,-1,108.0,,150.7,,26.9759
nc73653905,NC,MEM,,EHZ,1,99.0,,284.5,,42.0762
nc73653905,NC,MDY,,HHZ,1,97.0,,281.6,,48.114
nc73653905,NC,MDC,2.0,EHZ,1,96.0,,287.3,,52.0503
nc73653905,NC,MINS,,HHZ,1,96.0,,280.2,,52.2616
nc73653905,NN,LHV,,HHZ,1,91.0,,358.2,,75.3902
nc73653905,GS,MCA04,0.0,HHZ,1,90.0,,50.1,,87.8885
nc73653970,NC,MDH,,HNZ,-1,140.0,,329.8,,3.6739
nc73653970,NC,MDH1,1.0,DP1,1,140.0,,329.8,,3.6739
nc73653970,CI,MLAC,,HHZ,-1,128.0,,117.1,,5.1294
nc73653970,NC,MCY,,EHZ,1,96.0,,265.8,,12.5094
nc73653970,NC,MQ1P,,EHZ,1,96.0,,250.1,,12.5317
nc73653970,NP,1576,10.0,HNZ,-1,96.0,,127.3,,14.978
nc73653970,NC,MDC,2.0,EHZ,-1,96.0,,295.7,,15.0669
nc73653970,NC,MINS,,HHZ,1,96.0,,271.1,,15.2782
nc73653970,NC,MTU,2.0,EHZ,-1,76.0,,139.1,,43.7997
nc73653970,BK,MMI,0.0,HHZ,1,75.0,,251.4,,79.9047
nc73653970,NC,MRC,,EHZ,1,77.0,,85.6,,33.6921
nc73653970,NC,MCO,,EHZ,-1,136.0,,148.5,,4.1932
nc73653970,NC,MCS,,EHZ,1,160.0,,284.6,,1.6346
nc73653970,NC,MCV,,EHZ,-1,111.0,,142.7,,8.5409
nc73653970,NC,MDPB,,HHZ,1,95.0,,263.0,,17.0351
nc73653970,NC,MDR,2.0,EHZ,1,131.0,,107.8,,4.8147
nc73653970,NC,MDY,,HHZ,1,104.0,,274.0,,10.9983
nc73653970,NC,MEM,,EHZ,1,131.0,,289.9,,4.8726
nc73653970,NC,MLC,,EHZ,1,130.0,,209.1,,4.9671
nc73653970,NC,MLH,,EHZ,1,117.0,,64.6,,7.112
nc73653970,NC,MLI,,HHZ,1,102.0,,262.1,,11.5865
nc73653970,NC,MMLB,,HHZ,1,113.0,,276.3,,8.0994
nc73653970,NC,MMP,,EHZ,1,96.0,,249.7,,13.2656
nc73653970,NC,MMT,,EHZ,1,76.0,,220.2,,39.9746
nc73654195,NC,MCV,,EHZ,-1,114.0,,329.4,,9.9197
nc73654195,NC,MCO,,EHZ,-1,102.0,,325.7,,14.2441
nc73654195,NC,MDR,2.0,EHZ,-1,101.0,,337.9,,14.9668
nc73654195,NC,MLC,,EHZ,-1,100.0,,311.1,,16.7682
nc73654195,NC,MMT,,EHZ,1,86.0,,247.2,,39.1629
nc73654195,NC,MLH,,EHZ,-1,97.0,,348.3,,18.7475
nc73654195,NC,MCS,,EHZ,-1,96.0,,323.2,,19.6815
nc73654195,NC,MRC,,EHZ,-1,90.0,,52.5,,29.3999
nc73654195,NC,MMI,,EHZ,1,84.0,,263.4,,86.6208
nc73654405,CI,MLAC,,HHZ,1,171.0,,125.9,,0.5022
nc73654405,NC,MDR,2.0,EHZ,1,168.0,,36.5,,0.709
nc73654405,NC,MCV,,EHZ,-1,120.0,,167.9,,4.8603
nc73654405,NC,MLH,,EHZ,1,115.0,,24.0,,5.5586
nc73654405,NC,MLC,,EHZ,-1,107.0,,250.7,,6.9786
nc73654455,NC,MCV,,EHZ,1,146.0,,328.4,,4.4411
nc73654455,NC,MCO,,EHZ,-1,124.0,,322.8,,8.7888
nc73654455,NC,MCS,,EHZ,-1,108.0,,320.5,,14.2552
nc73654455,NC,MDH1,1.0,DP1,1,105.0,,325.8,,16.6348
nc73654455,NC,MQ1P,,EHZ,1,101.0,,288.2,,20.3153
nc73654455,NC,MDC,2.0,EHZ,1,95.0,,309.1,,27.1427
nc73654455,NC,MRC,,EHZ,1,94.0,,63.2,,29.1887
nc73654455,NC,MMT,,EHZ,1,91.0,,239.1,,38.8737
nc73654455,CI,MLAC,,HHZ,-1,124.0,,340.4,,8.7477
nc73654455,NC,MDR,2.0,EHZ,-1,121.0,,342.2,,9.5583
nc73654455,NC,MLC,,EHZ,1,114.0,,302.2,,11.7422
nc73654455,NC,MLH,,EHZ,-1,108.0,,355.5,,13.6436
nc73654775,NC,MCV,,EHZ,1,145.0,,354.0,,10.4946
nc73654775,NC,MCO,,EHZ,-1,136.0,,343.4,,14.2552
nc73654775,NC,MFB,,EHZ,1,110.0,,102.1,,35.0931
nc73654775,NC,MMT,,EHZ,1,111.0,,247.5,,34.7707
nc73654775,NC,MEM,,EHZ,-1,124.0,,330.2,,21.7831
nc73654775,NC,MDPB,,HHZ,1,117.0,,303.3,,27.7098
nc73654775,NC,MRC,,EHZ,1,112.0,,54.0,,33.7254
nc73655045,NC,MMT,,EHZ,1,136.0,,231.0,,15.9342
nc73655045,NC,MMP,,EHZ,-1,136.0,,3.5,,15.9454
nc73655045,NC,MQ1P,,EHZ,1,135.0,,5.7,,16.3345
nc73655045,NC,MDPB,,HHZ,1,131.0,,349.3,,18.7475
nc73655045,NC,MLC,,EHZ,-1,130.0,,34.0,,19.5592
nc73655045,NC,MINS,,HHZ,-1,128.0,,354.9,,20.8935
nc73655045,NC,MCO,,EHZ,1,124.0,,42.5,,23.0507
nc73655045,NC,MCV,,EHZ,-1,124.0,,53.4,,23.1285
nc73655045,NC,MDC,2.0,EHZ,-1,120.0,,359.6,,27.0092
nc73655045,NC,MTU,2.0,EHZ,1,107.0,,106.5,,44.011
nc73655050,NC,MCO,,EHZ,-1,158.0,,154.8,,2.6609
nc73655050,NC,MDR,2.0,EHZ,-1,151.0,,94.9,,3.5404
nc73655050,CI,MLAC,,HHZ,-1,150.0,,108.4,,3.6995
nc73655050,NC,MLC,,EHZ,1,144.0,,227.6,,4.7091
nc73655050,NC,MCV,,EHZ,-1,131.0,,143.8,,6.973
nc73655050,NC,MMP,,EHZ,1,108.0,,255.7,,13.9327
nc73655130,NC,MCV,,EHZ,1,130.0,,52.4,,5.3518
nc73655130,NC,MCO,,EHZ,1,122.0,,10.9,,6.595
nc73655130,NC,MLC,,EHZ,1,122.0,,329.6,,6.6294
nc73655130,NC,MDR,2.0,EHZ,1,111.0,,22.9,,9.3226
nc73655130,NC,MCS,,EHZ,1,107.0,,346.5,,10.7581
nc73655130,NC,MQ1P,,EHZ,1,98.0,,294.6,,13.9883
nc73655130,NC,MINS,,HHZ,-1,95.0,,302.7,,19.2367
nc73655130,NC,MDPB,,HHZ,1,95.0,,294.1,,19.5481
nc73655130,NC,MMT,,EHZ,1,79.0,,232.5,,33.7032
nc73655250,NC,MCV,,EHZ,1,158.0,,357.7,,2.4285
nc73655250,NC,MDR,2.0,EHZ,1,125.0,,354.9,,7.7781
nc73655250,NC,MLC,,EHZ,1,119.0,,302.5,,9.1235
nc73655250,NC,MMP,,EHZ,-1,100.0,,284.7,,18.3138
nc73655315,NC,MCV,,EHZ,-1,163.0,,279.0,,2.4085
nc73655315,NP,1576,10.0,HNZ,1,148.0,,113.6,,4.758
nc73655315,NC,MCS,,EHZ,-1,119.0,,309.8,,11.8756
nc73655315,NC,MDH,,HNZ,-1,114.0,,317.8,,13.9772
nc73655315,NC,MEM,,EHZ,1,113.0,,306.1,,15.0113
nc73655315,NC,MQ1P,,EHZ,1,107.0,,278.6,,19.5703
nc73655315,NC,MMP,,EHZ,1,107.0,,277.4,,20.1708
nc73655315,NC,MDY,,HHZ,-1,107.0,,293.3,,20.1596
nc73655315,NC,MINS,,HHZ,1,102.0,,288.2,,24.0292
nc73655315,NC,MDC,2.0,EHZ,1,101.0,,303.0,,25.1857
nc73655315,NC,MRC,,EHZ,1,99.0,,69.5,,27.7876
nc73655315,NC,MTU,2.0,EHZ,-1,96.0,,140.8,,33.4474
nc73655315,NC,MMT,,EHZ,1,94.0,,235.0,,40.7641
nc73655315,BK,MMI,0.0,HHZ,1,88.0,,257.7,,85.3087
nc73655315,CI,MLAC,,HHZ,-1,143.0,,328.3,,5.6832
nc73655315,NC,MCO,,EHZ,-1,139.0,,303.9,,6.4571
nc73655315,NC,MDPB,,HHZ,1,101.0,,281.8,,24.9966
nc73655315,NC,MLC,,EHZ,1,124.0,,285.9,,10.3823
nc73655315,NC,MLH,,EHZ,-1,124.0,,353.7,,10.2622
nc73655315,NC,MMLB,,HHZ,1,110.0,,297.4,,17.5688
nc73655390,NC,MCV,,EHZ,1,115.0,,34.3,,8.1039
nc73655390,NC,MLC,,EHZ,1,109.0,,341.7,,9.6217
nc73655390,NC,MCO,,EHZ,1,108.0,,9.1,,10.0242
nc73655390,CI,MLAC,,HHZ,1,103.0,,19.5,,11.8311
nc73655390,NC,MDR,2.0,EHZ,1,98.0,,18.3,,12.6429
nc73655390,NC,MLH,,EHZ,1,96.0,,19.4,,17.5132
nc73655400,NC,MMT,,EHZ,1,93.0,,242.5,,13.8882
nc73655400,NC,MLC,,EHZ,-1,84.0,,29.0,,22.6838
nc73655400,NC,MCV,,EHZ,1,81.0,,46.9,,25.497
nc73655400,NC,MCO,,EHZ,1,81.0,,37.1,,25.8639
nc73655410,NC,MTU,2.0,EHZ,-1,99.0,,160.1,,9.5049
nc73655410,NC,MFB,,EHZ,1,87.0,,91.8,,15.1336
nc73655410,NC,MCV,,EHZ,-1,79.0,,310.8,,26.6868
nc73655410,NC,MDR,2.0,EHZ,-1,76.0,,317.6,,30.8121
nc73655410,NC,MCO,,EHZ,-1,76.0,,311.7,,31.0567
nc73655410,NC,MLC,,EHZ,-1,74.0,,305.6,,34.2036
nc73655410,NC,MMT,,EHZ,-1,70.0,,263.0,,51.739
nc73655650,NC,MCV,,EHZ,-1,100.0,,12.5,,7.3378
nc73655650,NC,MCO,,EHZ,-1,93.0,,352.4,,10.4712
nc73655650,NC,MLC,,EHZ,1,92.0,,328.1,,11.3419
nc73655650,CI,MLAC,,HHZ,-1,91.0,,4.8,,11.6643
nc73655650,NC,MDR,2.0,EHZ,-1,90.0,,4.5,,12.5205
nc73655655,NC,MMP,,EHZ,1,137.0,,337.7,,3.9474
nc73655655,NC,MQ1P,,EHZ,1,136.0,,348.0,,4.0797
nc73655655,NC,MLI,,HHZ,1,119.0,,355.3,,6.675
nc73655655,NC,MLC,,EHZ,1,108.0,,65.2,,9.3704
nc73655655,NC,MINS,,HHZ,1,108.0,,333.1,,9.5839
nc73655655,NC,MCO,,EHZ,1,96.0,,70.3,,13.9438
nc73655655,NC,MDC,2.0,EHZ,1,96.0,,349.8,,14.9891
nc73655885,NC,MCV,,EHZ,1,127.0,,298.1,,23.8513
nc73655885,CI,MLAC,,HHZ,-1,124.0,,306.0,,26.7201
nc73655885,NC,MDR,2.0,EHZ,1,123.0,,307.4,,27.2205
nc73655885,NC,MCO,,EHZ,-1,122.0,,301.0,,28.0322
nc73655885,NC,MLC,,EHZ,1,118.0,,295.6,,31.7573
nc73655885,NC,MMT,,EHZ,1,105.0,,256.5,,53.6293
nc73655890,CI,MLAC,,HHZ,1,139.0,,304.2,,9.4427
nc73655890,NC,MDR,2.0,EHZ,-1,137.0,,308.4,,9.9397
nc73655890,NC,MCO,,EHZ,1,134.0,,291.8,,10.9716
nc73655890,NC,MLH,,EHZ,-1,128.0,,330.9,,12.2092
nc73655890,NC,MLC,,EHZ,1,124.0,,282.6,,15.1781
nc73655890,NC,MQ1P,,EHZ,1,111.0,,278.0,,24.4184
nc73655890,NC,MTU,2.0,EHZ,1,106.0,,147.4,,30.2228
nc73656000,NC,MCV,,EHZ,1,103.0,,40.7,,9.9353
nc73656000,NC,MLC,,EHZ,-1,102.0,,353.6,,10.0276
nc73656000,NC,MCO,,EHZ,1,99.0,,18.0,,11.2863
nc73656000,NC,MDR,2.0,EHZ,1,93.0,,24.6,,14.1218
nc73656000,NC,MMP,,EHZ,-1,93.0,,311.2,,14.7667
nc73656000,NC,MMT,,EHZ,1,79.0,,236.4,,29.3999
nc73656000,NC,MTU,2.0,EHZ,-1,75.0,,122.0,,35.4267
nc73656330,NP,1576,10.0,HNZ,-1,98.0,,47.2,,12.0313
nc73656330,NC,MQ1P,,EHZ,1,95.0,,311.2,,19.7149
nc73656330,NC,MDH,,HNZ,-1,85.0,,346.5,,20.9714
nc73656330,NC,MDH1,1.0,DP1,1,85.0,,346.5,,20.9714
nc73656330,NC,MLI,,HHZ,1,85.0,,317.1,,21.3494
nc73656330,NC,MCY,,EHZ,1,86.0,,316.5,,22.5281
nc73656330,NC,MLM,,EHZ,-1,82.0,,342.2,,27.0426
nc73656330,NP,1679,10.0,HNZ,1,77.0,,85.1,,43.0769
nc73656330,BK,OVRO,0.0,HHZ,1,77.0,,120.2,,58.4663
nc73656330,CI,TIN,,HHZ,-1,77.0,,131.5,,73.889
nc73656330,BK,TOLH,0.0,HHZ,-1,77.0,,220.8,,80.0603
nc73656330,NN,LHV,,HHZ,-1,77.0,,19.9,,89.245
nc73656330,BK,BUCR,0.0,HHZ,1,76.0,,280.2,,116.1987
nc73656330,BK,LEGD,0.0,HHZ,1,76.0,,255.1,,118.9786
nc73656330,CI,CWC,,HHZ,1,76.0,,149.5,,135.9914
nc73656330,CI,SPG2,,HHZ,-1,76.0,,176.9,,143.9974
nc73656330,BK,CMB,0.0,HHZ,1,76.0,,294.4,,147.7781
nc73656330,CI,POR,,HHZ,-1,75.0,,185.0,,155.1169
nc73656330,BK,BLUE,0.0,HHZ,1,75.0,,305.8,,162.7894
nc73656330,BK,WELL,0.0,HHZ,-1,74.0,,303.1,,194.9247
nc73656330,CI,WOR,,HHZ,-1,73.0,,164.6,,207.1561
nc73656330,BK,DRDG,0.0,HHZ,1,76.0,,307.7,,123.3152
nc73656330,BK,HELL,0.0,HHZ,-1,76.0,,189.5,,91.8248
nc73656330,BK,LIND,0.0,HHZ,-1,76.0,,188.2,,128.2078
nc73656330,BK,MMI,0.0,HHZ,1,77.0,,264.1,,79.282
nc73656330,CI,MLAC,,HHZ,-1,97.0,,5.7,,14.9557
nc73656330,NC,MCO,,EHZ,-1,98.0,,356.3,,13.6659
nc73656330,NC,MCS,,EHZ,-1,96.0,,345.3,,18.2248
nc73656330,NC,MCV,,EHZ,-1,106.0,,11.4,,10.6302
nc73656330,NC,MDC,2.0,EHZ,-1,81.0,,325.0,,28.9774
nc73656330,NC,MDR,2.0,EHZ,-1,97.0,,5.5,,15.8119
nc73656330,NC,MDY,,HHZ,1,86.0,,322.1,,22.8172
nc73656330,NC,MEM,,EHZ,-1,85.0,,338.0,,20.3598
nc73656330,NC,MFB,,EHZ,1,77.0,,101.1,,38.2511
nc73656330,NC,MINS,,HHZ,1,83.0,,313.8,,25.3636
nc73656330,NC,MLC,,EHZ,-1,97.0,,337.0,,13.9994
nc73656330,NC,MLH,,EHZ,-1,85.0,,9.4,,20.5266
nc73656330,NC,MMLB,,HHZ,-1,85.0,,328.5,,21.2382
nc73656330,NC,MMP,,EHZ,1,95.0,,309.2,,20.004
nc73656330,NC,MMT,,EHZ,1,79.0,,245.2,,31.8351
nc73656330,NC,MRC,,EHZ,1,77.0,,57.0,,36.3607
nc73656330,NC,MTU,2.0,EHZ,1,80.0,,121.8,,30.1672
nc73656335,NP,1576,10.0,HNZ,1,96.0,,44.7,,13.1877
nc73656335,CI,MLAC,,HHZ,-1,95.0,,6.8,,16.2011
nc73656335,NC,MQ1P,,EHZ,1,85.0,,314.6,,20.2152
nc73656335,NC,MMP,,EHZ,1,85.0,,312.6,,20.4487
nc73656335,NC,MDH,,HNZ,-1,85.0,,348.3,,22.0388
nc73656335,NC,MDH1,1.0,DP1,1,85.0,,348.3,,22.0388
nc73656335,NC,MDY,,HHZ,-1,84.0,,324.8,,23.5177
nc73656335,NC,MINS,,HHZ,1,82.0,,316.4,,25.9084
nc73656335,NC,MLM,,EHZ,-1,80.0,,343.8,,28.0656
nc73656335,NC,MDC,2.0,EHZ,-1,79.0,,327.1,,29.7335
nc73656335,NC,MRC,,EHZ,1,75.0,,55.8,,37.3949
nc73656335,NC,MFB,,EHZ,1,75.0,,99.2,,38.4734
nc73656335,BK,OVRO,0.0,BHZ,1,75.0,,119.0,,58.2661
nc73656335,CI,SPG2,,HHZ,1,74.0,,176.7,,142.7743
nc73656335,BK,HELL,0.0,HHZ,-1,75.0,,189.3,,90.5683
nc73656335,BK,LIND,0.0,HHZ,-1,74.0,,188.0,,126.8734
nc73656335,BK,MMI,0.0,HHZ,1,75.0,,264.9,,78.726
nc73656335,CI,CWC,,HHZ,1,74.0,,149.0,,135.1018
nc73656335,NC,MCO,,EHZ,-1,95.0,,358.3,,14.8445
nc73656335,NC,MCS,,EHZ,-1,85.0,,347.4,,19.2812
nc73656335,NC,MCV,,EHZ,-1,99.0,,12.3,,11.8979
nc73656335,NC,MDR,2.0,EHZ,-1,95.0,,6.5,,17.0573
nc73656335,NC,MEM,,EHZ,-1,85.0,,340.3,,21.3161
nc73656335,NC,MLC,,EHZ,-1,95.0,,340.3,,14.9557
nc73656335,NC,MLH,,EHZ,-1,85.0,,10.0,,21.7831
nc73656335,NC,MMLB,,HHZ,-1,85.0,,331.1,,22.05
nc73656335,NC,MMT,,EHZ,1,79.0,,246.9,,30.9455
nc73656335,NC,MTU,2.0,EHZ,1,79.0,,119.4,,29.9337
nc73656340,NP,1576,10.0,HNZ,1,99.0,,51.6,,11.4197
nc73656340,NC,MDR,2.0,EHZ,-1,93.0,,6.3,,14.7556
nc73656340,NC,MCS,,EHZ,-1,94.0,,344.7,,17.1574
nc73656340,NC,MEM,,EHZ,1,85.0,,337.1,,19.3257
nc73656340,NC,MLH,,EHZ,-1,85.0,,10.2,,19.4814
nc73656340,NC,MDH,,HNZ,-1,85.0,,346.0,,19.9039
nc73656340,NC,MDC,2.0,EHZ,-1,80.0,,324.0,,28.0545
nc73656340,NC,MCO,,EHZ,-1,93.0,,356.5,,12.5873
nc73656340,NC,MCV,,EHZ,-1,104.0,,13.3,,9.6039
nc73656340,NC,MLC,,EHZ,-1,93.0,,335.5,,12.9764
nc73656360,NC,MCV,,EHZ,-1,113.0,,9.8,,10.519
nc73656360,NC,MLC,,EHZ,-1,103.0,,335.7,,14.0662
nc73656360,NC,MDR,2.0,EHZ,-1,101.0,,4.4,,15.7341
nc73656360,NC,MCS,,EHZ,-1,99.0,,344.3,,18.2471
nc73656360,NC,MQ1P,,EHZ,-1,97.0,,310.5,,19.915
nc73656360,NC,MEM,,EHZ,1,96.0,,337.1,,20.4265
nc73656360,NC,MLH,,EHZ,-1,96.0,,8.5,,20.4154
nc73656360,NC,MDH,,HNZ,1,95.0,,345.6,,20.9825
nc73656360,NC,MDH1,1.0,DP1,-1,95.0,,345.6,,20.9825
nc73656360,NC,MINS,,HHZ,1,90.0,,313.2,,25.5526
nc73656360,NC,MLM,,EHZ,-1,90.0,,341.6,,27.0871
nc73656360,NC,MDC,2.0,EHZ,-1,90.0,,324.5,,29.1108
nc73656360,NC,MTU,2.0,EHZ,1,90.0,,122.2,,29.9337
nc73656360,NC,MMT,,EHZ,1,90.0,,245.4,,32.1353
nc73656360,CI,MLAC,,HHZ,-1,102.0,,4.6,,14.8668
nc73656360,NC,MCO,,EHZ,-1,103.0,,355.0,,13.6325
nc73656520,NC,MLC,,EHZ,-1,98.0,,337.6,,13.7659
nc73656520,NC,MDR,2.0,EHZ,-1,97.0,,6.4,,15.6896
nc73656520,NC,MMT,,EHZ,1,80.0,,244.8,,31.6794
nc73656520,CI,MLAC,,HHZ,-1,98.0,,6.7,,14.8334
nc73656520,NC,MCO,,EHZ,-1,98.0,,357.3,,13.4991
nc73656520,NC,MCS,,EHZ,-1,96.0,,345.9,,18.0247
nc73656520,NC,MCV,,EHZ,-1,107.0,,12.8,,10.5357
nc73656655,NC,MCV,,EHZ,1,153.0,,220.0,,2.3907
nc73656655,CI,MLAC,,HHZ,-1,144.0,,320.8,,3.3981
nc73656655,NC,MDR,2.0,EHZ,-1,138.0,,328.6,,4.0942
nc73656655,NC,MCO,,EHZ,1,133.0,,287.1,,4.7358
nc73656655,NC,MLH,,EHZ,-1,115.0,,357.9,,8.0027
nc73656655,NC,MLC,,EHZ,1,111.0,,273.9,,9.1714
nc73657000,NC,MLH,,EHZ,1,92.0,,6.9,,9.6962
nc73657000,NC,MCS,,EHZ,1,92.0,,315.8,,9.7929
nc73657000,NC,MDH,,HNZ,-1,89.0,,324.0,,12.0758
nc73657000,NC,MEM,,EHZ,1,89.0,,310.0,,12.843
nc73657000,NC,MINS,,HHZ,1,80.0,,288.6,,21.6719
nc73657000,NC,MDC,2.0,EHZ,1,79.0,,304.9,,22.9506
nc73657000,NC,MRC,,EHZ,-1,75.0,,72.0,,29.7669
nc73657000,NC,MMT,,EHZ,1,69.0,,232.4,,39.2407
nc73657000,CI,MLAC,,HHZ,1,113.0,,350.8,,4.3144
nc73657000,NC,MCO,,EHZ,1,113.0,,314.6,,4.3044
nc73657000,NC,MCV,,EHZ,-1,172.0,,202.5,,0.2171
nc73657000,NC,MDR,2.0,EHZ,1,105.0,,352.5,,5.165
nc73657000,NC,MLC,,EHZ,1,95.0,,286.4,,8.016
nc73657070,NC,MCV,,EHZ,-1,133.0,,16.7,,9.5895
nc73657070,NC,MCO,,EHZ,-1,122.0,,359.0,,12.3982
nc73657070,NC,MLC,,EHZ,-1,122.0,,337.5,,12.5984
nc73657070,NC,MQ1P,,EHZ,1,114.0,,309.6,,18.4139
nc73657070,NC,MMT,,EHZ,1,101.0,,242.7,,31.7795
nc73657080,NC,MQ1P,,EHZ,1,145.0,,277.9,,4.172
nc73657080,NC,MMP,,EHZ,1,141.0,,272.7,,4.7914
nc73657080,NC,MLC,,EHZ,1,137.0,,84.6,,5.2528
nc73657080,NC,MMLB,,HHZ,1,135.0,,356.0,,5.7221
nc73657080,NC,MEM,,EHZ,-1,127.0,,25.2,,7.1687
nc73657080,NC,MCS,,EHZ,1,123.0,,49.0,,8.0172
nc73657080,NC,MINS,,HHZ,1,119.0,,304.0,,9.1869
nc73657080,NC,MCO,,EHZ,1,116.0,,82.7,,9.9297
nc73657080,NC,MDC,2.0,EHZ,-1,105.0,,332.4,,12.7874
nc73657085,NP,1679,10.0,HNZ,1,103.0,,92.4,,9.8408
nc73657085,NC,MFB,,EHZ,-1,91.0,,158.9,,12.187
nc73657085,NC,MTU,2.0,EHZ,-1,84.0,,200.6,,21.1826
nc73657085,NP,1587,10.0,HNZ,1,84.0,,74.8,,22.1278
nc73657085,NP,1589,10.0,HNZ,1,83.0,,145.1,,23.173
nc73657085,NC,MCV,,EHZ,1,77.0,,282.0,,31.635
nc73657085,CI,MLAC,,HHZ,1,76.0,,289.3,,33.4141
nc73657085,NC,MLH,,EHZ,1,75.0,,299.0,,33.8811
nc73657085,NC,MCO,,EHZ,1,74.0,,286.1,,35.3044
nc73657085,NC,MLC,,EHZ,1,73.0,,283.2,,39.5965
nc73657085,NC,MCS,,EHZ,1,73.0,,290.1,,40.1302
nc73657085,NC,MEM,,EHZ,-1,73.0,,290.3,,43.366
nc73657085,NC,MQ1P,,EHZ,1,73.0,,280.8,,48.7812
nc73657085,NC,MMP,,EHZ,1,73.0,,280.3,,49.3594
nc73657085,NC,MINS,,HHZ,1,73.0,,285.0,,53.1845
nc73657085,NC,MDC,2.0,EHZ,1,73.0,,291.9,,53.507
nc73657085,NC,MMT,,EHZ,1,73.0,,254.6,,64.393
nc73657085,NC,MDR,2.0,EHZ,1,75.0,,290.7,,33.6921
nc73657200,NC,MCS,,EHZ,1,159.0,,36.1,,1.9537
nc73657200,NC,MLC,,EHZ,1,147.0,,174.4,,3.1857
nc73657200,NC,MDH1,1.0,DP1,1,137.0,,11.5,,4.4278
nc73657200,NC,MCO,,EHZ,1,129.0,,116.1,,5.4886
nc73657200,NC,MDR,2.0,EHZ,1,119.0,,92.3,,7.3289
nc73657200,CI,MLAC,,HHZ,1,119.0,,99.1,,7.4
nc73657200,NC,MDY,,HHZ,-1,114.0,,283.3,,8.4597
nc73657200,NC,MQ1P,,EHZ,1,110.0,,251.1,,9.5617
nc73657200,NC,MCV,,EHZ,-1,110.0,,125.4,,9.714
nc73657200,NC,MLH,,EHZ,1,109.0,,65.2,,10.0854
nc73657200,NC,MMP,,EHZ,1,108.0,,250.4,,10.2911
nc73657200,NC,MINS,,HHZ,1,99.0,,276.7,,12.6206
nc73657200,NC,MDC,2.0,EHZ,-1,99.0,,305.4,,13.2878
nc73657305,NC,MTU,2.0,EHZ,-1,140.0,,192.3,,9.1658
nc73657305,NC,MFB,,EHZ,1,138.0,,92.9,,9.9486
nc73657305,NC,MCD,,EHZ,1,125.0,,34.2,,15.3449
nc73657305,NC,MCV,,EHZ,1,106.0,,304.5,,30.801
nc73657305,NC,MRC,,EHZ,1,110.0,,6.4,,26.798
nc73657305,NC,MLC,,EHZ,1,102.0,,301.1,,38.5402
nc73657305,BK,TOLH,0.0,HHZ,-1,88.0,,236.3,,96.3393
nc73657505,NC,MFB,,EHZ,1,102.0,,105.5,,10.5046
nc73657505,NC,MTU,2.0,EHZ,-1,99.0,,188.9,,11.3864
nc73657505,NC,MCO,,EHZ,1,76.0,,303.1,,33.6365
nc73657505,NC,MLC,,EHZ,1,74.0,,298.2,,37.2392
nc73657585,NC,MTU,2.0,EHZ,1,119.0,,144.7,,11.1195
nc73657585,NC,MFB,,EHZ,1,106.0,,91.9,,18.336
nc73657585,NC,MCV,,EHZ,1,99.0,,315.4,,24.2516
nc73657585,NC,MDR,2.0,EHZ,1,97.0,,322.1,,28.6438
nc73657615,NC,MCV,,EHZ,1,105.0,,302.5,,43.733
nc73657615,CI,MLAC,,HHZ,1,104.0,,306.8,,46.7575
nc73657615,NC,MDR,2.0,EHZ,1,104.0,,307.6,,47.2578
nc73657615,NC,MCO,,EHZ,-1,103.0,,303.9,,47.9917
nc73657615,NC,MLC,,EHZ,1,102.0,,300.3,,51.5166
nc73657615,NC,MQ1P,,EHZ,1,99.0,,295.9,,59.8562
nc73657615,NC,MMP,,EHZ,1,99.0,,295.4,,60.301
nc73657615,NC,MDC,2.0,EHZ,1,98.0,,303.6,,66.717
nc73657615,NC,MMT,,EHZ,1,97.0,,269.9,,68.0735
nc73657650,NC,MCV,,EHZ,1,131.0,,55.0,,5.443
nc73657650,NC,MLC,,EHZ,1,126.0,,330.6,,6.3904
nc73657650,NC,MCO,,EHZ,1,125.0,,13.1,,6.496
nc73657650,CI,MLAC,,HHZ,1,116.0,,26.9,,8.4931
nc73657650,NC,MDR,2.0,EHZ,1,113.0,,24.5,,9.2759
nc73657650,NC,MQ1P,,EHZ,1,100.0,,294.4,,13.7215
nc73657650,NC,MLH,,EHZ,1,100.0,,23.7,,14.144
nc73657650,NC,MMP,,EHZ,1,100.0,,292.0,,14.1885
nc73657650,NC,MINS,,HHZ,1,96.0,,302.6,,18.9699
nc73657650,NC,MMT,,EHZ,1,81.0,,232.1,,33.6253
nc73657745,NC,MCO,,EHZ,1,148.0,,118.5,,2.2962
nc73657745,NC,MLC,,EHZ,-1,139.0,,234.4,,3.1946
nc73657745,NC,MCS,,EHZ,1,137.0,,328.8,,3.3837
nc73657745,CI,MLAC,,HHZ,1,128.0,,88.0,,4.3978
nc73657745,NC,MDR,2.0,EHZ,1,127.0,,77.0,,4.5245
nc73657745,NC,MCV,,EHZ,-1,113.0,,130.8,,6.6061
nc73657750,NC,MCV,,EHZ,-1,112.0,,11.3,,10.4012
nc73657750,NC,MCO,,EHZ,-1,102.0,,356.0,,13.4435
nc73657750,NC,MLC,,EHZ,-1,102.0,,336.4,,13.8215
nc73657750,CI,MLAC,,HNZ,-1,101.0,,5.6,,14.7222
nc73657750,NC,MDR,2.0,EHZ,-1,100.0,,5.3,,15.5895
nc73657750,NC,MCS,,EHZ,-1,98.0,,344.9,,18.0247
nc73657750,NC,MMP,,EHZ,-1,96.0,,308.6,,19.9039
nc73657750,NC,MEM,,EHZ,-1,95.0,,337.6,,20.1708
nc73657750,NC,MLH,,EHZ,-1,95.0,,9.3,,20.2931
nc73657750,NC,MDH,,HNZ,-1,94.0,,346.2,,20.7601
nc73657750,NC,MDH1,,DP1,-1,94.0,,346.2,,20.7601
nc73657750,NC,MMLB,,HHZ,-1,94.0,,328.1,,21.0826
nc73657750,NC,MLI,,HHZ,-1,93.0,,316.6,,21.2271
nc73657750,NC,MCY,,EHZ,-1,90.0,,316.0,,22.4058
nc73657750,NC,MDY,,HHZ,-1,90.0,,321.7,,22.6726
nc73657750,NC,MINS,,HHZ,-1,90.0,,313.3,,25.2524
nc73657750,NC,MDC,2.0,EHZ,-1,90.0,,324.7,,28.8328
nc73657750,NC,MTU,2.0,EHZ,1,91.0,,122.2,,30.2339
nc73657750,NC,MMT,,EHZ,1,93.0,,244.9,,31.9797
nc73657750,NC,MRC,,EHZ,1,85.0,,57.2,,36.1939
nc73657750,NC,MCD,,EHZ,1,84.0,,81.1,,36.5831
nc73657750,NC,MFB,,EHZ,1,84.0,,101.4,,38.2399
nc73657750,NP,1679,10.0,HNZ,-1,84.0,,85.4,,42.9991
nc73657750,NP,1589,10.0,HNZ,-1,84.0,,108.1,,48.8146
nc73657750,NP,1587,10.0,HNZ,1,84.0,,79.9,,55.2194
nc73657750,BK,OVRO,0.0,HHZ,1,84.0,,120.4,,58.533
nc73657750,BK,MMI,0.0,HHZ,1,84.0,,263.9,,79.3598
nc73657750,NC,MMI,,EHZ,1,84.0,,263.9,,79.3598
nc73657750,BK,TOLH,0.0,HHZ,-1,84.0,,220.7,,80.2605
nc73657750,NN,LHV,,HHZ,-1,83.0,,19.9,,89.0227
nc73657750,BK,HELL,0.0,HHZ,-1,83.0,,189.5,,92.0472
nc73657750,NC,MHD,,EHZ,1,83.0,,245.6,,101.6544
nc73657750,NN,SJC,,EHZ,-1,83.0,,331.6,,107.67
nc73657750,NC,MPR,,EHZ,1,83.0,,288.8,,108.0148
nc73657750,BK,BUCR,0.0,HHZ,1,82.0,,280.1,,116.1987
nc73657750,GM,AE05,1.0,HHZ,-1,82.0,,345.5,,118.3114
nc73657750,BK,LEGD,0.0,HHZ,1,82.0,,255.0,,119.201
nc73657750,BK,DRDG,0.0,HHZ,1,82.0,,307.6,,123.3152
nc73657750,BK,LIND,0.0,HHZ,-1,82.0,,188.2,,128.4301
nc73657750,CI,CWC,,HHZ,-1,82.0,,149.5,,136.1026
nc73657750,CI,VOG,,HHZ,-1,82.0,,200.0,,138.8825
nc73657750,CI,CGO,,HHZ,1,82.0,,138.2,,140.6616
nc73657750,BK,MERC,0.0,HHZ,-1,81.0,,265.6,,142.7743
nc73657750,CI,SPG2,,HHZ,-1,81.0,,176.9,,144.2198
nc73657750,BK,CMB,0.0,HHZ,1,81.0,,294.3,,147.7781
nc73657750,CI,POR,,HHZ,-1,80.0,,185.0,,155.3393
nc73657750,LB,TPH,1.0,HHZ,1,80.0,,65.4,,157.2296
nc73657750,BK,BLUE,0.0,HHZ,1,80.0,,305.7,,162.6782
nc73657750,BK,WINE,0.0,HHZ,-1,82.0,,225.8,,131.3212
nc73657750,GS,MCA04,0.0,HHZ,1,82.0,,57.0,,119.5345
nc73657755,NC,MCV,,EHZ,-1,103.0,,11.9,,10.6124
nc73657755,NC,MCO,,EHZ,-1,94.0,,356.7,,13.6214
nc73657755,NC,MLC,,EHZ,-1,94.0,,337.2,,13.9327
nc73657755,CI,MLAC,,HHZ,1,94.0,,6.1,,14.9224
nc73657755,NC,MDR,2.0,EHZ,-1,94.0,,5.8,,15.7786
nc73657755,NC,MCS,,EHZ,-1,94.0,,345.5,,18.1693
nc73657755,NC,MDH1,1.0,DP1,-1,85.0,,346.7,,20.9046
nc73657755,NC,MMT,,EHZ,1,77.0,,245.1,,31.7684
nc73657845,NP,1576,10.0,HNZ,1,108.0,,47.2,,11.9201
nc73657845,NC,MCS,,EHZ,-1,99.0,,344.9,,18.1693
nc73657845,NC,MQ1P,,EHZ,-1,97.0,,310.9,,19.7371
nc73657845,NC,MMP,,EHZ,-1,97.0,,308.9,,20.0262
nc73657845,NC,MLH,,EHZ,-1,96.0,,9.2,,20.4376
nc73657845,NC,MDH,,HNZ,-1,95.0,,346.2,,20.9158
nc73657845,NC,MDH1,1.0,DP1,-1,95.0,,346.2,,20.9158
nc73657845,NC,MMLB,,HHZ,-1,94.0,,328.2,,21.2271
nc73657845,NC,MCY,,EHZ,-1,90.0,,316.2,,22.5392
nc73657845,NC,MDY,,HHZ,1,90.0,,321.8,,22.8172
nc73657845,NC,MINS,,HHZ,-1,90.0,,313.5,,25.3858
nc73657845,NC,MDC,2.0,EHZ,-1,90.0,,324.8,,28.9774
nc73657845,NC,MTU,2.0,EHZ,1,90.0,,122.0,,30.1227
nc73657845,NC,MMT,,EHZ,1,90.0,,245.2,,31.9463
nc73657845,NC,MRC,,EHZ,1,91.0,,57.0,,36.2495
nc73657845,NC,MCD,,EHZ,1,91.0,,80.9,,36.572
nc73657845,BK,MMI,0.0,HHZ,1,86.0,,264.0,,79.3709
nc73657845,NC,MMI,,EHZ,1,86.0,,264.0,,79.3709
nc73657845,BK,TOLH,0.0,HHZ,-1,86.0,,220.8,,80.1715
nc73657845,BK,HELL,0.0,HHZ,-1,85.0,,189.5,,91.9137
nc73657845,NC,MPR,,EHZ,1,85.0,,288.8,,108.0926
nc73657845,CI,MLAC,,HHZ,-1,102.0,,5.4,,14.8668
nc73657845,NC,MCO,,EHZ,-1,103.0,,355.9,,13.5991
nc73657845,NC,MCV,,EHZ,-1,113.0,,11.0,,10.5402
nc73657845,NC,MDR,2.0,EHZ,-1,101.0,,5.2,,15.7341
nc73657845,NC,MEM,,EHZ,-1,96.0,,337.7,,20.3153
nc73657845,NC,MLC,,EHZ,-1,103.0,,336.5,,13.9661
nc73657850,NC,MCS,,EHZ,-1,83.0,,348.6,,19.5258
nc73657850,NC,MQ1P,,EHZ,-1,82.0,,315.9,,20.1819
nc73657850,NC,MEM,,EHZ,-1,81.0,,341.5,,21.5051
nc73657850,NC,MDH,,HNZ,-1,81.0,,349.4,,22.2835
nc73657850,NC,MINS,,HHZ,-1,78.0,,317.4,,25.8862
nc73657850,NC,MDC,2.0,EHZ,-1,76.0,,328.0,,29.8002
nc73657850,NC,MTU,2.0,EHZ,1,76.0,,118.5,,30.0893
nc73657850,NC,MMT,,EHZ,1,75.0,,247.2,,30.5008
nc73657850,CI,MLAC,,HHZ,-1,85.0,,7.9,,16.5569
nc73657850,NC,MCO,,EHZ,-1,87.0,,359.7,,15.1559
nc73657850,NC,MCV,,EHZ,-1,90.0,,13.6,,12.287
nc73657850,NC,MDR,2.0,EHZ,-1,84.0,,7.6,,17.4131
nc73657850,NC,MLC,,EHZ,-1,87.0,,342.0,,15.1336
nc73657875,NC,MCV,,EHZ,-1,110.0,,20.7,,10.648
nc73657875,NC,MLC,,EHZ,-1,101.0,,342.9,,12.9876
nc73657875,NC,MCO,,EHZ,-1,101.0,,3.4,,13.1988
nc73657875,CI,MLAC,,HHZ,1,100.0,,12.3,,14.7556
nc73657875,NC,MDR,2.0,EHZ,-1,100.0,,11.7,,15.6006
nc73657875,NC,MLH,,EHZ,-1,95.0,,14.2,,20.4154
nc73657875,NC,MMT,,EHZ,1,84.0,,243.1,,30.5341
nc73657915,NC,MCV,,EHZ,-1,110.0,,10.4,,10.5368
nc73657915,NP,1576,10.0,HNZ,-1,106.0,,46.8,,11.8423
nc73657915,NC,MCO,,EHZ,-1,101.0,,355.5,,13.6214
nc73657915,NC,MLC,,EHZ,-1,100.0,,336.1,,14.0328
nc73657915,CI,MLAC,,HHZ,-1,100.0,,5.0,,14.8779
nc73657915,NC,MDR,2.0,EHZ,-1,99.0,,4.7,,15.7341
nc73657915,NC,MCS,,EHZ,-1,97.0,,344.6,,18.2248
nc73657915,NC,MQ1P,,EHZ,1,96.0,,310.7,,19.8372
nc73657915,NC,MMP,,EHZ,1,95.0,,308.7,,20.1263
nc73657915,NC,MEM,,EHZ,-1,95.0,,337.4,,20.382
nc73657915,NC,MLH,,EHZ,-1,95.0,,8.8,,20.4376
nc73657915,NC,MDH,,HNZ,-1,94.0,,345.9,,20.9602
nc73657915,NC,MDH1,,DP1,1,94.0,,345.9,,20.9602
nc73657915,NC,MMLB,,HHZ,-1,93.0,,328.0,,21.3049
nc73657915,NC,MLI,,HHZ,1,93.0,,316.6,,21.4495
nc73657915,NC,MDY,,HHZ,-1,90.0,,321.6,,22.895
nc73657915,NC,MINS,,HHZ,-1,93.0,,313.4,,25.4748
nc73657915,NC,MDC,2.0,EHZ,-1,84.0,,324.6,,29.0552
nc73657915,NC,MMT,,EHZ,1,83.0,,245.3,,32.0464
nc73657915,NC,MRC,,EHZ,1,81.0,,56.9,,36.1606
nc73657915,NP,1679,10.0,HNZ,1,81.0,,85.2,,42.8656
nc73657915,NP,1589,10.0,HNZ,1,81.0,,108.0,,48.6144
nc73657915,NP,1587,10.0,HNZ,1,81.0,,79.7,,55.0971
nc73657915,BK,OVRO,0.0,HHZ,1,81.0,,120.4,,58.3217
nc73657915,CI,TIN,,HHZ,1,81.0,,131.7,,73.7667
nc73657915,BK,MMI,0.0,HHZ,1,81.0,,264.1,,79.4933
nc73657915,BK,TOLH,0.0,HHZ,-1,81.0,,220.9,,80.2383
nc73657915,NN,LHV,,HHZ,-1,80.0,,19.8,,89.1227
nc73657915,BK,HELL,0.0,HHZ,-1,80.0,,189.6,,91.9137
nc73657915,WR,FRI,,HNZ,-1,80.0,,234.0,,94.1821
nc73657915,NC,MBUB,1.0,HNZ,-1,80.0,,274.1,,108.504
nc73657915,BK,BUCR,0.0,HHZ,1,80.0,,280.1,,116.4211
nc73657915,BK,LEGD,0.0,HHZ,1,80.0,,255.1,,119.201
nc73657915,GS,MCA04,0.0,HHZ,1,80.0,,56.9,,119.4234
nc73657915,NN,WAK,,HHZ,-1,80.0,,335.5,,123.204
nc73657915,BK,DRDG,0.0,HHZ,1,80.0,,307.6,,123.5376
nc73657915,GM,AE03,1.0,HHZ,-1,80.0,,333.5,,125.6503
nc73657915,BK,LIND,0.0,HHZ,-1,80.0,,188.3,,128.2078
nc73657915,BK,WINE,0.0,HHZ,-1,80.0,,225.9,,131.3212
nc73657915,CI,CWC,,HHZ,-1,80.0,,149.5,,135.8802
nc73657915,CI,VOG,,HHZ,-1,80.0,,200.0,,138.7713
nc73657915,CI,CGO,,HHZ,1,80.0,,138.2,,140.4392
nc73657915,BK,MERC,0.0,HHZ,1,79.0,,265.7,,142.8855
nc73657915,CI,SPG2,,HHZ,-1,79.0,,177.0,,143.9974
nc73657915,BK,CMB,0.0,HHZ,1,79.0,,294.4,,147.8893
nc73657915,CI,POR,,HHZ,-1,78.0,,185.1,,155.2281
nc73657915,LB,TPH,1.0,HHZ,1,78.0,,65.3,,157.1184
nc73657915,BK,BLUE,0.0,HHZ,1,78.0,,305.8,,162.9006
nc73657915,CI,WMF,,HHZ,-1,78.0,,149.7,,177.0223
nc73657915,NC,PDRB,1.0,EHZ,1,78.0,,226.7,,186.9187
nc73657915,NN,PNT,,HHZ,1,78.0,,340.0,,188.5866
nc73657915,CI,WNM,,EHZ,-1,78.0,,155.1,,202.0412
nc73657915,NC,PJC,1.0,EHZ,-1,74.0,,221.5,,206.3778
nc73657915,NC,PCE,1.0,EHZ,-1,70.0,,218.4,,208.8241
nc73657915,NC,CDG,1.0,EHZ,1,54.0,,267.4,,215.607
nc73657915,BK,MTOS,0.0,HHZ,1,48.0,,271.0,,219.054
nc73657915,NC,BBGB,,HHZ,-1,48.0,,242.9,,219.8324
nc73657915,BK,AASB,0.0,HHZ,1,48.0,,298.4,,223.9466
nc73657915,NC,PBO,1.0,EHZ,-1,48.0,,207.4,,225.7257
nc73657915,BP,CCRB,40.0,DP1,-1,48.0,,222.0,,228.6168
nc73657915,BP,SMNB,40.0,DP1,-1,48.0,,222.8,,229.0615
nc73657915,NC,PAGB,,HHZ,-1,48.0,,212.9,,232.5086
nc73657915,NC,HGS,3.0,EHZ,-1,48.0,,259.8,,234.7325
nc73657915,CI,TEJ,,EHZ,1,48.0,,176.7,,251.8565
nc73657940,NC,MCV,,EHZ,-1,92.0,,16.8,,9.2047
nc73657940,NC,MCO,,EHZ,1,89.0,,358.5,,12.0313
nc73657940,NC,MDR,2.0,EHZ,1,87.0,,8.3,,14.2774
nc73657945,NC,MCV,,EHZ,-1,101.0,,8.8,,10.3189
nc73657945,NC,MLC,,EHZ,1,92.0,,334.6,,14.0106
nc73657945,NC,MMP,,EHZ,1,84.0,,307.8,,20.2708
nc73657945,NC,MMT,,EHZ,1,76.0,,245.3,,32.4133
nc73657975,NC,MCV,,EHZ,-1,99.0,,9.1,,12.4205
nc73657975,NC,MCO,,EHZ,-1,98.0,,356.2,,15.5228
nc73657975,NC,MLC,,EHZ,-1,98.0,,339.1,,15.7674
nc73657975,CI,MLAC,,HHZ,-1,97.0,,4.6,,16.7793
nc73657975,NC,MDR,2.0,EHZ,-1,97.0,,4.4,,17.6466
nc73657975,NC,MMT,,EHZ,1,81.0,,248.5,,31.2458
nc73657995,NC,MCV,,EHZ,-1,106.0,,15.7,,8.8244
nc73657995,NC,MCO,,EHZ,-1,97.0,,357.1,,11.7199
nc73657995,NC,MLC,,EHZ,-1,91.0,,334.6,,12.1314
nc73657995,CI,MLAC,,HHZ,-1,92.0,,7.8,,13.0765
nc73657995,NC,MDR,2.0,EHZ,-1,92.0,,7.4,,13.9327
nc73658090,NC,MCV,,EHZ,-1,138.0,,284.5,,9.8585
nc73658090,CI,MLAC,,HHZ,-1,128.0,,304.3,,12.287
nc73658090,NC,MDR,2.0,EHZ,-1,128.0,,307.6,,12.7763
nc73658090,NC,MCO,,EHZ,-1,127.0,,294.4,,13.7548
nc73658090,NC,MLC,,EHZ,-1,121.0,,286.0,,17.8468
nc73658125,NC,MCO,,EHZ,-1,98.0,,359.3,,14.0439
nc73658125,NC,MQ1P,,EHZ,-1,95.0,,313.5,,19.4702
nc73658125,NC,MMP,,EHZ,-1,95.0,,311.4,,19.726
nc73658125,NC,MDH,,HNZ,1,85.0,,348.6,,21.2049
nc73658125,NC,MDH1,1.0,DP1,1,85.0,,348.6,,21.2049
nc73658125,NC,MINS,,HHZ,-1,84.0,,315.6,,25.1523
nc73658125,NC,MLM,,EHZ,-1,82.0,,343.9,,27.2205
nc73658125,NC,MDC,2.0,EHZ,-1,81.0,,326.6,,28.9218
nc73658125,NC,MTU,2.0,EHZ,-1,80.0,,120.4,,30.5564
nc73658125,NC,MMT,,EHZ,1,80.0,,245.4,,31.0234
nc73658125,NC,MRC,,EHZ,1,78.0,,57.0,,37.1725
nc73658125,CI,CWC,,HHZ,1,77.0,,149.1,,135.9914
nc73658125,CI,MLAC,,HHZ,-1,97.0,,8.2,,15.445
nc73658125,NC,MCS,,EHZ,-1,96.0,,347.7,,18.4472
nc73658125,NC,MCV,,EHZ,-1,106.0,,14.5,,11.1862
nc73658125,NC,MDR,2.0,EHZ,-1,97.0,,7.8,,16.3012
nc73658125,NC,MEM,,EHZ,-1,94.0,,340.2,,20.4821
nc73658125,NC,MLC,,EHZ,-1,98.0,,340.2,,14.1218
nc73658125,NC,MLH,,EHZ,-1,85.0,,11.1,,21.0492
nc73658125,NC,MMLB,,HHZ,-1,85.0,,330.7,,21.2271
nc73658130,NP,1576,10.0,HNZ,-1,105.0,,48.1,,12.0424
nc73658130,NC,MQ1P,,EHZ,-1,97.0,,311.2,,19.5369
nc73658130,NC,MMP,,EHZ,-1,97.0,,309.2,,19.8149
nc73658130,NC,MLH,,EHZ,-1,96.0,,9.8,,20.4154
nc73658130,NC,MDH,,HNZ,-1,95.0,,346.7,,20.8046
nc73658130,NC,MDH1,1.0,DP1,1,95.0,,346.7,,20.8046
nc73658130,NC,MMLB,,HHZ,-1,95.0,,328.6,,21.0603
nc73658130,NC,MINS,,HHZ,-1,90.0,,313.8,,25.1857
nc73658130,NC,MDC,2.0,EHZ,1,90.0,,325.1,,28.7995
nc73658130,NC,MTU,2.0,EHZ,1,90.0,,121.8,,30.3451
nc73658130,NC,MMT,,EHZ,1,90.0,,244.9,,31.7684
nc73658130,NC,MRC,,EHZ,1,91.0,,57.2,,36.4052
nc73658130,CI,MLAC,,HHZ,-1,102.0,,6.3,,14.8334
nc73658130,NC,MCO,,EHZ,-1,103.0,,356.8,,13.5213
nc73658130,NC,MCS,,EHZ,-1,99.0,,345.6,,18.0692
nc73658130,NC,MCV,,EHZ,-1,113.0,,12.2,,10.5313
nc73658130,NC,MDR,2.0,EHZ,-1,102.0,,6.0,,15.7007
nc73658130,NC,MDY,,HHZ,-1,90.0,,322.2,,22.6282
nc73658130,NC,MEM,,EHZ,-1,96.0,,338.2,,20.1819
nc73658130,NC,MLC,,EHZ,-1,103.0,,337.2,,13.8215
nc73658130,NC,MLM,,EHZ,-1,90.0,,342.4,,26.8758
nc73658170,NC,MCO,,EHZ,-1,90.0,,359.4,,13.4323
nc73658170,CI,MLAC,,HHZ,-1,92.0,,8.6,,14.8445
nc73658170,NC,MCS,,EHZ,-1,85.0,,347.4,,17.8468
nc73658170,NC,MQ1P,,EHZ,-1,84.0,,312.2,,19.0366
nc73658170,NC,MEM,,EHZ,-1,84.0,,339.7,,19.9039
nc73658170,NC,MLH,,EHZ,-1,84.0,,11.5,,20.4599
nc73658170,NC,MDH,,HNZ,-1,84.0,,348.3,,20.6044
nc73658170,NC,MMLB,,HHZ,1,84.0,,330.0,,20.6823
nc73658170,NC,MINS,,HHZ,-1,81.0,,314.6,,24.6964
nc73658170,NC,MDC,2.0,EHZ,-1,78.0,,326.0,,28.3992
nc73658170,NC,MMT,,EHZ,1,76.0,,244.3,,31.2569
nc73658170,NC,MCV,,EHZ,-1,99.0,,15.5,,10.6047
nc73658170,NC,MDR,2.0,EHZ,-1,92.0,,8.2,,15.7007
nc73658170,NC,MLC,,EHZ,-1,90.0,,339.5,,13.5324
nc73658180,NC,MCV,,EHZ,-1,108.0,,12.0,,10.558
nc73658180,NP,1576,10.0,HNZ,1,100.0,,47.9,,12.0424
nc73658180,NC,MCO,,EHZ,-1,99.0,,356.7,,13.5658
nc73658180,NC,MLC,,EHZ,-1,99.0,,337.1,,13.8771
nc73658180,CI,MLAC,,HHZ,-1,99.0,,6.1,,14.8668
nc73658180,NC,MCS,,EHZ,-1,97.0,,345.4,,18.1137
nc73658180,NC,MQ1P,,EHZ,-1,95.0,,311.2,,19.5925
nc73658180,NC,MMP,,EHZ,-1,95.0,,309.2,,19.8705
nc73658180,NC,MEM,,EHZ,-1,95.0,,338.1,,20.2375
nc73658180,NC,MLH,,EHZ,-1,95.0,,9.7,,20.4487
nc73658180,NC,MDH,,HNZ,-1,94.0,,346.6,,20.8602
nc73658180,NC,MDH1,,DP1,1,94.0,,346.6,,20.8602
nc73658180,NC,MMLB,,HHZ,-1,94.0,,328.6,,21.1159
nc73658180,NC,MDY,,HHZ,-1,92.0,,322.2,,22.6838
nc73658180,NC,MINS,,HHZ,-1,84.0,,313.8,,25.2412
nc73658180,NC,MDC,2.0,EHZ,-1,82.0,,325.1,,28.8551
nc73658180,NC,MTU,2.0,EHZ,-1,82.0,,121.8,,30.2895
nc73658180,NC,MMT,,EHZ,1,81.0,,245.0,,31.7906
nc73658180,NC,MRC,,EHZ,1,79.0,,57.2,,36.383
nc73658180,NC,MFB,,EHZ,1,79.0,,101.2,,38.3511
nc73658180,NP,1679,10.0,HNZ,1,79.0,,85.3,,43.1548
nc73658180,NP,1589,10.0,HNZ,1,79.0,,107.9,,48.9146
nc73658180,NP,1587,10.0,HNZ,1,79.0,,79.8,,55.3862
nc73658180,BK,MMI,0.0,HHZ,1,79.0,,264.0,,79.193
nc73658180,NC,MMI,,EHZ,1,79.0,,264.0,,79.2041
nc73658180,BK,TOLH,0.0,HHZ,1,79.0,,220.7,,80.0715
nc73658180,NN,LHV,,HHZ,-1,78.0,,20.0,,89.1895
nc73658180,BK,HELL,0.0,HHZ,-1,78.0,,189.4,,91.9026
nc73658180,NC,MHD,,EHZ,1,78.0,,245.7,,101.4654
nc73658180,NC,MPR,,EHZ,1,78.0,,288.9,,107.9258
nc73658180,NN,SJC,,EHZ,-1,78.0,,331.7,,107.7145
nc73658180,BK,BUCR,0.0,HHZ,1,78.0,,280.1,,116.0875
nc73658180,GM,AE05,1.0,HHZ,1,78.0,,345.6,,118.4226
nc73658180,BK,LEGD,0.0,HHZ,-1,78.0,,255.0,,118.9786
nc73658180,BK,DRDG,0.0,HHZ,-1,78.0,,307.7,,123.204
nc73658180,NN,WAK,,HHZ,-1,78.0,,335.6,,122.9816
nc73658180,BK,LIND,0.0,HHZ,-1,78.0,,188.1,,128.2078
nc73658180,CI,CGO,,HHZ,1,78.0,,138.1,,140.6616
nc73658180,BK,MERC,0.0,HHZ,-1,78.0,,265.6,,142.5519
nc73658180,CI,SPG2,,HHZ,-1,78.0,,176.9,,144.1086
nc73658180,CI,POR,,HHZ,-1,77.0,,185.0,,155.2281
nc73658180,CI,WMF,,HHZ,-1,76.0,,149.6,,177.1335
nc73658180,CI,WNM,,EHZ,-1,76.0,,155.0,,202.2636
nc73658180,NC,PCE,1.0,EHZ,-1,71.0,,218.3,,208.7129
nc73658180,CI,SRT,,HHZ,1,47.0,,153.5,,223.2794
nc73658185,NP,1576,10.0,HNZ,-1,95.0,,46.2,,13.21
nc73658185,NC,MQ1P,,EHZ,-1,85.0,,314.6,,19.8483
nc73658185,NC,MMP,,EHZ,-1,85.0,,312.6,,20.0929
nc73658185,NC,MDH,,HNZ,-1,85.0,,348.9,,21.7497
nc73658185,NC,MDH1,1.0,DP1,1,85.0,,348.9,,21.7497
nc73658185,NC,MINS,,HHZ,-1,82.0,,316.4,,25.5526
nc73658185,NC,MDC,2.0,EHZ,-1,79.0,,327.2,,29.3888
nc73658185,NC,MTU,2.0,EHZ,1,79.0,,119.5,,30.2784
nc73658185,NC,MMT,,EHZ,1,79.0,,246.3,,30.801
nc73658185,NC,MRC,,EHZ,1,75.0,,56.3,,37.4838
nc73658185,NC,MFB,,EHZ,1,75.0,,99.5,,38.7737
nc73658185,BK,MMI,0.0,HHZ,1,75.0,,264.7,,78.4814
nc73658185,NC,MMI,,EHZ,1,75.0,,264.7,,78.4814
nc73658185,BK,TOLH,0.0,HHZ,-1,75.0,,220.9,,78.8706
nc73658185,NC,MHD,,EHZ,-1,74.0,,246.1,,100.4757
nc73658185,NC,MPR,,EHZ,1,74.0,,289.5,,107.6812
nc73658185,BK,BUCR,0.0,HHZ,1,74.0,,280.7,,115.6427
nc73658185,BK,LIND,0.0,HHZ,-1,74.0,,187.9,,127.0958
nc73658185,CI,SPG2,,HHZ,1,74.0,,176.6,,143.1079
nc73658185,BK,HELL,0.0,HHZ,-1,75.0,,189.1,,90.7573
nc73658185,CI,CWC,,HHZ,1,74.0,,149.0,,135.4354
nc73658185,CI,MLAC,,HHZ,-1,95.0,,7.9,,15.9898
nc73658185,NC,MCD,,EHZ,1,75.0,,79.5,,37.5283
nc73658185,NC,MCO,,EHZ,-1,95.0,,359.3,,14.5999
nc73658185,NC,MCS,,EHZ,-1,85.0,,348.0,,18.9921
nc73658185,NC,MCV,,EHZ,-1,100.0,,13.8,,11.7199
nc73658185,NC,MDY,,HHZ,-1,84.0,,325.0,,23.1619
nc73658185,NC,MEM,,EHZ,-1,85.0,,340.8,,21.0047
nc73658185,NC,MLC,,EHZ,-1,95.0,,341.0,,14.6444
nc73658185,NC,MLH,,EHZ,-1,85.0,,10.8,,21.5941
nc73658185,NC,MMLB,,HHZ,-1,85.0,,331.4,,21.7164
nc73658190,CI,MLAC,,HHZ,1,153.0,,242.5,,2.126
nc73658190,NC,MLC,,EHZ,1,105.0,,251.4,,9.3715
nc73658190,NC,MDH,,HNZ,-1,105.0,,298.7,,9.4605
nc73658190,NC,MDH1,1.0,DP1,1,105.0,,298.7,,9.4605
nc73658190,NP,1576,10.0,HNZ,-1,105.0,,144.8,,9.4482
nc73658190,NC,MQ1P,,EHZ,-1,85.0,,261.0,,18.4695
nc73658190,NC,MMP,,EHZ,-1,85.0,,260.3,,19.17
nc73658190,NC,MDC,2.0,EHZ,-1,84.0,,291.5,,21.5273
nc73658190,NC,MINS,,HHZ,-1,84.0,,274.4,,21.7942
nc73658190,NC,MCD,,EHZ,-1,76.0,,107.1,,34.3148
nc73658190,NC,MMT,,EHZ,1,74.0,,227.9,,43.5106
nc73658190,NC,MCO,,EHZ,1,127.0,,242.4,,4.807
nc73658190,NC,MCS,,EHZ,-1,109.0,,282.4,,8.2306
nc73658190,NC,MCV,,EHZ,1,122.0,,193.2,,5.5842
nc73658190,NC,MEM,,EHZ,-1,99.0,,285.3,,11.442
nc73658190,NC,MLH,,EHZ,1,131.0,,359.7,,4.39
nc73658190,NC,MMLB,,HHZ,-1,94.0,,278.8,,14.6777
nc73658195,BK,CMB,0.0,HHZ,-1,79.0,,294.4,,147.4445
nc73658195,BK,DRDG,0.0,HHZ,-1,80.0,,307.6,,123.0928
nc73658195,BK,HELL,0.0,HHZ,-1,80.0,,189.3,,92.0249
nc73658195,BK,LEGD,0.0,HHZ,1,80.0,,255.0,,118.8674
nc73658195,BK,LIND,0.0,HHZ,-1,80.0,,188.1,,128.3189
nc73658195,BK,MERC,0.0,HHZ,1,80.0,,265.6,,142.5519
nc73658195,BK,MMI,0.0,HHZ,1,81.0,,263.9,,79.1152
nc73658195,BK,TOLH,0.0,HHZ,1,81.0,,220.6,,80.1159
nc73658195,BK,WELL,0.0,HHZ,1,77.0,,303.1,,194.5911
nc73658195,BK,WINE,0.0,HHZ,-1,80.0,,225.7,,131.21
nc73658195,BP,MMNB,40.0,DP1,1,48.0,,221.0,,225.2809
nc73658195,CI,MLAC,,HHZ,-1,100.0,,6.5,,14.7333
nc73658195,CI,POR,,HHZ,-1,79.0,,184.9,,155.3393
nc73658195,CI,SPG2,,HHZ,-1,80.0,,176.8,,144.2198
nc73658195,CI,SRT,,HHZ,1,48.0,,153.5,,223.5018
nc73658195,CI,WAS2,,HHZ,1,77.0,,172.2,,197.1486
nc73658195,CI,WNM,,EHZ,1,78.0,,155.0,,202.3748
nc73658195,CI,WOR,,HHZ,-1,72.0,,164.6,,207.3785
nc73658195,NC,MCD,,EHZ,1,82.0,,81.2,,36.8278
nc73658195,NC,MCO,,EHZ,-1,101.0,,357.1,,13.4101
nc73658195,NC,MCS,,EHZ,-1,98.0,,345.6,,17.9469
nc73658195,NC,MCV,,EHZ,-1,111.0,,12.7,,10.4356
nc73658195,NC,MCY,,EHZ,-1,91.0,,316.4,,22.2279
nc73658195,NC,MDC,2.0,EHZ,-1,94.0,,325.1,,28.6772
nc73658195,NC,MDY,,HHZ,-1,90.0,,322.1,,22.5059
nc73658195,NC,MEM,,EHZ,-1,95.0,,338.2,,20.0596
nc73658195,NC,MFB,,EHZ,1,82.0,,101.4,,38.4846
nc73658195,NC,MINS,,HHZ,-1,92.0,,313.7,,25.0633
nc73658195,NC,MLC,,EHZ,-1,101.0,,337.3,,13.6992
nc73658195,NC,MLH,,EHZ,-1,95.0,,10.0,,20.3153
nc73658195,NC,MMI,,EHZ,1,81.0,,263.9,,79.1152
nc73658195,NC,MMLB,,HHZ,-1,94.0,,328.6,,20.938
nc73658195,NC,MMP,,EHZ,-1,96.0,,309.0,,19.6926
nc73658195,NC,MPR,,EHZ,1,80.0,,288.8,,107.7701
nc73658195,NC,MRC,,EHZ,1,82.0,,57.4,,36.3941
nc73658195,NC,MTU,2.0,EHZ,1,84.0,,122.0,,30.4563
nc73658195,NC,PCE,1.0,EHZ,1,70.0,,218.3,,208.7129
nc73658205,NC,MCV,,EHZ,-1,99.0,,18.1,,11.2196
nc73658205,NC,MLC,,EHZ,-1,93.0,,342.6,,13.7437
nc73658205,NC,MCO,,EHZ,-1,93.0,,2.1,,13.8882
nc73658205,NC,MMP,,EHZ,-1,85.0,,312.4,,19.1033
nc73658205,NC,MMT,,EHZ,1,78.0,,244.6,,30.4785
nc73658215,NC,MEM,,EHZ,-1,96.0,,338.1,,20.004
nc73658215,NC,MLH,,EHZ,-1,95.0,,10.0,,20.2375
nc73658215,NC,MDH,,HNZ,-1,95.0,,346.7,,20.6267
nc73658215,NC,MDH1,1.0,DP1,1,95.0,,346.7,,20.6267
nc73658215,NC,MINS,,HHZ,-1,90.0,,313.5,,25.03
nc73658215,NC,MDC,2.0,EHZ,-1,92.0,,324.9,,28.6327
nc73658215,NC,MMT,,EHZ,1,94.0,,244.6,,31.824
nc73658215,NC,MCD,,EHZ,1,83.0,,81.3,,36.7833
nc73658215,BK,MMI,0.0,HHZ,1,83.0,,263.9,,79.1485
nc73658215,NC,MMI,,EHZ,1,83.0,,263.9,,79.1485
nc73658215,NC,MHD,,EHZ,-1,82.0,,245.5,,101.4987
nc73658215,NC,MPR,,EHZ,1,82.0,,288.8,,107.7812
nc73658215,CI,MLAC,,HHZ,-1,101.0,,6.5,,14.6555
nc73658215,NC,MCO,,EHZ,-1,102.0,,356.9,,13.3434
nc73658215,NC,MCS,,EHZ,-1,98.0,,345.5,,17.8801
nc73658215,NC,MCV,,EHZ,-1,112.0,,12.6,,10.3567
nc73658215,NC,MLC,,EHZ,-1,102.0,,337.1,,13.6436
nc73658290,NC,MCV,,EHZ,-1,105.0,,21.2,,10.8048
nc73658290,NC,MLC,,EHZ,-1,97.0,,343.6,,13.0543
nc73658290,NC,MCO,,EHZ,-1,97.0,,4.0,,13.31
nc73658290,NC,MDR,2.0,EHZ,-1,96.0,,12.1,,15.7452
nc73658290,NC,MMT,,EHZ,1,79.0,,243.2,,30.3562
nc73658310,NP,1576,10.0,HNZ,1,99.0,,45.0,,12.1091
nc73658310,NC,MMP,,EHZ,-1,85.0,,309.6,,20.4487
nc73658310,NC,MDH,,HNZ,-1,85.0,,346.0,,21.405
nc73658310,NC,MCY,,EHZ,1,86.0,,316.7,,22.9951
nc73658310,NC,MTU,2.0,EHZ,1,81.0,,121.4,,29.7335
nc73658310,NC,MRC,,EHZ,1,78.0,,56.2,,36.3496
nc73658310,BK,TOLH,0.0,HHZ,1,78.0,,221.1,,79.938
nc73658310,NC,MHD,,EHZ,1,77.0,,246.0,,101.5988
nc73658310,BK,LEGD,0.0,HHZ,1,77.0,,255.3,,119.201
nc73658310,BK,LIND,0.0,HHZ,-1,77.0,,188.3,,127.763
nc73658310,CI,SPG2,,HHZ,-1,77.0,,177.0,,143.5527
nc73658310,NC,BMS,,EHZ,1,74.0,,242.4,,195.8143
nc73658310,CI,WAS2,,HHZ,1,74.0,,172.3,,196.4814
nc73658310,BK,HELL,0.0,HHZ,-1,77.0,,189.7,,91.4801
nc73658310,BK,MMI,0.0,HHZ,1,78.0,,264.4,,79.5044
nc73658310,CI,MLAC,,HHZ,-1,97.0,,4.6,,15.3115
nc73658310,NC,MCD,,EHZ,1,78.0,,80.1,,36.4719
nc73658310,NC,MCO,,EHZ,-1,98.0,,355.4,,14.0662
nc73658310,NC,MCS,,EHZ,-1,96.0,,344.8,,18.6696
nc73658310,NC,MCV,,EHZ,-1,106.0,,9.6,,10.9638
nc73658310,NC,MDC,2.0,EHZ,-1,81.0,,325.1,,29.4555
nc73658310,NC,MDR,2.0,EHZ,-1,97.0,,4.4,,16.1789
nc73658310,NC,MDY,,HHZ,-1,85.0,,322.2,,23.2842
nc73658310,NC,MEM,,EHZ,-1,85.0,,337.7,,20.8157
nc73658310,NC,MINS,,HHZ,-1,83.0,,314.0,,25.8306
nc73658310,NC,MLC,,EHZ,-1,98.0,,336.6,,14.4553
nc73658310,NC,MLH,,EHZ,-1,85.0,,8.5,,20.8602
nc73658310,NC,MMI,,EHZ,1,78.0,,264.4,,79.5044
nc73658310,NC,MMLB,,HHZ,-1,86.0,,328.5,,21.7052
nc73658310,NC,MMT,,EHZ,1,80.0,,246.1,,31.9241
nc73658310,NC,MPR,,EHZ,1,77.0,,289.0,,108.4151
nc73658345,NC,MCV,,EHZ,-1,103.0,,21.0,,10.8682
nc73658345,NC,MLC,,EHZ,-1,96.0,,343.7,,13.1321
nc73658345,NC,MCO,,EHZ,-1,96.0,,3.9,,13.3879
nc73658345,CI,MLAC,,HHZ,-1,95.0,,12.7,,14.9668
nc73658345,NC,MDR,2.0,EHZ,-1,95.0,,12.0,,15.8119
nc73658345,NC,MMT,,EHZ,1,79.0,,243.3,,30.334
nc73658451,NC,MTU,2.0,EHZ,1,87.0,,143.8,,15.1336
nc73658451,NC,MCV,,EHZ,-1,83.0,,314.2,,20.2597
nc73658451,NC,MCD,,EHZ,1,82.0,,64.1,,21.6941
nc73658451,NC,MCO,,EHZ,1,80.0,,314.8,,24.6408
nc73658451,NC,MLC,,EHZ,1,78.0,,306.9,,27.6653
nc73658451,NC,MMT,,EHZ,1,70.0,,258.1,,46.6352
nc73658480,NC,MCV,,EHZ,-1,106.0,,17.1,,10.9438
nc73658480,NC,MLC,,EHZ,-1,98.0,,341.3,,13.6325
nc73658480,NC,MCO,,EHZ,-1,98.0,,1.0,,13.677
nc73658480,CI,MLAC,,HHZ,-1,97.0,,9.9,,15.1447
nc73658480,NC,MDR,2.0,EHZ,-1,97.0,,9.4,,15.9898
nc73658480,NC,MCS,,EHZ,-1,96.0,,348.7,,18.0025
nc73658480,NC,MMP,,EHZ,-1,95.0,,311.4,,19.17
nc73658480,NC,MLH,,EHZ,-1,85.0,,12.4,,20.7712
nc73658480,NC,MMT,,EHZ,1,80.0,,244.4,,30.801
nc73658481,NC,MCV,,EHZ,-1,105.0,,14.1,,11.4308
nc73658481,NC,MCO,,EHZ,-1,98.0,,359.2,,14.2997
nc73658481,NC,MLC,,EHZ,-1,98.0,,340.5,,14.3664
nc73658481,NC,MTU,2.0,EHZ,-1,81.0,,120.0,,30.4007
nc73658481,NC,MMT,,EHZ,1,80.0,,245.8,,30.9455
nc73658526,NC,MMT,,EHZ,1,93.0,,248.1,,14.1996
nc73658526,NC,MMP,,EHZ,1,84.0,,0.5,,20.6489
nc73658526,NC,MLC,,EHZ,-1,83.0,,25.9,,23.2842
nc73658526,NC,MCV,,EHZ,1,81.0,,43.8,,25.6749
nc73658526,NC,MCO,,EHZ,1,81.0,,34.2,,26.2754
nc73658526,NC,MDR,2.0,EHZ,-1,79.0,,35.8,,29.3777
nc73658530,NC,MCV,,EHZ,-1,105.0,,17.8,,8.8478
nc73658530,NC,MCO,,EHZ,-1,97.0,,358.6,,11.6421
nc73658530,NC,MLC,,EHZ,-1,96.0,,335.8,,11.9201
nc73658530,NC,MDR,2.0,EHZ,-1,92.0,,8.7,,13.8994
nc73658530,NC,MMP,,EHZ,1,85.0,,305.6,,18.3027
nc73658575,NC,MLC,,EHZ,-1,130.0,,336.1,,7.5879
nc73658575,NC,MDR,2.0,EHZ,-1,119.0,,21.7,,10.558
nc73658575,NC,MCS,,EHZ,-1,114.0,,349.2,,11.8867
nc73658575,NC,MQ1P,,EHZ,1,109.0,,299.5,,14.2885
nc73658575,NC,MMP,,EHZ,1,109.0,,297.1,,14.7
nc73658575,NC,MMLB,,HHZ,-1,108.0,,324.5,,14.9557
nc73658575,NC,MLH,,EHZ,-1,108.0,,21.9,,15.4227
nc73658575,NC,MDY,,HHZ,1,107.0,,316.1,,16.7348
nc73658575,NC,MINS,,HHZ,1,103.0,,306.1,,19.6926
nc73658575,NC,MDC,2.0,EHZ,1,99.0,,321.4,,22.7838
nc73658575,NC,MMT,,EHZ,1,94.0,,233.9,,32.7469
nc73658575,NC,MCO,,EHZ,-1,129.0,,11.2,,7.847
nc73658575,NC,MCV,,EHZ,-1,136.0,,45.2,,6.3681
nc73658635,NC,MCV,,EHZ,-1,109.0,,18.3,,10.9004
nc73658635,NC,MLC,,EHZ,-1,100.0,,342.0,,13.4657
nc73658635,NC,MCO,,EHZ,-1,100.0,,1.9,,13.5658
nc73658635,CI,MLAC,,HHZ,-1,99.0,,10.7,,15.0669
nc73658635,NC,MDR,2.0,EHZ,-1,99.0,,10.2,,15.9231
nc73658635,NC,MCS,,EHZ,-1,97.0,,349.3,,17.8579
nc73658635,NC,MMP,,EHZ,1,96.0,,311.6,,18.9365
nc73658635,NC,MLH,,EHZ,-1,94.0,,13.0,,20.7045
nc73658635,NC,MMT,,EHZ,1,83.0,,244.1,,30.6676
nc73658640,NC,MCV,,EHZ,-1,99.0,,21.7,,7.9527
nc73658640,NC,MCO,,EHZ,-1,93.0,,359.8,,10.6002
nc73658640,NC,MLC,,EHZ,-1,93.0,,334.7,,10.886
nc73658640,CI,MLAC,,HHZ,-1,90.0,,11.1,,12.0758
nc73658640,NC,MDR,2.0,EHZ,-1,89.0,,10.4,,12.9209
nc73658640,NC,MMT,,EHZ,1,74.0,,239.7,,32.4912
nc73658660,NC,MCV,,EHZ,-1,94.0,,18.4,,11.353
nc73658660,NC,MLC,,EHZ,1,90.0,,343.2,,13.8215
nc73658660,NC,MCO,,EHZ,-1,90.0,,2.5,,13.9994
nc73658660,NC,MDR,2.0,EHZ,-1,86.0,,10.5,,16.3679
nc73658660,NC,MMP,,EHZ,1,83.0,,312.9,,19.1033
nc73658660,NC,MMT,,EHZ,1,76.0,,244.7,,30.334
nc73658661,NC,MCV,,EHZ,1,165.0,,38.8,,1.8358
nc73658661,NC,MCO,,EHZ,1,142.0,,338.5,,4.9927
nc73658661,NC,MDR,2.0,EHZ,1,132.0,,4.7,,6.7707
nc73658661,NC,MLC,,EHZ,-1,129.0,,301.1,,7.5335
nc73658661,NC,MCS,,EHZ,1,119.0,,327.1,,10.2922
nc73658661,NC,MLH,,EHZ,1,115.0,,12.0,,11.5087
nc73658665,NP,1576,10.0,HNZ,1,99.0,,50.1,,12.0202
nc73658665,NC,MQ1P,,EHZ,1,96.0,,310.9,,19.1255
nc73658665,NC,MMP,,EHZ,1,95.0,,308.9,,19.4146
nc73658665,NC,MEM,,EHZ,-1,95.0,,338.5,,19.7816
nc73658665,NC,MDH,,HNZ,-1,95.0,,347.2,,20.4265
nc73658665,NC,MDH1,1.0,DP1,1,95.0,,347.2,,20.4265
nc73658665,NC,MCY,,EHZ,1,93.0,,316.4,,21.9276
nc73658665,NC,MDY,,HHZ,-1,86.0,,322.2,,22.2167
nc73658665,NC,MINS,,HHZ,-1,84.0,,313.6,,24.7742
nc73658665,NC,MDC,2.0,EHZ,-1,82.0,,325.1,,28.3881
nc73658665,NC,MMT,,EHZ,1,80.0,,244.2,,31.6906
nc73658665,NC,MRC,,EHZ,1,79.0,,57.9,,36.4386
nc73658665,CI,MLAC,,HHZ,-1,98.0,,7.4,,14.5332
nc73658665,NC,MCO,,EHZ,-1,99.0,,357.9,,13.1766
nc73658665,NC,MCS,,EHZ,-1,97.0,,346.1,,17.68
nc73658665,NC,MCV,,EHZ,-1,109.0,,14.0,,10.2633
nc73658665,NC,MDR,2.0,EHZ,-1,98.0,,7.0,,15.3894
nc73658665,NC,MLC,,EHZ,-1,99.0,,337.7,,13.4212
nc73658665,NC,MLH,,EHZ,-1,95.0,,10.7,,20.1374
nc73658665,NC,MMLB,,HHZ,-1,94.0,,328.8,,20.6489
nc73658686,NC,MTU,2.0,EHZ,1,158.0,,22.2,,5.6976
nc73658686,NC,MFB,,EHZ,1,126.0,,45.5,,19.6481
nc73658686,NC,MCV,,EHZ,-1,107.0,,326.1,,38.1176
nc73658686,NC,MCO,,EHZ,-1,104.0,,325.2,,42.4542
nc73658686,NC,MDR,2.0,EHZ,-1,104.0,,329.4,,42.9212
nc73658686,NC,MLC,,EHZ,-1,103.0,,319.8,,44.6892
nc73658686,NC,MLH,,EHZ,1,103.0,,334.3,,46.0125
nc73658686,NC,MCS,,EHZ,-1,102.0,,324.2,,47.9028
nc73658686,NC,MRC,,EHZ,-1,105.0,,9.8,,41.4757
nc73658686,NC,MEM,,EHZ,1,101.0,,322.3,,50.6938
nc73658686,NC,MMP,,EHZ,-1,101.0,,311.1,,51.5944
nc73658686,NC,MMT,,EHZ,1,100.0,,278.7,,53.04
nc73658686,NC,MDY,,HHZ,1,100.0,,316.4,,54.2186
nc73658686,NC,MDC,2.0,EHZ,1,98.0,,318.4,,60.2009
nc73658686,BK,TOLH,0.0,HHZ,1,93.0,,242.7,,85.5645
nc73658706,NC,MCV,,EHZ,-1,156.0,,290.1,,2.7065
nc73658706,CI,MLAC,,HHZ,-1,133.0,,329.8,,6.2414
nc73658706,NC,MCO,,EHZ,-1,129.0,,307.0,,6.9108
nc73658706,NC,MDR,2.0,EHZ,-1,129.0,,333.4,,6.993
nc73658706,NC,MLC,,EHZ,1,115.0,,288.5,,10.7003
nc73658706,NC,MLH,,EHZ,1,114.0,,353.2,,10.8315
nc73658706,NC,MMP,,EHZ,1,99.0,,278.9,,20.4043
nc73658730,NC,MDR,2.0,EHZ,-1,94.0,,7.2,,15.6451
nc73658730,NC,MCS,,EHZ,-1,94.0,,346.5,,17.8913
nc73658730,NC,MQ1P,,EHZ,1,85.0,,311.6,,19.2256
nc73658730,NC,MEM,,EHZ,-1,85.0,,339.0,,19.9817
nc73658730,NC,MLH,,EHZ,-1,85.0,,10.7,,20.382
nc73658730,NC,MDH,,HNZ,-1,85.0,,347.6,,20.6489
nc73658730,NC,MDH1,1.0,DP1,1,85.0,,347.6,,20.6489
nc73658730,NC,MINS,,HHZ,1,82.0,,314.1,,24.8854
nc73658730,NC,MMT,,EHZ,1,78.0,,244.5,,31.5126
nc73658730,CI,MLAC,,HHZ,-1,94.0,,7.6,,14.7889
nc73658730,NC,MCO,,EHZ,-1,94.0,,358.2,,13.4212
nc73658730,NC,MCV,,EHZ,-1,103.0,,14.1,,10.5146
nc73658730,NC,MLC,,EHZ,-1,94.0,,338.3,,13.6214
nc73658916,NC,MCV,,EHZ,-1,121.0,,23.5,,7.6335
nc73658916,NC,MCO,,EHZ,1,112.0,,0.4,,10.211
nc73658916,NC,MLC,,EHZ,-1,111.0,,334.3,,10.4901
nc73658916,NC,MDR,2.0,EHZ,1,102.0,,11.2,,12.5539
nc73658916,NC,MQ1P,,EHZ,-1,99.0,,304.5,,16.8683
nc73658916,NC,MMP,,EHZ,1,98.0,,302.4,,17.2352
nc73658916,NC,MDC,2.0,EHZ,1,92.0,,322.4,,25.6638
nc73658916,NC,MMT,,EHZ,1,84.0,,239.1,,32.5912
nc73658921,NC,MCV,,EHZ,-1,120.0,,23.7,,7.6847
nc73658921,NC,MCO,,EHZ,1,110.0,,0.6,,10.2488
nc73658921,NC,MLC,,EHZ,-1,109.0,,334.6,,10.5046
nc73658921,NC,MDR,2.0,EHZ,1,100.0,,11.4,,12.5984
nc73658921,NC,MMP,,EHZ,-1,98.0,,302.5,,17.213
nc73658921,NC,MMT,,EHZ,1,82.0,,239.1,,32.5356
nc73658941,NC,MCV,,EHZ,1,130.0,,20.8,,6.7773
nc73658941,NC,MCO,,EHZ,1,118.0,,356.6,,9.5628
nc73658941,CI,MLAC,,HHZ,1,114.0,,9.5,,10.9382
nc73658941,NC,MLC,,EHZ,1,116.0,,329.5,,10.2021
nc73658941,NC,MMT,,EHZ,1,91.0,,238.6,,33.4808
nc73659016,NC,MCV,,EHZ,-1,100.0,,4.4,,14.333
nc73659016,NC,MCO,,EHZ,-1,97.0,,353.9,,17.6022
nc73659016,NC,MLC,,EHZ,-1,97.0,,338.9,,17.958
nc73659016,NC,MDR,2.0,EHZ,-1,96.0,,1.5,,19.6148
nc73659016,NC,MCS,,EHZ,-1,92.0,,345.3,,22.2167
nc73659016,NC,MMP,,EHZ,1,92.0,,315.1,,23.3398
nc73659016,NC,MTU,2.0,EHZ,-1,84.0,,116.0,,27.4207
nc73659016,NC,MMT,,EHZ,-1,82.0,,252.5,,31.3792
nc73659016,NC,MFB,,EHZ,1,80.0,,95.5,,36.7054
nc73659036,NC,MLC,,EHZ,-1,163.0,,113.5,,1.2721
nc73659036,NC,MCO,,EHZ,1,120.0,,87.4,,5.7933
nc73659036,NC,MDH,,HNZ,1,112.0,,13.9,,7.2143
nc73659036,NC,MDH1,1.0,DP1,-1,112.0,,13.9,,7.2143
nc73659036,NC,MQ1P,,EHZ,-1,108.0,,267.0,,8.2062
nc73659036,NC,MDY,,HHZ,-1,106.0,,302.0,,8.6966
nc73659036,NC,MMP,,EHZ,-1,106.0,,265.0,,8.8823
nc73659036,NC,MCV,,EHZ,-1,105.0,,108.7,,9.2625
nc73659036,NC,MLH,,EHZ,1,92.0,,55.4,,12.1536
nc73659036,NC,MINS,,HHZ,-1,92.0,,289.5,,12.3982
nc73659036,NC,MDC,2.0,EHZ,-1,93.0,,316.1,,14.3775
nc73659036,NC,MMT,,EHZ,1,75.0,,219.7,,34.7373
nc73659036,NC,MCS,,EHZ,1,127.0,,25.2,,4.6924
nc73659036,NC,MEM,,EHZ,1,121.0,,349.8,,5.5709
nc73659036,NC,MMLB,,HHZ,-1,115.0,,316.7,,6.4882
nc73659051,NC,MCV,,EHZ,1,127.0,,335.9,,18.6252
nc73659051,NC,MCO,,EHZ,1,120.0,,332.4,,22.8172
nc73659051,NC,MLC,,EHZ,1,118.0,,322.1,,24.7075
nc73659051,NC,MLH,,EHZ,-1,115.0,,346.7,,27.5541
nc73659051,NC,MQ1P,,EHZ,1,111.0,,308.6,,31.4126
nc73659051,NC,MMP,,EHZ,1,111.0,,307.4,,31.7239
nc73659051,NC,MINS,,HHZ,1,107.0,,310.8,,37.0057
nc73659051,BK,HELL,0.0,HHZ,-1,93.0,,196.5,,87.6216
nc73659060,NC,MCV,,EHZ,1,159.0,,38.4,,2.5831
nc73659060,NC,MCO,,EHZ,-1,141.0,,345.3,,5.413
nc73659060,NC,MDR,2.0,EHZ,1,131.0,,7.8,,7.41
nc73659060,NC,MLC,,EHZ,-1,130.0,,306.8,,7.4845
nc73659060,NC,MCS,,EHZ,-1,119.0,,330.9,,10.5635
nc73659060,NC,MLH,,EHZ,1,111.0,,13.5,,12.187
nc73659060,NC,MMP,,EHZ,-1,107.0,,284.8,,16.568
nc73659060,NC,MMT,,EHZ,1,92.0,,233.5,,36.5609
nc73659070,CI,MLAC,,HHZ,1,139.0,,6.1,,6.4593
nc73659070,NC,MCS,,EHZ,-1,123.0,,329.3,,10.6703
nc73659070,NC,MLH,,EHZ,1,116.0,,12.1,,12.0646
nc73659070,NC,MQ1P,,EHZ,-1,111.0,,286.1,,16.3012
nc73659070,NC,MMP,,EHZ,-1,111.0,,284.4,,16.846
nc73659070,NC,MLI,,HHZ,-1,111.0,,295.1,,16.9572
nc73659070,NC,MDY,,HHZ,-1,110.0,,302.8,,17.6466
nc73659070,NC,MINS,,HHZ,-1,105.0,,295.4,,21.1938
nc73659070,NC,MDC,2.0,EHZ,-1,102.0,,311.3,,23.1953
nc73659070,NC,MMT,,EHZ,1,94.0,,233.7,,36.8389
nc73659070,NC,MCO,,EHZ,-1,144.0,,342.0,,5.4474
nc73659070,NC,MCV,,EHZ,1,163.0,,33.4,,2.3562
nc73659070,NC,MEM,,EHZ,-1,114.0,,321.0,,13.4101
nc73659070,NC,MLC,,EHZ,-1,134.0,,305.1,,7.7025
nc73659070,NC,MMLB,,HHZ,-1,112.0,,309.0,,15.3449
nc73659075,NC,MCV,,EHZ,1,161.0,,40.6,,2.1761
nc73659075,NC,MCO,,EHZ,-1,139.0,,342.2,,5.1116
nc73659075,CI,MLAC,,HHZ,-1,133.0,,7.5,,6.1602
nc73659075,NC,MDR,2.0,EHZ,-1,129.0,,6.7,,7.0186
nc73659075,NC,MLC,,EHZ,-1,127.0,,303.6,,7.4278
nc73659075,NC,MLH,,EHZ,1,111.0,,13.0,,11.7867
nc73659080,NC,MCV,,EHZ,1,159.0,,37.4,,2.6409
nc73659080,CI,MLAC,,HHZ,-1,133.0,,8.6,,6.6272
nc73659080,NC,MDR,2.0,EHZ,1,130.0,,7.7,,7.4823
nc73659080,NC,MCS,,EHZ,-1,118.0,,331.1,,10.628
nc73659080,NC,MLH,,EHZ,1,110.0,,13.4,,12.2537
nc73659080,NC,MEM,,EHZ,-1,109.0,,322.4,,13.3212
nc73659080,NC,MQ1P,,EHZ,-1,107.0,,286.9,,16.0454
nc73659080,NC,MMP,,EHZ,-1,106.0,,285.1,,16.5792
nc73659080,NC,MLI,,HHZ,1,106.0,,295.9,,16.7348
nc73659080,NC,MDY,,HHZ,-1,105.0,,303.7,,17.4576
nc73659080,NC,MCY,,EHZ,-1,105.0,,296.5,,17.9246
nc73659080,NC,MINS,,HHZ,-1,101.0,,296.1,,20.9714
nc73659080,NC,MDC,2.0,EHZ,-1,98.0,,312.0,,23.0507
nc73659080,NC,MMT,,EHZ,1,92.0,,233.6,,36.5164
nc73659080,NC,MCO,,EHZ,-1,139.0,,345.5,,5.4852
nc73659080,NC,MLC,,EHZ,-1,129.0,,307.3,,7.5279
nc73659080,NC,MMLB,,HHZ,-1,107.0,,310.2,,15.1892
nc73659100,NC,MCV,,EHZ,1,161.0,,39.8,,2.4641
nc73659100,NC,MCO,,EHZ,-1,143.0,,344.6,,5.2962
nc73659100,CI,MLAC,,HHZ,1,137.0,,8.6,,6.4215
nc73659100,NC,MDR,2.0,EHZ,1,133.0,,7.7,,7.2777
nc73659100,NC,MLC,,EHZ,-1,132.0,,305.9,,7.4312
nc73659100,NC,MCS,,EHZ,-1,121.0,,330.4,,10.4646
nc73659100,NC,MLH,,EHZ,1,113.0,,13.5,,12.0535
nc73659100,NC,MQ1P,,EHZ,-1,109.0,,286.1,,16.0121
nc73659100,NC,MMP,,EHZ,-1,109.0,,284.4,,16.5569
nc73659100,NC,MDY,,HHZ,-1,108.0,,303.1,,17.3686
nc73659100,NC,MINS,,HHZ,-1,103.0,,295.5,,20.9046
nc73659100,NC,MDC,2.0,EHZ,-1,100.0,,311.6,,22.9395
nc73659100,NC,MMT,,EHZ,1,93.0,,233.4,,36.661
nc73659105,NC,MCV,,EHZ,-1,102.0,,11.7,,10.678
nc73659105,NC,MCO,,EHZ,-1,94.0,,356.6,,13.6992
nc73659105,NC,MLC,,EHZ,-1,94.0,,337.2,,14.0106
nc73659105,CI,MLAC,,HHZ,-1,94.0,,5.9,,15.0002
nc73659105,NC,MDR,2.0,EHZ,-1,94.0,,5.7,,15.8564
nc73659105,NC,MCS,,EHZ,-1,85.0,,345.5,,18.2471
nc73659105,NC,MMP,,EHZ,1,85.0,,309.4,,19.9706
nc73659105,NC,MLH,,EHZ,1,85.0,,9.5,,20.5711
nc73659105,NC,MDH,,HNZ,-1,85.0,,346.6,,20.9936
nc73659105,NC,MMT,,EHZ,1,77.0,,245.3,,31.7684
nc73659106,NC,MTU,2.0,EHZ,-1,109.0,,149.8,,15.2226
nc73659106,NC,MLC,,EHZ,-1,97.0,,303.8,,28.1657
nc73659106,NP,1679,10.0,HNZ,1,98.0,,75.8,,25.7416
nc73659171,NC,MCV,,EHZ,1,116.0,,297.8,,21.5941
nc73659171,NC,MDR,2.0,EHZ,-1,112.0,,308.0,,24.9855
nc73659171,NC,MCO,,EHZ,1,111.0,,301.1,,25.775
nc73659171,NC,MLH,,EHZ,-1,110.0,,318.2,,26.6979
nc73659171,NC,MLC,,EHZ,1,107.0,,295.2,,29.5
nc73659171,NC,MQ1P,,EHZ,1,102.0,,289.3,,38.2288
nc73659171,NC,MDY,,HHZ,-1,102.0,,296.7,,39.4186
nc73659171,NC,MDC,2.0,EHZ,1,99.0,,301.8,,44.4891
nc73659171,NC,MMT,,EHZ,1,97.0,,254.8,,52.0281
nc73659180,NC,MCV,,EHZ,1,158.0,,32.3,,2.6765
nc73659180,NC,MCO,,EHZ,-1,139.0,,344.2,,5.6921
nc73659180,NC,MDR,2.0,EHZ,-1,129.0,,6.3,,7.6269
nc73659180,NC,MLC,,EHZ,-1,129.0,,307.5,,7.7703
nc73659180,NC,MCS,,EHZ,-1,117.0,,330.7,,10.8593
nc73659180,NC,MLH,,EHZ,1,110.0,,12.4,,12.376
nc73659180,NC,MQ1P,,EHZ,-1,107.0,,287.2,,16.2678
nc73659180,NC,MMP,,EHZ,1,106.0,,285.5,,16.7904
nc73659180,NC,MINS,,HHZ,-1,101.0,,296.3,,21.2049
nc73659180,NC,MDC,2.0,EHZ,1,98.0,,312.0,,23.2953
nc73659180,NC,MMT,,EHZ,1,92.0,,234.0,,36.5609
nc73659190,NC,MCV,,EHZ,-1,108.0,,356.9,,10.767
nc73659190,NC,MCO,,EHZ,-1,99.0,,345.7,,14.422
nc73659190,NC,MLC,,EHZ,-1,98.0,,328.3,,15.5451
nc73659190,NC,MDR,2.0,EHZ,-1,98.0,,355.8,,16.1121
nc73659190,NC,MCS,,EHZ,1,96.0,,337.8,,19.4035
nc73659190,NC,MLH,,EHZ,-1,94.0,,1.8,,20.5933
nc73659190,NC,MMT,,EHZ,1,80.0,,247.7,,34.1813
nc73659205,CI,MLAC,,HHZ,1,135.0,,6.4,,6.5371
nc73659205,NP,1576,10.0,HNZ,1,128.0,,91.6,,8.0928
nc73659205,NC,MLH,,EHZ,1,112.0,,12.3,,12.1425
nc73659205,NC,MDH,,HNZ,1,111.0,,334.7,,13.2767
nc73659205,NC,MDH1,,DP1,-1,111.0,,334.7,,13.2767
nc73659205,NC,MQ1P,,EHZ,-1,108.0,,286.4,,16.2789
nc73659205,NC,MMP,,EHZ,-1,107.0,,284.7,,16.8238
nc73659205,NC,MINS,,HHZ,-1,102.0,,295.6,,21.1826
nc73659205,NC,MDC,2.0,EHZ,-1,99.0,,311.5,,23.2064
nc73659205,NC,MRC,,EHZ,1,94.0,,69.0,,31.8573
nc73659205,NC,MTU,2.0,EHZ,-1,93.0,,134.3,,34.7373
nc73659205,NC,MMT,,EHZ,1,92.0,,233.8,,36.761
nc73659205,BK,MMI,0.0,HHZ,1,87.0,,258.2,,81.3168
nc73659205,NC,MMI,,EHZ,1,87.0,,258.2,,81.3168
nc73659205,BK,TOLH,0.0,HHZ,-1,87.0,,217.6,,87.0323
nc73659205,NC,MHD,,EHZ,1,86.0,,241.8,,105.902
nc73659205,NC,MPR,,EHZ,1,86.0,,284.5,,106.3691
nc73659205,BK,BUCR,0.0,HHZ,-1,85.0,,276.0,,115.7539
nc73659205,NC,MCO,,EHZ,-1,141.0,,342.7,,5.5041
nc73659205,NC,MCS,,EHZ,-1,119.0,,329.7,,10.7114
nc73659205,NC,MCV,,EHZ,1,161.0,,33.3,,2.4418
nc73659205,NC,MDY,,HHZ,-1,106.0,,303.1,,17.6466
nc73659205,NC,MEM,,EHZ,-1,110.0,,321.3,,13.4435
nc73659205,NC,MLC,,EHZ,-1,130.0,,305.8,,7.7091
nc73659205,NC,MMLB,,HHZ,-1,109.0,,309.4,,15.356
nc73659275,NC,MCV,,EHZ,-1,163.0,,43.6,,1.9248
nc73659275,NC,MDR,2.0,EHZ,1,130.0,,6.2,,6.7506
nc73659275,NC,MLC,,EHZ,-1,127.0,,301.6,,7.3633
nc73659360,NC,MCV,,EHZ,-1,102.0,,11.3,,10.6636
nc73659360,NC,MCO,,EHZ,-1,94.0,,356.3,,13.6992
nc73659360,NC,MLC,,EHZ,-1,94.0,,337.0,,14.0328
nc73659360,CI,MLAC,,HHZ,-1,94.0,,5.6,,14.9891
nc73659360,NC,MDR,2.0,EHZ,-1,94.0,,5.4,,15.8453
nc73659360,NC,MCS,,EHZ,-1,85.0,,345.2,,18.2582
nc73659360,NC,MLH,,EHZ,-1,85.0,,9.3,,20.5599
nc73659360,NC,MDH,,HNZ,-1,85.0,,346.5,,21.0047
nc73659360,NC,MMT,,EHZ,1,77.0,,245.3,,31.8351
nc73659406,NC,MTU,2.0,EHZ,1,109.0,,145.2,,15.3227
nc73659406,NC,MCV,,EHZ,1,103.0,,313.1,,20.1485
nc73659406,NC,MFB,,EHZ,1,102.0,,101.3,,21.0492
nc73659406,CI,MLAC,,HHZ,1,99.0,,319.9,,23.7957
nc73659406,NC,MCO,,EHZ,1,99.0,,313.8,,24.5296
nc73659406,NC,MLC,,EHZ,1,97.0,,306.0,,27.5986
nc73659406,NC,MCS,,EHZ,1,95.0,,314.4,,30.0115
nc73659406,NC,MMP,,EHZ,1,93.0,,296.3,,36.0828
nc73659406,NC,MMT,,EHZ,1,91.0,,257.7,,46.902
nc73659446,NC,MCV,,EHZ,1,92.0,,328.4,,15.445
nc73659446,NC,MCO,,EHZ,1,84.0,,325.9,,19.7705
nc73659446,NC,MDR,2.0,EHZ,1,84.0,,334.8,,20.4154
nc73659446,NC,MLC,,EHZ,1,83.0,,314.9,,22.15
nc73659446,NC,MQ1P,,EHZ,1,78.0,,302.1,,29.6001
nc73659446,NC,MMP,,EHZ,1,78.0,,300.9,,29.9782
nc73659446,NC,MDY,,HHZ,1,76.0,,310.6,,31.9129
nc73659446,NC,MDC,2.0,EHZ,1,73.0,,314.7,,37.7173
nc73659446,NC,MMT,,EHZ,1,73.0,,254.9,,40.5861
nc73659495,NP,1576,10.0,HNZ,1,136.0,,49.9,,9.5183
nc73659495,NC,MCS,,EHZ,-1,119.0,,338.3,,16.7793
nc73659495,NC,MLH,,EHZ,-1,117.0,,5.6,,18.3027
nc73659495,NC,MDH,,HNZ,1,115.0,,340.6,,19.4591
nc73659495,NC,MQ1P,,EHZ,-1,115.0,,303.7,,19.726
nc73659495,NC,MCY,,EHZ,-1,111.0,,310.0,,22.2835
nc73659495,NC,MDC,2.0,EHZ,-1,105.0,,320.1,,28.3213
nc73659495,NC,MRC,,EHZ,1,102.0,,58.4,,33.9589
nc73659495,BK,MMI,0.0,HHZ,1,90.0,,262.8,,81.0611
nc73659495,CI,MLAC,,HHZ,-1,124.0,,359.7,,12.843
nc73659495,NC,MCO,,EHZ,-1,129.0,,348.2,,11.8534
nc73659495,NC,MCV,,EHZ,-1,140.0,,3.7,,8.4019
nc73659495,NC,MDR,2.0,EHZ,-1,123.0,,359.8,,13.6992
nc73659495,NC,MDY,,HHZ,-1,111.0,,315.7,,22.3168
nc73659495,NC,MEM,,EHZ,-1,116.0,,331.4,,19.1811
nc73659495,NC,MINS,,HHZ,-1,108.0,,308.0,,25.219
nc73659495,NC,MLC,,EHZ,-1,124.0,,327.0,,12.932
nc73659495,NC,MMLB,,HHZ,-1,114.0,,321.8,,20.4599
nc73659495,NC,MMP,,EHZ,-1,114.0,,301.9,,20.0929
nc73659495,NC,MMT,,EHZ,1,102.0,,243.2,,34.1257
nc73659540,NC,MCV,,EHZ,1,136.0,,31.7,,4.5323
nc73659540,NC,MCO,,EHZ,-1,121.0,,355.2,,7.092
nc73659540,NC,MLC,,EHZ,-1,116.0,,320.5,,8.1851
nc73659540,NC,MMT,,EHZ,1,79.0,,235.2,,34.8596
nc73659566,NC,MCS,,EHZ,1,152.0,,259.6,,2.7454
nc73659566,NC,MDR,2.0,EHZ,1,140.0,,124.5,,4.2021
nc73659566,NC,MCO,,EHZ,-1,137.0,,166.5,,4.6057
nc73659566,CI,MLAC,,HHZ,-1,136.0,,133.2,,4.7313
nc73659566,NC,MLC,,EHZ,1,126.0,,213.9,,6.3259
nc73659606,NC,MCV,,EHZ,-1,152.0,,200.2,,2.6198
nc73659606,NP,1576,10.0,HNZ,-1,118.0,,129.1,,7.5101
nc73659606,NC,MDH,,HNZ,-1,106.0,,313.5,,10.926
nc73659606,NC,MDH1,1.0,DP1,1,106.0,,313.5,,10.926
nc73659606,NC,MQ1P,,EHZ,1,96.0,,270.3,,17.8801
nc73659606,NC,MCY,,EHZ,-1,96.0,,280.5,,18.8809
nc73659606,NC,MINS,,HHZ,1,86.0,,282.3,,21.8609
nc73659606,NC,MDC,2.0,EHZ,-1,86.0,,299.0,,22.4614
nc73659606,NC,MRC,,EHZ,1,82.0,,75.9,,28.3547
nc73659606,NC,MMT,,EHZ,1,78.0,,230.6,,41.2978
nc73659606,BK,MMI,0.0,HHZ,1,78.0,,255.6,,84.5304
nc73659606,NC,MMI,,EHZ,1,78.0,,255.6,,84.5304
nc73659606,BK,TOLH,0.0,HHZ,1,77.0,,217.0,,91.9693
nc73659606,BK,HELL,0.0,HHZ,1,77.0,,190.0,,105.0236
nc73659606,BK,LEGD,0.0,HHZ,1,77.0,,249.8,,125.7615
nc73659606,CI,MLAC,,HHZ,-1,153.0,,322.9,,2.513
nc73659606,NC,MCO,,EHZ,-1,140.0,,281.1,,3.9685
nc73659606,NC,MCS,,EHZ,-1,112.0,,301.8,,9.0201
nc73659606,NC,MDR,2.0,EHZ,-1,146.0,,332.4,,3.2347
nc73659606,NC,MDY,,HHZ,-1,96.0,,286.7,,17.8134
nc73659606,NC,MEM,,EHZ,-1,99.0,,299.4,,12.2314
nc73659606,NC,MHD,,EHZ,1,77.0,,240.3,,110.0385
nc73659606,NC,MLC,,EHZ,1,114.0,,270.0,,8.5164
nc73659606,NC,MLH,,EHZ,-1,119.0,,2.6,,7.3767
nc73659606,NC,MMLB,,HHZ,-1,98.0,,290.3,,15.078
nc73659606,NC,MMP,,EHZ,1,96.0,,269.2,,18.5362
nc73659606,NC,MTU,2.0,EHZ,-1,78.0,,141.9,,36.572
nc73659611,NC,MCV,,EHZ,-1,153.0,,206.1,,2.7187
nc73659611,NP,1576,10.0,HNZ,-1,123.0,,130.5,,7.271
nc73659611,NC,MLC,,EHZ,1,116.0,,270.1,,8.8111
nc73659611,NC,MDH,,HNZ,-1,108.0,,312.5,,11.1529
nc73659611,NC,MDH1,1.0,DP1,1,108.0,,312.5,,11.1529
nc73659611,NC,MEM,,EHZ,-1,102.0,,298.8,,12.4983
nc73659611,NC,MDY,,HHZ,-1,97.0,,286.5,,18.0914
nc73659611,NC,MQ1P,,EHZ,1,97.0,,270.3,,18.1693
nc73659611,NC,MMP,,EHZ,1,97.0,,269.3,,18.8253
nc73659611,NC,MINS,,HHZ,-1,91.0,,282.2,,22.1611
nc73659611,NC,MDC,2.0,EHZ,-1,90.0,,298.7,,22.7282
nc73659611,NC,MMT,,EHZ,1,82.0,,230.9,,41.5091
nc73659611,CI,MLAC,,HHZ,-1,153.0,,318.2,,2.7143
nc73659611,NC,MCO,,EHZ,-1,141.0,,280.6,,4.261
nc73659611,NC,MCS,,EHZ,-1,114.0,,301.0,,9.2814
nc73659611,NC,MDR,2.0,EHZ,1,147.0,,328.1,,3.397
nc73659611,NC,MLH,,EHZ,1,122.0,,0.4,,7.3878
nc73659616,NC,MCV,,EHZ,1,151.0,,198.5,,2.8066
nc73659616,NC,MCO,,EHZ,-1,141.0,,278.2,,3.9207
nc73659616,NC,MLC,,EHZ,-1,115.0,,268.6,,8.5042
nc73659616,NC,MEM,,EHZ,-1,100.0,,298.6,,12.1202
nc73659616,NC,MMLB,,HHZ,-1,98.0,,289.6,,14.9891
nc73659616,NC,MQ1P,,EHZ,-1,97.0,,269.6,,17.869
nc73659616,NC,MMP,,EHZ,-1,96.0,,268.6,,18.5251
nc73659616,NC,MINS,,HHZ,-1,93.0,,281.8,,21.8053
nc73659616,NC,MDC,2.0,EHZ,-1,92.0,,298.5,,22.3502
nc73659616,NC,MRC,,EHZ,1,82.0,,76.3,,28.3213
nc73659616,CI,MLAC,,HHZ,1,155.0,,320.2,,2.344
nc73659616,NC,MDR,2.0,EHZ,1,149.0,,330.8,,3.049
nc73659616,NC,MLH,,EHZ,1,121.0,,2.8,,7.1743
nc73659621,NC,MCV,,EHZ,-1,163.0,,204.0,,2.0838
nc73659621,NC,MDR,2.0,EHZ,-1,151.0,,337.2,,3.7117
nc73659621,NC,MCO,,EHZ,-1,149.0,,289.0,,4.0553
nc73659621,NC,MLH,,EHZ,1,128.0,,2.9,,7.9338
nc73659621,NC,MDH1,1.0,DP1,-1,117.0,,315.8,,11.2752
nc73659670,NC,MCV,,EHZ,-1,93.0,,20.2,,11.3085
nc73659670,NC,MLC,,EHZ,-1,89.0,,344.3,,13.5658
nc73659670,NC,MCO,,EHZ,-1,89.0,,3.8,,13.8549
nc73659670,NC,MDR,2.0,EHZ,-1,86.0,,11.7,,16.2678
nc73659670,NC,MCS,,EHZ,-1,84.0,,351.0,,18.0247
nc73659670,NC,MDH,,HNZ,-1,82.0,,351.4,,20.7935
nc73659670,NC,MMT,,EHZ,1,76.0,,244.1,,30.1116
nc73659676,CI,MLAC,,HHZ,1,161.0,,32.8,,1.48
nc73659676,NC,MCS,,EHZ,-1,116.0,,306.8,,6.6684
nc73659676,NC,MDH,,HNZ,1,108.0,,320.3,,8.7777
nc73659676,NP,1576,10.0,HNZ,1,105.0,,124.0,,9.833
nc73659676,NC,MEM,,EHZ,-1,104.0,,302.2,,9.8485
nc73659676,NC,MINS,,HHZ,-1,85.0,,281.6,,19.4369
nc73659676,NC,MCO,,EHZ,-1,160.0,,270.0,,1.5701
nc73659676,NC,MCV,,EHZ,-1,139.0,,156.3,,3.5149
nc73659676,NC,MLC,,EHZ,1,119.0,,262.9,,6.238
nc73659676,NC,MDH1,,DP1,-1,108.0,,320.3,,8.7777
nc73659676,NC,MMLB,,HHZ,1,94.0,,290.8,,12.6317
nc73659676,NC,MMP,,EHZ,1,94.0,,266.4,,16.2345
nc73659676,NC,MMT,,EHZ,1,74.0,,227.6,,40.0302
nc73659676,NC,MLH,,EHZ,1,114.0,,21.9,,7.1276
nc73659685,NC,MQ1P,,EHZ,1,113.0,,320.6,,6.0824
nc73659685,NC,MLC,,EHZ,1,108.0,,49.8,,7.1787
nc73659685,NC,MCO,,EHZ,1,96.0,,61.9,,11.4642
nc73659685,NC,MINS,,HHZ,1,94.0,,321.6,,11.82
nc73659685,NC,MCV,,EHZ,1,90.0,,80.5,,13.2878
nc73659685,NC,MDR,2.0,EHZ,1,91.0,,58.9,,14.5777
nc73659685,NC,MDC,2.0,EHZ,1,86.0,,339.9,,16.4568
nc73659685,NC,MLH,,EHZ,-1,84.0,,49.9,,18.703
nc73659701,CI,MLAC,,HHZ,-1,157.0,,346.9,,2.1494
nc73659701,NC,MCV,,EHZ,-1,155.0,,177.0,,2.3685
nc73659701,NC,MCO,,EHZ,-1,150.0,,286.6,,2.9889
nc73659701,NC,MLC,,EHZ,1,120.0,,270.7,,7.4868
nc73659701,NC,MLH,,EHZ,-1,119.0,,10.4,,7.5868
nc73659701,NC,MCS,,EHZ,-1,116.0,,306.2,,8.2162
nc73659701,NC,MQ1P,,EHZ,-1,98.0,,270.6,,16.846
nc73659701,NC,MMP,,EHZ,1,97.0,,269.5,,17.5021
nc73659711,NP,1576,10.0,HNZ,-1,119.0,,129.0,,7.4056
nc73659711,NC,MCS,,EHZ,-1,112.0,,302.0,,9.1213
nc73659711,NC,MMLB,,HHZ,-1,98.0,,290.5,,15.167
nc73659711,NC,MQ1P,,EHZ,-1,96.0,,270.5,,17.958
nc73659711,NC,MMP,,EHZ,-1,96.0,,269.4,,18.6029
nc73659711,NC,MRC,,EHZ,1,82.0,,75.7,,28.2991
nc73659711,NC,MTU,2.0,EHZ,1,78.0,,141.9,,36.4719
nc73659711,NC,MMT,,EHZ,1,78.0,,230.7,,41.3089
nc73659711,BK,MMI,0.0,HHZ,1,77.0,,255.6,,84.5749
nc73659711,BK,TOLH,0.0,HHZ,-1,77.0,,217.0,,91.9582
nc73659711,NC,MPR,,EHZ,-1,77.0,,281.9,,107.6367
nc73659711,NC,MHD,,EHZ,1,77.0,,240.3,,110.0719
nc73659711,CI,MLAC,,HHZ,1,152.0,,322.6,,2.6164
nc73659711,NC,MCO,,EHZ,1,139.0,,281.9,,4.0553
nc73659711,NC,MCV,,EHZ,1,152.0,,202.3,,2.5775
nc73659711,NC,MEM,,EHZ,-1,99.0,,299.5,,12.3315
nc73659711,NC,MINS,,HHZ,-1,86.0,,282.5,,21.9499
nc73659711,NC,MLC,,EHZ,-1,114.0,,270.5,,8.5909
nc73659711,NC,MLH,,EHZ,1,119.0,,2.1,,7.4478
nc73659735,NP,1576,10.0,HNZ,-1,104.0,,46.1,,12.9542
nc73659735,NC,MQ1P,,EHZ,1,97.0,,313.9,,19.8928
nc73659735,NC,MDH,,HNZ,-1,93.0,,348.3,,21.6497
nc73659735,NC,MDH1,1.0,DP1,-1,93.0,,348.3,,21.6497
nc73659735,NC,MMLB,,HHZ,1,93.0,,330.8,,21.683
nc73659735,NC,MCY,,EHZ,-1,90.0,,318.8,,22.795
nc73659735,NC,MDY,,HHZ,-1,90.0,,324.3,,23.1619
nc73659735,NC,MINS,,HHZ,1,90.0,,315.9,,25.586
nc73659735,NC,MDC,2.0,EHZ,-1,90.0,,326.7,,29.3777
nc73659735,BK,MMI,0.0,HHZ,1,86.0,,264.6,,78.7038
nc73659735,BK,LIND,0.0,HHZ,-1,84.0,,188.0,,127.3182
nc73659735,CI,CWC,,HHZ,1,83.0,,149.1,,135.5466
nc73659735,CI,SPG2,,HHZ,-1,83.0,,176.7,,143.2191
nc73659735,CI,MLAC,,HHZ,-1,101.0,,7.2,,15.823
nc73659735,NC,MCO,,EHZ,-1,103.0,,358.5,,14.4553
nc73659735,NC,MCS,,EHZ,-1,98.0,,347.3,,18.892
nc73659735,NC,MCV,,EHZ,-1,110.0,,13.0,,11.5309
nc73659735,NC,MEM,,EHZ,-1,95.0,,340.1,,20.938
nc73659735,NC,MLC,,EHZ,-1,103.0,,340.0,,14.5665
nc73659735,NC,MLH,,EHZ,-1,94.0,,10.3,,21.405
nc73659735,NC,MMT,,EHZ,1,90.0,,246.2,,31.0456
nc73659735,NC,MRC,,EHZ,1,91.0,,56.3,,37.2281
nc73659755,NP,1576,10.0,HNZ,1,140.0,,267.7,,10.9305
nc73659755,NP,1679,10.0,HNZ,-1,117.0,,102.3,,23.6734
nc73659755,NC,MCS,,EHZ,1,115.0,,290.5,,26.0419
nc73659755,NC,MDH,,HNZ,1,114.0,,295.7,,27.3651
nc73659755,NC,MDH1,1.0,DP1,1,114.0,,295.7,,27.3651
nc73659755,NC,MEM,,EHZ,1,111.0,,290.7,,29.2887
nc73659755,NP,1587,10.0,HNZ,1,108.0,,88.0,,34.6706
nc73659755,NP,1589,10.0,HNZ,-1,107.0,,131.7,,35.5713
nc73659755,NC,MCY,,EHZ,1,106.0,,282.5,,36.1495
nc73659755,NP,2021,10.0,HNZ,1,99.0,,31.2,,52.4506
nc73659755,BK,TOLH,0.0,HHZ,1,91.0,,226.3,,99.942
nc73659755,WR,FRI,,HNZ,1,89.0,,236.4,,115.0867
nc73659755,NN,WAK,,HHZ,-1,88.0,,325.9,,125.4279
nc73659755,GM,AE04,1.0,HHZ,-1,88.0,,323.8,,126.3174
nc73659755,GM,AE03,1.0,HHZ,-1,87.0,,324.1,,128.5413
nc73659755,BK,BUCR,0.0,HHZ,1,87.0,,275.2,,134.6571
nc73659755,BK,DRDG,0.0,HHZ,-1,87.0,,299.8,,135.1018
nc73659755,CI,CWC,,HHZ,-1,87.0,,158.7,,134.9906
nc73659755,BK,CMB,0.0,HHZ,1,85.0,,288.9,,163.0118
nc73659755,NN,YER,,HHZ,1,85.0,,341.4,,165.5692
nc73659755,CI,POR,,HHZ,-1,84.0,,191.6,,166.4588
nc73659755,BK,BLUE,0.0,HHZ,1,84.0,,299.9,,174.7984
nc73659755,BK,WSRE,0.0,HHZ,-1,75.0,,224.3,,190.9217
nc73659755,BK,HELL,0.0,HHZ,-1,90.0,,199.5,,105.1459
nc73659755,BK,LEGD,0.0,HHZ,1,87.0,,253.9,,140.4392
nc73659755,BK,LIND,0.0,HHZ,-1,87.0,,195.8,,140.6616
nc73659755,BK,MERC,0.0,HHZ,1,85.0,,263.3,,163.2342
nc73659755,BK,MMI,0.0,HHZ,1,91.0,,260.5,,100.0421
nc73659755,BK,OVRO,0.0,HHZ,-1,101.0,,141.2,,48.8591
nc73659755,CI,ASP,,EHZ,-1,51.0,,199.7,,201.7076
nc73659755,CI,MLAC,,HHZ,1,124.0,,289.1,,19.3257
nc73659755,CI,SPG2,,HHZ,-1,85.0,,184.6,,152.893
nc73659755,CI,SRT,,HHZ,1,49.0,,159.2,,223.057
nc73659755,CI,WNM,,EHZ,1,50.0,,161.3,,202.7084
nc73659755,CI,WOR,,HHZ,-1,49.0,,170.5,,211.2704
nc73659755,GM,AE01,1.0,HHZ,1,87.0,,325.6,,136.881
nc73659755,GM,AE05,1.0,HHZ,-1,89.0,,335.3,,117.0883
nc73659755,GS,MCA04,0.0,HHZ,1,91.0,,55.0,,98.452
nc73659755,NC,BMS,,EHZ,-1,49.0,,242.8,,217.2749
nc73659755,NC,HSL,2.0,EHZ,-1,49.0,,254.9,,226.3929
nc73659755,NC,MCO,,EHZ,1,121.0,,283.9,,21.2605
nc73659755,NC,MCV,,EHZ,1,127.0,,276.0,,17.7578
nc73659755,NC,MDC,2.0,EHZ,1,105.0,,292.7,,39.4408
nc73659755,NC,MDR,2.0,EHZ,1,124.0,,291.5,,19.6037
nc73659755,NC,MDY,,HHZ,1,107.0,,285.7,,35.0931
nc73659755,NC,MINS,,HHZ,1,105.0,,283.3,,39.1517
nc73659755,NC,MLC,,EHZ,1,115.0,,279.8,,25.6304
nc73659755,NC,MLH,,EHZ,-1,123.0,,305.6,,20.1263
nc73659755,NC,MLI,,HHZ,1,107.0,,281.7,,35.0375
nc73659755,NC,MMLB,,HHZ,1,109.0,,287.3,,32.3244
nc73659755,NC,MMT,,EHZ,1,99.0,,245.8,,53.3958
nc73659755,NC,MQ1P,,EHZ,1,107.0,,277.3,,34.9152
nc73659755,NC,MRC,,EHZ,1,130.0,,43.9,,15.4895
nc73659755,NN,LHV,,HHZ,-1,94.0,,8.2,,76.0351
nc73659771,NC,MQ1P,,EHZ,-1,99.0,,295.1,,24.2183
nc73659771,NC,MMP,,EHZ,-1,99.0,,293.8,,24.6742
nc73659771,NC,MTU,2.0,EHZ,-1,98.0,,135.1,,26.2642
nc73659771,NC,MMT,,EHZ,1,92.0,,246.0,,39.4186
nc73659771,CI,MLAC,,HHZ,-1,111.0,,335.4,,13.3767
nc73659771,NC,MCO,,EHZ,-1,111.0,,324.0,,13.5102
nc73659771,NC,MCS,,EHZ,-1,105.0,,321.9,,18.9699
nc73659771,NC,MCV,,EHZ,-1,124.0,,327.3,,9.1658
nc73659771,NC,MDY,,HHZ,-1,98.0,,306.0,,26.0641
nc73659771,NC,MLC,,EHZ,-1,108.0,,309.0,,16.1677
nc73659776,NC,MCV,,EHZ,-1,122.0,,330.6,,8.6332
nc73659776,NC,MCO,,EHZ,-1,107.0,,326.1,,12.9431
nc73659776,CI,MLAC,,HHZ,-1,107.0,,338.0,,12.9209
nc73659776,NC,MLC,,EHZ,-1,105.0,,310.2,,15.4895
nc73659776,NC,MCS,,EHZ,-1,102.0,,323.3,,18.3805
nc73659776,NC,MMT,,EHZ,1,91.0,,245.3,,38.8293
nc73659776,NC,MEM,,EHZ,-1,98.0,,318.8,,21.2382
nc73659786,NC,MCV,,EHZ,-1,150.0,,195.1,,2.7954
nc73659786,NC,MCS,,EHZ,-1,112.0,,301.1,,8.7444
nc73659786,NC,MMP,,EHZ,1,95.0,,268.5,,18.3583
nc73659861,NC,MCV,,EHZ,-1,155.0,,190.5,,2.0671
nc73659861,NC,MCO,,EHZ,-1,140.0,,289.5,,3.5682
nc73659861,NC,MCS,,EHZ,-1,109.0,,306.0,,8.8166
nc73659861,NC,MEM,,EHZ,-1,96.0,,302.4,,11.9979
nc73659866,CI,MLAC,,HHZ,1,137.0,,300.1,,2.672
nc73659866,NC,MDR,2.0,EHZ,1,131.0,,313.8,,3.1802
nc73659866,NC,MCV,,EHZ,-1,126.0,,208.5,,3.5571
nc73659866,NC,MCO,,EHZ,-1,116.0,,271.1,,4.6913
nc73659866,NC,MLH,,EHZ,1,104.0,,356.2,,6.7184
nc73659871,NC,MDR,2.0,EHZ,-1,142.0,,324.6,,3.0189
nc73659871,NC,MLH,,EHZ,-1,113.0,,0.7,,6.9619
nc73659871,CI,MLAC,,HHZ,-1,148.0,,312.1,,2.3818
nc73659871,NC,MCV,,EHZ,-1,141.0,,201.9,,3.0901
nc73659961,CI,MLAC,,HHZ,-1,151.0,,317.3,,2.2995
nc73659961,NC,MDR,2.0,EHZ,-1,144.0,,328.8,,2.9822
nc73659961,NC,MCV,,EHZ,-1,145.0,,198.9,,2.9311
nc73659961,NC,MCO,,EHZ,-1,134.0,,276.5,,3.9652
nc73659961,NC,MLH,,EHZ,-1,115.0,,2.4,,7.0609
nc73660166,NC,MMT,,EHZ,1,94.0,,243.5,,17.2908
nc73660166,NC,MMP,,EHZ,1,85.0,,353.4,,18.3472
nc73660166,NC,MLC,,EHZ,1,85.0,,23.1,,20.1152
nc73660166,NC,MCV,,EHZ,1,84.0,,43.9,,22.3279
nc73660195,NC,MCV,,EHZ,1,98.0,,17.8,,11.6088
nc73660195,NC,MLC,,EHZ,-1,93.0,,343.4,,14.0884
nc73660195,NC,MCO,,EHZ,-1,93.0,,2.3,,14.2774
nc73660195,NC,MINS,,HHZ,-1,82.0,,317.2,,24.7853
nc73660316,NC,MMT,,EHZ,1,98.0,,241.8,,17.0128
nc73660316,NC,MMP,,EHZ,1,97.0,,354.8,,17.9913
nc73660316,NC,MQ1P,,EHZ,1,97.0,,356.9,,18.2804
nc73660316,NC,MLC,,EHZ,1,95.0,,24.6,,20.0262
nc73660316,NC,MCY,,EHZ,1,93.0,,355.6,,21.6608
nc73660316,NC,MCV,,EHZ,1,91.0,,45.3,,22.4391
nc73660316,NC,MCO,,EHZ,1,92.0,,34.3,,22.984
nc73660316,NC,MINS,,HHZ,1,92.0,,348.9,,23.2397
nc73660316,NC,MDY,,HHZ,-1,92.0,,359.6,,23.2731
nc73660316,CI,MLAC,,HHZ,1,94.0,,37.2,,25.3858
nc73660316,NC,MDR,2.0,EHZ,1,85.0,,36.0,,26.0863
nc73660316,NC,MDC,2.0,EHZ,1,83.0,,354.5,,29.1442
nc73660316,NC,MTU,2.0,EHZ,1,80.0,,104.9,,40.9642
nc73660316,NC,MFB,,EHZ,1,80.0,,92.2,,51.4833
nc73660326,NC,MMT,,EHZ,1,95.0,,241.0,,16.6348
nc73660326,NC,MMP,,EHZ,1,95.0,,356.2,,17.9135
nc73660326,NC,MQ1P,,EHZ,1,95.0,,358.3,,18.2248
nc73660326,NC,MLC,,EHZ,1,85.0,,25.9,,20.1819
nc73660326,NC,MCY,,EHZ,-1,85.0,,356.8,,21.5941
nc73660326,NC,MCV,,EHZ,1,85.0,,46.2,,22.7394
nc73660326,NC,MINS,,HHZ,1,85.0,,350.0,,23.1174
nc73660326,NC,MDC,2.0,EHZ,1,80.0,,355.4,,29.0664
nc73660326,NC,MFB,,EHZ,1,76.0,,92.2,,51.9503
nc73660331,NC,MCV,,EHZ,1,110.0,,7.7,,13.5435
nc73660331,NP,1576,10.0,HNZ,1,109.0,,37.4,,14.0662
nc73660331,CI,MLAC,,HHZ,1,105.0,,3.9,,17.9135
nc73660331,NC,MDR,2.0,EHZ,1,104.0,,3.7,,18.7808
nc73660331,NC,MCS,,EHZ,1,101.0,,346.6,,21.1938
nc73660331,NC,MQ1P,,EHZ,-1,100.0,,316.6,,21.9944
nc73660331,NC,MEM,,EHZ,-1,99.0,,340.1,,23.2509
nc73660331,NC,MLH,,EHZ,1,98.0,,7.5,,23.4399
nc73660331,NC,MMLB,,HHZ,-1,98.0,,331.7,,23.9736
nc73660331,NC,MCY,,EHZ,-1,98.0,,320.8,,24.9633
nc73660331,NC,MDY,,HHZ,-1,97.0,,325.8,,25.3969
nc73660331,NC,MTU,2.0,EHZ,-1,95.0,,116.9,,28.4548
nc73660331,NC,MMT,,EHZ,1,94.0,,250.5,,30.9678
nc73660331,NC,MDC,2.0,EHZ,-1,94.0,,327.7,,31.635
nc73660331,NC,MRC,,EHZ,1,92.0,,52.9,,37.8508
nc73660331,BK,TOLH,0.0,HHZ,1,87.0,,222.4,,78.0032
nc73660331,NC,MCO,,EHZ,-1,107.0,,356.0,,16.6681
nc73660331,NC,MINS,,HHZ,-1,96.0,,317.9,,27.7098
nc73660331,NC,MLC,,EHZ,-1,106.0,,340.1,,16.8905
nc73660331,NC,MMP,,EHZ,-1,99.0,,314.8,,22.2056
nc73660351,NC,MLC,,EHZ,-1,151.0,,129.8,,3.5438
nc73660351,NC,MDH,,HNZ,1,134.0,,32.0,,6.1947
nc73660351,NC,MDH1,1.0,DP1,-1,134.0,,32.0,,6.1947
nc73660351,NC,MDY,,HHZ,1,132.0,,296.1,,6.4771
nc73660351,NC,MQ1P,,EHZ,-1,130.0,,251.7,,6.9864
nc73660351,NC,MCO,,EHZ,-1,128.0,,101.6,,7.4979
nc73660351,NC,MMP,,EHZ,1,127.0,,250.8,,7.7136
nc73660351,NC,MINS,,HHZ,-1,116.0,,283.2,,10.4012
nc73660351,NC,MCV,,EHZ,-1,113.0,,114.6,,11.3641
nc73660351,NC,MDC,2.0,EHZ,-1,108.0,,315.6,,12.0313
nc73660351,NC,MMT,,EHZ,1,92.0,,215.9,,35.1598
nc73660351,NC,MCS,,EHZ,1,145.0,,55.0,,4.3455
nc73660351,NC,MEM,,EHZ,1,149.0,,8.6,,3.7662
nc73660351,NC,MLH,,EHZ,1,108.0,,66.1,,12.654
nc73660351,NC,MMLB,,HHZ,1,146.0,,315.6,,4.1409
nc73660371,NC,MMT,,EHZ,1,111.0,,238.4,,16.5124
nc73660371,NC,MMP,,EHZ,1,110.0,,357.7,,17.3131
nc73660371,NC,MCV,,EHZ,1,103.0,,48.1,,22.706
nc73660371,NC,MCO,,EHZ,1,102.0,,37.1,,23.0285
nc73660371,NC,MFB,,EHZ,1,91.0,,92.8,,52.4395
nc73660371,NC,MINS,,HHZ,1,103.0,,350.9,,22.4725
nc73660371,BK,MMI,0.0,HHZ,1,88.0,,266.8,,64.115
nc73660541,NC,MCO,,EHZ,-1,126.0,,344.0,,7.2366
nc73660541,NC,MLC,,EHZ,-1,119.0,,313.2,,9.0646
nc73660541,NC,MGPB,,EHZ,-1,117.0,,324.6,,9.5116
nc73660556,CI,MLAC,,HHZ,-1,148.0,,154.8,,3.2925
nc73660556,NC,MCS,,EHZ,1,138.0,,267.2,,4.7502
nc73660556,NC,MDH,,HNZ,-1,132.0,,296.9,,5.6142
nc73660556,NC,MDH1,1.0,DP1,1,132.0,,296.9,,5.6142
nc73660556,NC,MCV,,EHZ,-1,121.0,,164.8,,7.7036
nc73660556,NC,MEM,,EHZ,-1,120.0,,277.4,,7.8103
nc73660556,NC,MQ1P,,EHZ,1,100.0,,251.8,,15.7341
nc73660556,NC,MMP,,EHZ,1,99.0,,251.4,,16.4568
nc73660556,NC,MDC,2.0,EHZ,-1,98.0,,289.4,,17.7467
nc73660556,NC,MINS,,HHZ,1,97.0,,268.9,,18.4472
nc73660556,NC,MTU,2.0,EHZ,1,82.0,,142.9,,42.2986
nc73660556,NC,MMT,,EHZ,1,82.0,,222.9,,42.5654
nc73660556,NC,MMI,,EHZ,1,81.0,,251.7,,83.1182
nc73660556,NC,MPR,,EHZ,1,81.0,,279.5,,103.756
nc73660556,NC,MHD,,EHZ,1,81.0,,237.2,,110.1052
nc73660556,NC,MCO,,EHZ,1,140.0,,192.9,,4.3288
nc73660556,NC,MLC,,EHZ,1,122.0,,228.2,,7.4856
nc73660556,NC,MLH,,EHZ,1,142.0,,53.7,,4.0497
nc73660571,NC,MQ1P,,EHZ,1,59.0,,328.4,,7.6702
nc73660571,NC,MMP,,EHZ,1,59.0,,323.0,,7.7581
nc73660571,NC,MLC,,EHZ,1,59.0,,39.5,,8.3696
nc73660571,NC,MCO,,EHZ,1,59.0,,53.9,,12.2982
nc73660571,NC,MCV,,EHZ,1,59.0,,72.7,,13.5547
nc73660591,NC,MQ1P,,EHZ,1,92.0,,323.7,,6.9608
nc73660591,NC,MCO,,EHZ,1,86.0,,57.3,,11.6866
nc73660591,NC,MINS,,HHZ,-1,87.0,,323.2,,12.6985
nc73660591,NC,MCV,,EHZ,1,86.0,,76.4,,13.21
nc73660591,NC,MLC,,EHZ,1,91.0,,43.3,,7.6091
nc73660591,NC,MMP,,EHZ,1,92.0,,317.8,,7.112
nc73660776,NC,MQ1P,,EHZ,-1,95.0,,313.8,,19.359
nc73660776,NC,MMP,,EHZ,-1,95.0,,311.8,,19.6148
nc73660776,NC,MEM,,EHZ,-1,85.0,,340.7,,20.4487
nc73660776,NC,MDH,,HNZ,-1,85.0,,349.0,,21.1938
nc73660776,NC,MDH1,1.0,DP1,-1,85.0,,349.0,,21.1938
nc73660776,NC,MINS,,HHZ,-1,83.0,,315.9,,25.0522
nc73660776,NC,MDC,2.0,EHZ,-1,81.0,,326.9,,28.844
nc73660776,NC,MMT,,EHZ,1,80.0,,245.3,,30.8677
nc73660776,CI,MLAC,,HHZ,-1,97.0,,8.7,,15.4895
nc73660776,NC,MCO,,EHZ,-1,97.0,,360.0,,14.055
nc73660776,NC,MCS,,EHZ,-1,95.0,,348.2,,18.4361
nc73660776,NC,MCV,,EHZ,-1,104.0,,15.3,,11.2418
nc73660776,NC,MDY,,HHZ,-1,86.0,,324.5,,22.6393
nc73660776,NC,MLC,,EHZ,-1,97.0,,340.9,,14.0773
nc73660776,NC,MLH,,EHZ,-1,85.0,,11.5,,21.0937
nc73660776,NC,MMLB,,HHZ,-1,85.0,,331.1,,21.1715
nc73661156,NC,MDH,,HNZ,-1,117.0,,337.6,,18.5696
nc73661156,NC,MDH1,1.0,DP1,1,117.0,,337.6,,18.5696
nc73661156,NC,MQ1P,,EHZ,1,115.0,,299.9,,19.6259
nc73661156,NC,MDC,2.0,EHZ,1,106.0,,317.6,,27.8432
nc73661156,NC,MRC,,EHZ,1,102.0,,59.6,,32.8136
nc73661156,BK,MMI,0.0,HHZ,1,90.0,,262.0,,81.8283
nc73661156,BK,LIND,0.0,HHZ,-1,86.0,,188.9,,131.6548
nc73661156,BK,HELL,0.0,HHZ,-1,88.0,,190.5,,95.3719
nc73661156,CI,MLAC,,HHZ,-1,129.0,,356.7,,11.6755
nc73661156,NC,MCO,,EHZ,-1,132.0,,343.7,,10.8548
nc73661156,NC,MCS,,EHZ,-1,121.0,,334.7,,15.9342
nc73661156,NC,MCV,,EHZ,-1,144.0,,359.5,,7.1999
nc73661156,NC,MDR,2.0,EHZ,-1,125.0,,357.0,,12.5428
nc73661156,NC,MEM,,EHZ,-1,117.0,,328.0,,18.4806
nc73661156,NC,MGPB,,EHZ,-1,124.0,,329.7,,12.9987
nc73661156,NC,MLC,,EHZ,-1,125.0,,321.6,,12.3315
nc73661156,NC,MLH,,EHZ,-1,119.0,,3.9,,17.0684
nc73661156,NC,MMLB,,HHZ,-1,115.0,,318.3,,19.9595
nc73661156,NC,MMP,,EHZ,1,115.0,,298.1,,20.0373
nc73661156,NC,MMT,,EHZ,1,101.0,,242.0,,35.2154
nc73661386,NC,MCV,,EHZ,-1,146.0,,213.8,,3.0267
nc73661386,NC,MDR,2.0,EHZ,-1,141.0,,321.0,,3.6194
nc73661386,NC,MLH,,EHZ,-1,117.0,,356.6,,7.3266
nc73661386,NC,MCS,,EHZ,1,108.0,,299.1,,9.6651
nc73661446,NC,MMT,,EHZ,1,115.0,,251.3,,14.4665
nc73661446,NC,MLC,,EHZ,1,104.0,,24.0,,23.6623
nc73661446,NC,MCV,,EHZ,1,102.0,,42.0,,25.7972
nc73661446,NC,MCO,,EHZ,1,102.0,,32.5,,26.5422
nc73661446,BK,MMI,0.0,HHZ,1,91.0,,270.4,,63.648
nc73661446,NC,MMI,,EHZ,1,91.0,,270.4,,63.648
nc73661446,BK,TOLH,0.0,HHZ,1,91.0,,215.5,,63.7814
nc73661446,NC,MPR,,EHZ,1,87.0,,296.6,,97.3289
nc73661521,CI,MLAC,,HHZ,1,151.0,,299.1,,2.831
nc73661521,NC,MDR,2.0,EHZ,1,146.0,,312.4,,3.3236
nc73661521,NC,MCV,,EHZ,-1,144.0,,211.0,,3.6061
nc73661521,NC,MCO,,EHZ,-1,135.0,,271.5,,4.8537
nc73661521,NC,MGPB,,EHZ,1,115.0,,276.3,,8.4275
nc73661521,NC,MLC,,EHZ,-1,111.0,,266.2,,9.4949
nc73661521,NC,MDH1,,DP1,1,106.0,,307.8,,11.2418
nc73661526,CI,MLAC,,HHZ,-1,154.0,,321.9,,2.4074
nc73661526,NC,MCV,,EHZ,-1,151.0,,198.8,,2.7143
nc73661526,NC,MDR,2.0,EHZ,1,147.0,,331.9,,3.1224
nc73661526,NC,MCO,,EHZ,1,140.0,,279.5,,3.9196
nc73661526,NC,MLH,,EHZ,-1,119.0,,2.9,,7.2677
nc73661526,NC,MGPB,,EHZ,1,118.0,,281.0,,7.5301
nc73661526,NP,1576,10.0,HNZ,-1,118.0,,129.6,,7.6024
nc73661526,NC,MLC,,EHZ,1,114.0,,269.2,,8.4886
nc73661526,NC,MCS,,EHZ,-1,112.0,,301.3,,8.9367
nc73661526,NC,MDH,,HNZ,-1,107.0,,313.2,,10.8282
nc73661526,NC,MDH1,,DP1,1,107.0,,313.2,,10.8282
nc73661526,NC,MEM,,EHZ,1,99.0,,299.0,,12.1536
nc73661526,NC,MMLB,,HHZ,1,98.0,,290.0,,15.0113
nc73661526,NC,MQ1P,,EHZ,-1,96.0,,269.9,,17.8468
nc73661526,NC,MMP,,EHZ,1,96.0,,268.9,,18.5028
nc73661526,NC,MRC,,EHZ,1,82.0,,76.1,,28.3547
nc73661526,NC,MTU,2.0,EHZ,-1,78.0,,141.9,,36.6832
nc73661526,NC,MMT,,EHZ,1,78.0,,230.4,,41.3423
nc73661526,BK,MMI,0.0,HHZ,1,77.0,,255.5,,84.5304
nc73661526,NC,MMI,,EHZ,1,77.0,,255.5,,84.5304
nc73661526,BK,HELL,0.0,HHZ,1,77.0,,189.9,,105.1237
nc73661526,NC,MHD,,EHZ,1,77.0,,240.2,,110.0719
nc73661576,NP,1576,10.0,HNZ,1,109.0,,47.7,,11.9535
nc73661576,NC,MQ1P,,EHZ,1,98.0,,310.9,,19.637
nc73661576,NC,MEM,,EHZ,-1,97.0,,337.9,,20.2375
nc73661576,NC,MLH,,EHZ,-1,97.0,,9.4,,20.3931
nc73661576,NC,MDH,,HNZ,-1,96.0,,346.4,,20.8379
nc73661576,NC,MDH1,1.0,DP1,1,96.0,,346.4,,20.8379
nc73661576,NC,MDC,2.0,EHZ,-1,90.0,,324.9,,28.8773
nc73661576,NC,MMT,,EHZ,1,90.0,,245.0,,31.8907
nc73661576,NC,MCD,,EHZ,1,91.0,,81.0,,36.6498
nc73661576,CI,MLAC,,HHZ,-1,103.0,,5.8,,14.8223
nc73661576,NC,MCO,,EHZ,-1,104.0,,356.3,,13.5324
nc73661576,NC,MCS,,EHZ,-1,100.0,,345.2,,18.1025
nc73661576,NC,MCV,,EHZ,-1,114.0,,11.5,,10.5035
nc73661576,NC,MDR,2.0,EHZ,-1,102.0,,5.5,,15.6785
nc73661576,NC,MLC,,EHZ,-1,104.0,,336.7,,13.8771
nc73661621,CI,MLAC,,HHZ,1,143.0,,306.5,,2.6553
nc73661621,NC,MDR,2.0,EHZ,1,137.0,,319.1,,3.2324
nc73661621,NC,MCV,,EHZ,-1,137.0,,207.8,,3.2613
nc73661621,NC,MLH,,EHZ,1,110.0,,357.7,,6.9486
nc73661621,NC,MCS,,EHZ,1,102.0,,297.6,,9.347
nc73661716,NC,MCV,,EHZ,-1,148.0,,196.6,,2.8555
nc73661716,NC,MLH,,EHZ,-1,118.0,,3.5,,7.1042
nc73661716,NP,1576,10.0,HNZ,1,115.0,,130.3,,7.7547
nc73661716,NC,MLC,,EHZ,1,112.0,,268.1,,8.433
nc73661716,NC,MCS,,EHZ,-1,111.0,,300.6,,8.8011
nc73661716,NC,MDH1,1.0,DP1,1,105.0,,312.8,,10.6714
nc73661716,NC,MRC,,EHZ,-1,81.0,,76.5,,28.3769
nc73661716,CI,MLAC,,HHZ,-1,154.0,,320.4,,2.2406
nc73661716,NC,MDR,2.0,EHZ,-1,148.0,,331.4,,2.9478
nc73661791,NP,1576,10.0,HNZ,-1,117.0,,128.7,,7.6358
nc73661791,NC,MDH,,HNZ,-1,106.0,,313.9,,10.8037
nc73661791,NC,MDH1,1.0,DP1,1,106.0,,313.9,,10.8037
nc73661791,NC,MMLB,,HHZ,-1,97.0,,290.4,,14.9335
nc73661791,NC,MLI,,HHZ,-1,96.0,,278.9,,17.6466
nc73661791,NC,MQ1P,,EHZ,-1,96.0,,270.2,,17.7467
nc73661791,NC,MRC,,EHZ,-1,81.0,,76.0,,28.477
nc73661791,NC,MTU,2.0,EHZ,-1,78.0,,141.7,,36.6832
nc73661791,NC,MFB,,EHZ,-1,78.0,,120.4,,40.1414
nc73661791,NC,MMT,,EHZ,1,78.0,,230.4,,41.22
nc73661791,BK,TOLH,0.0,HHZ,-1,77.0,,216.9,,91.9137
nc73661791,CI,POR,,HHZ,-1,75.0,,185.6,,168.2379
nc73661791,BK,HELL,0.0,HHZ,1,77.0,,189.9,,105.0347
nc73661791,BK,LIND,0.0,HHZ,1,77.0,,188.6,,141.3288
nc73661791,CI,MLAC,,HHZ,1,154.0,,324.9,,2.404
nc73661791,NC,MCO,,EHZ,-1,141.0,,280.9,,3.8318
nc73661791,NC,MCS,,EHZ,-1,112.0,,302.1,,8.8878
nc73661791,NC,MCV,,EHZ,1,152.0,,197.2,,2.612
nc73661791,NC,MDC,2.0,EHZ,-1,86.0,,299.1,,22.3279
nc73661791,NC,MDR,2.0,EHZ,1,147.0,,334.2,,3.1413
nc73661791,NC,MDY,,HHZ,-1,96.0,,286.7,,17.6689
nc73661791,NC,MEM,,EHZ,-1,99.0,,299.6,,12.098
nc73661791,NC,MINS,,HHZ,-1,86.0,,282.3,,21.7275
nc73661791,NC,MLC,,EHZ,-1,114.0,,269.7,,8.3841
nc73661791,NC,MLH,,EHZ,1,119.0,,3.7,,7.3466
nc73661791,NC,MMP,,EHZ,-1,96.0,,269.1,,18.4028
nc73661806,CI,MLAC,,HHZ,1,154.0,,318.3,,2.0149
nc73661806,NC,MDR,2.0,EHZ,1,147.0,,330.8,,2.7109
nc73661806,NC,MCV,,EHZ,1,143.0,,193.8,,3.0456
nc73661806,NC,MCO,,EHZ,-1,136.0,,274.0,,3.7284
nc73661806,NC,MLH,,EHZ,1,115.0,,4.3,,6.8885
nc73661806,NC,MLC,,EHZ,-1,109.0,,266.5,,8.3552
nc73661816,NC,MDR,2.0,EHZ,1,152.0,,320.9,,3.1235
nc73661816,NC,MCV,,EHZ,1,151.0,,205.3,,3.2124
nc73661816,NC,MLC,,EHZ,-1,118.0,,267.2,,8.999
nc73661946,NC,MCO,,EHZ,-1,141.0,,280.8,,3.6661
nc73661946,NP,1576,10.0,HNZ,-1,116.0,,128.2,,7.7859
nc73661946,NC,MDH,,HNZ,-1,106.0,,314.3,,10.6614
nc73661946,NC,MDH1,1.0,DP1,1,106.0,,314.3,,10.6614
nc73661946,NC,MLI,,HHZ,1,96.0,,278.8,,17.4798
nc73661946,NC,MDY,,HHZ,-1,96.0,,286.8,,17.5021
nc73661946,NC,MQ1P,,EHZ,-1,96.0,,270.0,,17.5799
nc73661946,NC,MCY,,EHZ,1,95.0,,280.5,,18.5807
nc73661946,NC,MRC,,EHZ,1,81.0,,76.2,,28.6216
nc73661946,NC,MCD,,EHZ,-1,78.0,,102.1,,34.2258
nc73661946,NC,MTU,2.0,EHZ,-1,77.0,,141.6,,36.8166
nc73661946,NC,MFB,,EHZ,-1,77.0,,120.4,,40.297
nc73661946,NC,MMT,,EHZ,1,77.0,,230.2,,41.1088
nc73661946,BK,MMI,0.0,HHZ,1,77.0,,255.5,,84.2635
nc73661946,NC,MMI,,EHZ,1,77.0,,255.5,,84.2635
nc73661946,BK,TOLH,0.0,HHZ,1,77.0,,216.8,,91.847
nc73661946,BK,HELL,0.0,HHZ,1,76.0,,189.8,,105.0458
nc73661946,NC,MPR,,EHZ,1,76.0,,281.8,,107.2475
nc73661946,NC,MHD,,EHZ,1,76.0,,240.2,,109.8272
nc73661946,BK,BUCR,0.0,HHZ,-1,76.0,,273.7,,117.3106
nc73661946,CI,MLAC,,HHZ,1,154.0,,327.6,,2.2839
nc73661946,NC,MCS,,EHZ,-1,112.0,,302.4,,8.731
nc73661946,NC,MCV,,EHZ,1,152.0,,193.6,,2.6042
nc73661946,NC,MDC,2.0,EHZ,-1,86.0,,299.2,,22.1723
nc73661946,NC,MDR,2.0,EHZ,1,148.0,,336.6,,3.0401
nc73661946,NC,MEM,,EHZ,-1,102.0,,299.8,,11.9423
nc73661946,NC,MINS,,HHZ,-1,85.0,,282.3,,21.5607
nc73661946,NC,MLC,,EHZ,-1,114.0,,269.5,,8.2229
nc73661946,NC,MLH,,EHZ,1,118.0,,5.0,,7.3222
nc73661946,NC,MMLB,,HHZ,-1,97.0,,290.5,,14.7667
nc73661946,NC,MMP,,EHZ,-1,96.0,,269.0,,18.236
nc73661981,NC,MCV,,EHZ,-1,149.0,,208.4,,3.2591
nc73661981,NC,MDR,2.0,EHZ,1,148.0,,318.9,,3.2658
nc73661981,NC,MCO,,EHZ,-1,139.0,,274.4,,4.5568
nc73661981,NC,MLH,,EHZ,1,124.0,,357.5,,6.9686
nc73662051,NC,MCO,,EHZ,-1,142.0,,278.8,,3.6294
nc73662051,NC,MLC,,EHZ,-1,114.0,,268.6,,8.2106
nc73662051,NC,MCS,,EHZ,-1,113.0,,301.8,,8.6499
nc73662051,NC,MDH1,1.0,DP1,1,107.0,,313.9,,10.5613
nc73662051,NC,MEM,,EHZ,-1,103.0,,299.3,,11.8645
nc73662051,NC,MDY,,HHZ,-1,96.0,,286.4,,17.4576
nc73662051,NC,MQ1P,,EHZ,-1,96.0,,269.6,,17.5688
nc73662051,NC,MMP,,EHZ,-1,96.0,,268.6,,18.2248
nc73662051,NC,MINS,,HHZ,-1,85.0,,282.0,,21.5162
nc73662051,NC,MDC,2.0,EHZ,-1,86.0,,298.9,,22.0944
nc73662051,NC,MRC,,EHZ,-1,81.0,,76.4,,28.6105
nc73662051,NC,MTU,2.0,EHZ,-1,77.0,,141.7,,36.9278
nc73662051,CI,MLAC,,HHZ,1,156.0,,326.1,,2.1672
nc73662051,NC,MDR,2.0,EHZ,1,149.0,,335.9,,2.9155
nc73662051,NC,MLH,,EHZ,1,119.0,,5.2,,7.1943
nc73662051,NC,MMLB,,HHZ,-1,97.0,,290.0,,14.7111
nc73662086,NC,MDR,2.0,EHZ,1,153.0,,347.9,,2.3229
nc73662086,NC,MCO,,EHZ,1,148.0,,273.3,,2.8855
nc73662086,NC,MCV,,EHZ,-1,146.0,,178.0,,3.0512
nc73662086,NC,MLH,,EHZ,1,119.0,,11.3,,6.9108
nc73662086,NC,MLC,,EHZ,-1,116.0,,265.4,,7.5246
nc73662086,NC,MMP,,EHZ,1,95.0,,267.2,,17.5354
nc73662161,NC,MCO,,EHZ,-1,147.0,,275.0,,2.7732
nc73662161,NC,MCV,,EHZ,1,145.0,,175.7,,2.9845
nc73662161,NC,MLC,,EHZ,-1,114.0,,265.9,,7.4022
nc73662161,NC,MCS,,EHZ,-1,112.0,,303.0,,7.7859
nc73662161,NC,MLM,,EHZ,-1,94.0,,320.7,,15.9898
nc73662161,NC,MQ1P,,EHZ,-1,94.0,,268.5,,16.7571
nc73662161,NC,MMP,,EHZ,-1,94.0,,267.4,,17.4131
nc73662161,NC,MINS,,HHZ,-1,85.0,,281.6,,20.6489
nc73662161,CI,MLAC,,HHZ,1,161.0,,345.4,,1.5323
nc73662161,NC,MDR,2.0,EHZ,1,151.0,,351.0,,2.374
nc73662161,NC,MLH,,EHZ,1,116.0,,12.1,,7.0075
nc73662236,CI,MLAC,,HHZ,-1,160.0,,110.0,,1.2943
nc73662236,NC,MDR,2.0,EHZ,-1,160.0,,71.1,,1.3021
nc73662236,NC,MCO,,EHZ,-1,150.0,,214.4,,2.0438
nc73662236,NC,MCV,,EHZ,-1,118.0,,159.6,,5.2306
nc73662236,NC,MLH,,EHZ,1,115.0,,31.9,,5.8088
nc73662236,NC,MLC,,EHZ,1,112.0,,247.0,,6.2758
nc73662371,NC,MCV,,EHZ,-1,93.0,,11.4,,12.9764
nc73662371,NC,MCO,,EHZ,-1,94.0,,358.5,,15.9342
nc73662371,NC,MLC,,EHZ,-1,94.0,,341.7,,15.9787
nc73662371,NC,MMP,,EHZ,-1,84.0,,314.9,,21.1826
nc73662371,NC,MMT,,EHZ,-1,78.0,,248.8,,30.5119
nc73662411,CI,MLAC,,HHZ,-1,158.0,,320.9,,1.9615
nc73662411,NC,MDR,2.0,EHZ,1,150.0,,332.9,,2.6787
nc73662411,NC,MCV,,EHZ,-1,148.0,,192.0,,3.0045
nc73662411,NC,MLH,,EHZ,1,120.0,,5.1,,6.9163
nc73662411,NC,MLC,,EHZ,-1,113.0,,266.6,,8.2518
nc73662411,NC,MMP,,EHZ,-1,95.0,,267.7,,18.2693
nc73662556,NC,MDR,2.0,EHZ,1,164.0,,86.2,,1.6323
nc73662556,NC,MCO,,EHZ,-1,160.0,,200.8,,2.1394
nc73662556,NC,MCS,,EHZ,1,139.0,,293.7,,4.9537
nc73662556,NC,MCV,,EHZ,-1,134.0,,156.9,,5.6698
nc73662556,NC,MLH,,EHZ,1,134.0,,36.9,,5.7744
nc73662556,NC,MLC,,EHZ,1,132.0,,242.7,,6.049
nc73662556,NC,MDH1,1.0,DP1,-1,128.0,,314.8,,6.7562
nc73662556,NC,MQ1P,,EHZ,1,102.0,,259.7,,14.9891
nc73662556,NC,MMP,,EHZ,1,102.0,,258.9,,15.6896
nc73662556,NC,MINS,,HHZ,1,99.0,,275.9,,18.3249
nc73662586,NP,1576,10.0,HNZ,1,114.0,,77.1,,7.5412
nc73662586,NC,MCS,,EHZ,-1,95.0,,331.2,,12.7318
nc73662586,NC,MDH,,HNZ,1,95.0,,335.3,,15.3227
nc73662586,NC,MDH1,1.0,DP1,-1,95.0,,335.3,,15.3227
nc73662586,NC,MQ1P,,EHZ,1,95.0,,291.7,,17.6022
nc73662586,NC,MLM,,EHZ,-1,85.0,,333.2,,21.6052
nc73662586,NC,MDC,2.0,EHZ,1,83.0,,313.7,,25.0411
nc73662586,NC,MRC,,EHZ,1,78.0,,65.3,,31.9129
nc73662586,NC,MMT,,EHZ,1,75.0,,236.9,,36.2829
nc73662586,BK,MMI,0.0,HHZ,1,75.0,,259.7,,81.6727
nc73662586,CI,MLAC,,HHZ,-1,110.0,,360.0,,8.4019
nc73662586,NC,MCO,,EHZ,-1,114.0,,341.7,,7.5446
nc73662586,NC,MCV,,EHZ,1,136.0,,8.7,,3.9908
nc73662586,NC,MDR,2.0,EHZ,-1,108.0,,0.1,,9.2636
nc73662586,NC,MDY,,HHZ,1,85.0,,306.6,,19.3368
nc73662586,NC,MINS,,HHZ,1,85.0,,299.2,,22.7171
nc73662586,NC,MLC,,EHZ,1,107.0,,312.5,,9.4838
nc73662586,NC,MLH,,EHZ,-1,95.0,,7.6,,13.8994
nc73662586,NC,MMLB,,HHZ,1,95.0,,312.7,,17.1574
nc73662586,NC,MMP,,EHZ,1,95.0,,289.9,,18.0914
nc73662731,NC,MTU,2.0,EHZ,-1,130.0,,147.3,,12.9209
nc73662731,NP,1576,10.0,HNZ,1,126.0,,323.6,,16.3901
nc73662731,NC,MCS,,EHZ,-1,107.0,,314.4,,32.4689
nc73662731,NC,MDH,,HNZ,1,105.0,,317.4,,34.6261
nc73662731,NC,MDH1,1.0,DP1,1,105.0,,317.4,,34.6261
nc73662731,NC,MEM,,EHZ,-1,105.0,,312.5,,35.5045
nc73662731,NC,MMT,,EHZ,1,99.0,,260.2,,48.292
nc73662731,BK,TOLH,0.0,HHZ,1,91.0,,232.0,,90.1791
nc73662731,BK,HELL,0.0,HHZ,1,91.0,,201.6,,92.0138
nc73662731,BK,MMI,0.0,HHZ,1,91.0,,268.3,,97.5513
nc73662731,NC,MMI,,EHZ,1,91.0,,268.3,,97.5513
nc73662731,NC,MHD,,EHZ,1,88.0,,251.9,,117.0883
nc73662731,CI,CWC,,HHZ,1,88.0,,155.9,,122.8704
nc73662731,NC,MPR,,EHZ,1,87.0,,288.4,,127.3182
nc73662731,CI,MLAC,,HHZ,-1,112.0,,319.5,,26.242
nc73662731,NC,MCD,,EHZ,1,119.0,,58.4,,20.6378
nc73662731,NC,MCO,,EHZ,-1,111.0,,313.9,,26.987
nc73662731,NC,MCV,,EHZ,-1,116.0,,313.2,,22.6059
nc73662731,NC,MDR,2.0,EHZ,-1,112.0,,320.7,,26.8981
nc73662731,NC,MFB,,EHZ,1,122.0,,97.2,,19.0366
nc73662731,NC,MLC,,EHZ,-1,108.0,,306.7,,30.0337
nc73662806,NC,MTU,2.0,EHZ,-1,116.0,,126.1,,16.7904
nc73662806,NC,MCV,,EHZ,1,113.0,,328.9,,19.1922
nc73662806,NC,MCO,,EHZ,1,107.0,,326.7,,23.5177
nc73662806,NC,MDR,2.0,EHZ,1,106.0,,334.2,,24.1627
nc73662806,NC,MLC,,EHZ,1,105.0,,317.2,,25.7861
nc73662926,NP,1679,10.0,HNZ,-1,108.0,,158.6,,11.8979
nc73662926,NC,MTU,2.0,EHZ,-1,90.0,,203.0,,33.1027
nc73662926,NC,MDH1,1.0,DP1,-1,88.0,,277.8,,43.7997
nc73662926,NC,MLM,,EHZ,1,88.0,,283.6,,48.0807
nc73662926,NC,MQ1P,,EHZ,-1,88.0,,268.4,,53.3958
nc73662926,NN,LHV,,HHZ,-1,87.0,,353.7,,69.6636
nc73662926,NC,MMT,,EHZ,1,87.0,,247.7,,73.0106
nc73662926,GS,MCA04,0.0,HHZ,1,86.0,,51.0,,79.8268
nc73662926,CI,MLAC,,HHZ,1,88.0,,270.6,,37.0168
nc73662926,NC,MCO,,EHZ,1,88.0,,268.7,,39.3964
nc73662926,NC,MCS,,EHZ,1,88.0,,274.2,,43.2659
nc73662926,NC,MCV,,EHZ,1,91.0,,263.6,,36.6498
nc73662926,NC,MDC,2.0,EHZ,1,88.0,,279.6,,55.8977
nc73662926,NC,MDR,2.0,EHZ,1,88.0,,271.9,,37.0057
nc73662926,NC,MEM,,EHZ,1,88.0,,275.5,,46.3572
nc73662926,NC,MFB,,EHZ,-1,90.0,,182.8,,22.0388
nc73662926,NC,MLC,,EHZ,1,88.0,,267.9,,44.0443
nc73662926,NC,MLH,,EHZ,1,91.0,,279.3,,35.5935
nc73662926,NC,MMP,,EHZ,1,88.0,,268.1,,54.063
nc73662926,NC,MRC,,EHZ,1,116.0,,302.8,,9.466
nc73662971,NC,MCV,,EHZ,-1,126.0,,29.4,,3.8707
nc73662971,NC,MCO,,EHZ,-1,107.0,,350.7,,6.6739
nc73662971,NC,MLC,,EHZ,1,101.0,,315.7,,8.1528
nc73662971,NC,MDR,2.0,EHZ,1,100.0,,8.5,,8.7877
nc73662971,NC,MMP,,EHZ,-1,85.0,,289.6,,16.6792
nc73663351,NC,MDH,,HNZ,-1,107.0,,348.9,,3.178
nc73663351,NC,MDH1,,DP1,1,107.0,,348.9,,3.178
nc73663351,NC,MLC,,EHZ,1,73.0,,195.1,,4.549
nc73663351,NC,MDR,2.0,EHZ,1,60.0,,104.7,,6.0168
nc73663351,CI,MLAC,,HHZ,-1,58.0,,112.4,,6.277
nc73663351,NC,MLH,,EHZ,1,51.0,,68.6,,8.2262
nc73663351,NC,MLM,,EHZ,-1,51.0,,335.0,,9.3637
nc73663351,NC,MCV,,EHZ,-1,51.0,,136.9,,9.3837
nc73663351,NC,MQ1P,,EHZ,1,51.0,,247.7,,11.3975
nc73663351,NC,MMP,,EHZ,1,51.0,,247.4,,12.1314
nc73663351,NC,MDC,2.0,EHZ,-1,51.0,,297.7,,13.9327
nc73663351,NC,MINS,,HHZ,1,51.0,,271.0,,14.0439
nc73663351,NC,MCO,,EHZ,-1,69.0,,136.7,,4.9938
nc73663351,NC,MCS,,EHZ,-1,160.0,,315.9,,0.4969
nc73663351,NC,MEM,,EHZ,-1,98.0,,295.6,,3.7095
nc73663381,NP,1576,10.0,HNZ,1,112.0,,25.0,,12.4316
nc73663381,NC,MQ1P,,EHZ,-1,99.0,,311.2,,24.474
nc73663381,NC,MDH,,HNZ,-1,99.0,,340.2,,24.9855
nc73663381,NC,MDH1,1.0,DP1,1,99.0,,340.2,,24.9855
nc73663381,NC,MCY,,EHZ,-1,97.0,,315.5,,27.265
nc73663381,NC,MDY,,HHZ,-1,97.0,,320.2,,27.4985
nc73663381,NC,MINS,,HHZ,-1,95.0,,313.4,,30.1116
nc73663381,NC,MDC,2.0,EHZ,-1,94.0,,323.1,,33.6142
nc73663381,BK,TOLH,0.0,HHZ,1,87.0,,224.2,,80.2049
nc73663381,BK,MMI,0.0,HHZ,1,87.0,,266.5,,82.6067
nc73663381,BK,LIND,0.0,HHZ,-1,84.0,,190.0,,125.6503
nc73663381,CI,CWC,,HHZ,1,84.0,,150.1,,131.4324
nc73663381,BK,HELL,0.0,HHZ,-1,87.0,,192.1,,89.4452
nc73663381,CI,MLAC,,HHZ,-1,106.0,,353.4,,18.1025
nc73663381,CI,WOR,,HHZ,-1,79.0,,165.4,,203.2643
nc73663381,NC,MCO,,EHZ,-1,107.0,,345.1,,17.3242
nc73663381,NC,MCS,,EHZ,-1,100.0,,338.4,,22.3057
nc73663381,NC,MCV,,EHZ,-1,111.0,,353.8,,13.6103
nc73663381,NC,MDR,2.0,EHZ,-1,105.0,,353.7,,18.9587
nc73663381,NC,MEM,,EHZ,-1,99.0,,333.0,,24.6853
nc73663381,NC,MFB,,EHZ,1,94.0,,97.2,,34.2036
nc73663381,NC,MLC,,EHZ,-1,106.0,,330.5,,18.3916
nc73663381,NC,MLH,,EHZ,-1,99.0,,359.4,,23.3509
nc73663381,NC,MLM,,EHZ,-1,95.0,,337.7,,31.2013
nc73663381,NC,MMLB,,HHZ,-1,98.0,,325.4,,25.8083
nc73663381,NC,MMP,,EHZ,-1,99.0,,309.6,,24.752
nc73663381,NC,MMT,,EHZ,1,94.0,,252.6,,34.0812
nc73663381,NC,MRC,,EHZ,1,93.0,,49.6,,35.3266
nc73663481,NP,1576,10.0,HNZ,-1,116.0,,131.0,,7.5968
nc73663481,NC,MLC,,EHZ,1,112.0,,268.4,,8.6087
nc73663481,NC,MCS,,EHZ,1,111.0,,300.2,,8.9723
nc73663481,NC,MDH1,1.0,DP1,1,105.0,,312.3,,10.8271
nc73663481,CI,MLAC,,HHZ,1,153.0,,317.7,,2.384
nc73663481,NC,MCO,,EHZ,1,138.0,,277.4,,4.0175
nc73663481,NC,MCV,,EHZ,-1,148.0,,200.2,,2.8755
nc73663481,NC,MDR,2.0,EHZ,1,146.0,,328.8,,3.0679
nc73663481,NC,MLH,,EHZ,1,118.0,,2.0,,7.1332
nc73663556,CI,MLAC,,HHZ,1,150.0,,306.3,,2.2295
nc73663556,NC,MDR,2.0,EHZ,1,144.0,,320.8,,2.8155
nc73663556,NC,MCV,,EHZ,-1,138.0,,200.6,,3.3592
nc73663556,NC,MCO,,EHZ,1,131.0,,271.0,,4.1754
nc73663556,NC,MLH,,EHZ,1,114.0,,0.5,,6.685
nc73663556,NC,MLC,,EHZ,1,106.0,,265.5,,8.8233
nc73663556,NC,MQ1P,,EHZ,1,85.0,,268.1,,18.1693
nc73663591,NC,MCO,,EHZ,1,133.0,,273.8,,3.8896
nc73663591,NC,MGPB,,EHZ,-1,111.0,,278.1,,7.4801
nc73663591,NC,MLC,,EHZ,1,107.0,,266.6,,8.5164
nc73663591,CI,MLAC,,HHZ,1,152.0,,315.0,,2.126
nc73663591,NC,MCV,,EHZ,-1,141.0,,196.7,,3.089
nc73663591,NC,MDR,2.0,EHZ,1,144.0,,327.9,,2.7943
nc73663591,NC,MLH,,EHZ,1,113.0,,3.0,,6.8785
nc73663881,NC,MTU,2.0,EHZ,-1,128.0,,145.8,,13.032
nc73663881,NC,MFB,,EHZ,1,120.0,,96.8,,19.3702
nc73663881,NC,MCV,,EHZ,-1,114.0,,314.0,,22.4169
nc73663881,NC,MLH,,EHZ,-1,107.0,,329.7,,29.4111
nc73663881,NC,MLC,,EHZ,-1,107.0,,307.3,,29.8225
nc73663881,NC,MCS,,EHZ,-1,106.0,,314.9,,32.291
nc73663881,NC,MEM,,EHZ,-1,104.0,,312.9,,35.3155
nc73663881,NC,MLM,,EHZ,-1,101.0,,319.5,,40.7085
nc73663881,NC,MINS,,HHZ,1,100.0,,301.9,,43.0658
nc73663881,NC,MMT,,EHZ,1,98.0,,260.2,,47.9473
nc73663881,NC,MCO,,EHZ,-1,110.0,,314.5,,26.798
nc73663881,NC,MDR,2.0,EHZ,-1,110.0,,321.4,,26.7535
nc73664136,NC,MCV,,EHZ,-1,85.0,,339.1,,17.7356
nc73664136,NC,MTU,2.0,EHZ,-1,85.0,,119.6,,19.7371
nc73664136,NC,MCO,,EHZ,-1,84.0,,334.8,,21.872
nc73664136,NC,MDR,2.0,EHZ,-1,84.0,,342.5,,22.9618
nc73664136,NC,MLC,,EHZ,-1,83.0,,323.8,,23.5956
nc73664186,NC,MMLB,,HHZ,1,67.0,,303.3,,5.423
nc73664186,NC,MDH1,,DP1,-1,66.0,,17.5,,5.5197
nc73664186,CI,MLAC,,HHZ,1,55.0,,91.7,,8.0917
nc73664186,NC,MDR,2.0,EHZ,1,55.0,,85.5,,8.1272
nc73664186,NC,MQ1P,,EHZ,1,54.0,,255.3,,8.5476
nc73664186,NC,MCV,,EHZ,-1,55.0,,118.4,,9.8897
nc73664186,NC,MLH,,EHZ,1,54.0,,62.6,,11.1862
nc73664186,NC,MCO,,EHZ,-1,63.0,,104.6,,5.9022
nc73664186,NC,MCS,,EHZ,1,108.0,,37.6,,3.1624
nc73664186,NC,MDC,2.0,EHZ,-1,55.0,,310.6,,13.2433
nc73664186,NC,MEM,,EHZ,-1,82.0,,344.1,,3.8918
nc73664186,NC,MLC,,EHZ,-1,116.0,,154.1,,2.4974
nc73664186,NC,MLM,,EHZ,-1,54.0,,351.0,,10.7581
nc73664186,NC,MMP,,EHZ,1,55.0,,254.2,,9.2681
nc73664196,NC,MLC,,EHZ,-1,118.0,,158.1,,2.6008
nc73664196,NC,MCS,,EHZ,1,114.0,,37.7,,2.9578
nc73664196,NC,MEM,,EHZ,-1,98.0,,341.7,,3.7673
nc73664196,NC,MCO,,EHZ,-1,70.0,,106.5,,5.8333
nc73664236,NC,MTU,2.0,EHZ,1,150.0,,150.5,,6.1702
nc73664236,NC,MCV,,EHZ,-1,106.0,,315.8,,29.2776
nc73664236,NC,MDR,2.0,EHZ,-1,104.0,,321.4,,33.6476
nc73664236,NC,MLH,,EHZ,-1,102.0,,328.2,,36.2607
nc73664236,NC,MLC,,EHZ,-1,102.0,,310.0,,36.5387
nc73664236,NC,MCS,,EHZ,-1,101.0,,316.1,,39.1517
nc73664236,NC,MMT,,EHZ,1,96.0,,267.0,,51.6167
nc73664236,NC,MDC,2.0,EHZ,-1,96.0,,311.3,,52.0726
nc73664236,BK,TOLH,0.0,HHZ,1,90.0,,236.4,,90.1902
nc73664236,NC,MCD,,EHZ,1,115.0,,39.8,,21.2382
nc73664236,NC,MCO,,EHZ,-1,103.0,,316.0,,33.6587
nc73664236,NC,MFB,,EHZ,1,124.0,,78.2,,15.2559
nc73664491,NC,MLC,,EHZ,1,157.0,,119.4,,3.0412
nc73664491,NC,MCS,,EHZ,1,145.0,,46.8,,4.778
nc73664491,NC,MDH,,HNZ,1,134.0,,28.0,,6.8296
nc73664491,NC,MDH1,,DP1,-1,134.0,,28.0,,6.8296
nc73664491,NC,MQ1P,,EHZ,-1,134.0,,258.1,,6.8552
nc73664491,NC,MCO,,EHZ,-1,132.0,,95.7,,7.3088
nc73664491,NC,MMP,,EHZ,1,131.0,,256.6,,7.5668
nc73664491,NC,MDR,2.0,EHZ,1,122.0,,81.8,,9.7618
nc73664491,NC,MINS,,HHZ,-1,119.0,,287.2,,10.6758
nc73664491,NC,MCV,,EHZ,1,118.0,,111.0,,10.9927
nc73664491,NC,MLH,,EHZ,1,111.0,,62.8,,12.9209
nc73664491,NC,MMT,,EHZ,-1,94.0,,216.8,,34.5816
nc73664591,NC,MMT,,EHZ,1,105.0,,252.1,,14.9001
nc73664591,NC,MQ1P,,EHZ,1,97.0,,359.6,,21.6941
nc73664591,NC,MLC,,EHZ,1,95.0,,23.0,,23.5066
nc73664591,NC,MCV,,EHZ,1,95.0,,41.1,,25.5081
nc73664591,NC,MCO,,EHZ,1,94.0,,31.6,,26.3198
nc73664591,NC,MDR,2.0,EHZ,-1,92.0,,33.4,,29.3777
nc73664591,NC,MDC,2.0,EHZ,1,92.0,,356.5,,32.5134
nc73664591,NC,MTU,2.0,EHZ,1,91.0,,99.9,,41.0309
nc73664656,NC,MCV,,EHZ,-1,94.0,,334.4,,15.078
nc73664656,NC,MCO,,EHZ,-1,85.0,,330.6,,19.3146
nc73664656,CI,MLAC,,HHZ,-1,85.0,,338.5,,19.4035
nc73664656,NC,MDR,2.0,EHZ,-1,85.0,,339.4,,20.2041
nc73664656,NC,MLC,,EHZ,-1,85.0,,318.7,,21.3828
nc73664656,NC,MMP,,EHZ,1,79.0,,303.3,,28.8662
nc73664656,NC,MMT,,EHZ,1,75.0,,254.9,,38.9293
nc73664681,NC,MCV,,EHZ,-1,154.0,,203.1,,2.2706
nc73664681,CI,MLAC,,HHZ,1,149.0,,327.7,,2.8088
nc73664681,NC,MDR,2.0,EHZ,-1,141.0,,335.4,,3.5593
nc73664681,NC,MCO,,EHZ,1,137.0,,286.3,,4.0419
nc73664681,NC,MLH,,EHZ,-1,115.0,,2.6,,7.747
nc73664681,NC,MLC,,EHZ,1,112.0,,272.5,,8.5097
nc73664681,NC,MCS,,EHZ,1,109.0,,303.9,,9.2081
nc73664681,NC,MQ1P,,EHZ,1,95.0,,271.5,,17.869
nc73664681,NC,MMP,,EHZ,-1,95.0,,270.4,,18.514
nc73664681,NC,MCY,,EHZ,-1,95.0,,281.6,,18.9365
nc73664681,NC,MINS,,HHZ,1,86.0,,283.3,,21.9276
nc73664681,NC,MDC,2.0,EHZ,-1,86.0,,299.8,,22.6282
nc73664716,NC,MCV,,EHZ,-1,125.0,,328.1,,8.4441
nc73664716,NC,MCO,,EHZ,-1,110.0,,324.4,,12.7763
nc73664716,NC,MDR,2.0,EHZ,-1,109.0,,338.0,,13.4768
nc73664716,NC,MLC,,EHZ,-1,107.0,,308.7,,15.445
nc73664716,NC,MLH,,EHZ,1,105.0,,349.3,,17.2908
nc73664716,NC,MCS,,EHZ,1,104.0,,322.1,,18.236
nc73664731,NC,MCV,,EHZ,-1,127.0,,332.9,,7.1154
nc73664731,NC,MCO,,EHZ,-1,111.0,,327.0,,11.4086
nc73664731,CI,MLAC,,HHZ,1,111.0,,340.4,,11.4642
nc73664731,NC,MDR,2.0,EHZ,-1,106.0,,341.8,,12.2648
nc73664731,NC,MLC,,EHZ,-1,104.0,,309.1,,13.9661
nc73664731,NC,MLH,,EHZ,-1,102.0,,353.0,,16.2789
nc73664731,NC,MCS,,EHZ,-1,102.0,,323.6,,16.8349
nc73664731,NC,MINS,,HHZ,1,90.0,,299.7,,27.2539
nc73664731,NC,MDC,2.0,EHZ,-1,90.0,,311.9,,29.5
nc73664746,NC,MCV,,EHZ,-1,161.0,,237.0,,1.6957
nc73664746,NC,MCO,,EHZ,-1,133.0,,297.6,,4.9715
nc73664746,NC,MLH,,EHZ,1,113.0,,358.9,,8.9056
nc73664746,NC,MLC,,EHZ,1,112.0,,279.7,,9.1614
nc73664746,NC,MCS,,EHZ,1,109.0,,307.6,,10.3178
nc73664746,NC,MDH1,,DP1,1,99.0,,317.0,,12.376
nc73664746,NC,MQ1P,,EHZ,1,96.0,,275.1,,18.4695
nc73664746,NC,MMP,,EHZ,1,96.0,,273.9,,19.0922
nc73664746,NC,MINS,,HHZ,1,86.0,,285.8,,22.7394
nc73664746,NC,MDC,2.0,EHZ,1,85.0,,301.6,,23.6845
nc73664806,NC,MCV,,EHZ,-1,157.0,,214.0,,1.9848
nc73664806,NC,MDR,2.0,EHZ,-1,138.0,,335.1,,4.0553
nc73664806,NC,MLH,,EHZ,1,114.0,,0.9,,8.1839
nc73664806,NC,MLC,,EHZ,1,112.0,,275.3,,8.761
nc73664806,NC,MCS,,EHZ,-1,109.0,,305.3,,9.6417
nc73664806,NC,MMP,,EHZ,1,95.0,,271.7,,18.7475
nc73664806,NC,MINS,,HHZ,1,86.0,,284.3,,22.2501
nc73664806,NC,MDC,2.0,EHZ,-1,85.0,,300.5,,23.0396
nc73665216,NC,MCV,,EHZ,-1,119.0,,340.6,,14.0995
nc73665216,NC,MCO,,EHZ,-1,114.0,,335.1,,18.2137
nc73665216,CI,MLAC,,HHZ,1,113.0,,343.4,,18.5251
nc73665216,NC,MDR,2.0,EHZ,-1,112.0,,344.2,,19.3479
nc73665216,NC,MLC,,EHZ,-1,111.0,,322.1,,19.9928
nc73665216,NC,MTU,2.0,EHZ,1,107.0,,124.7,,22.8728
nc73665216,NC,MMT,,EHZ,1,97.0,,253.7,,37.2503
nc73665226,NP,1576,10.0,HNZ,1,136.0,,7.7,,10.5379
nc73665226,NC,MCV,,EHZ,-1,127.0,,337.4,,13.7882
nc73665226,NC,MTU,2.0,EHZ,-1,113.0,,126.8,,22.706
nc73665226,NC,MCS,,EHZ,-1,113.0,,328.9,,23.2953
nc73665226,NC,MEM,,EHZ,-1,110.0,,324.6,,25.9863
nc73665226,NC,MQ1P,,EHZ,-1,109.0,,304.5,,27.0204
nc73665226,NC,MMP,,EHZ,-1,109.0,,303.2,,27.3762
nc73665226,NC,MMLB,,HHZ,-1,109.0,,317.8,,27.5763
nc73665226,NC,MFB,,EHZ,-1,106.0,,99.6,,30.5119
nc73665226,NC,MRC,,EHZ,1,105.0,,46.2,,31.9241
nc73665226,NC,MINS,,HHZ,-1,105.0,,307.7,,32.5245
nc73665226,NC,MDC,2.0,EHZ,-1,103.0,,317.4,,35.4601
nc73665226,NC,MMT,,EHZ,1,102.0,,253.2,,38.0064
nc73665226,CI,MLAC,,HHZ,-1,121.0,,341.0,,18.1693
nc73665226,NC,MCO,,EHZ,-1,121.0,,332.6,,17.9691
nc73665226,NC,MDR,2.0,EHZ,-1,119.0,,341.9,,18.981
nc73665226,NC,MDY,,HHZ,-1,107.0,,313.5,,29.5445
nc73665226,NC,MLC,,EHZ,-1,118.0,,319.7,,19.9373
nc73665226,NC,MLH,,EHZ,-1,113.0,,349.8,,22.9062
nc73665226,NC,MLM,,EHZ,-1,105.0,,330.9,,32.1465
nc73665376,NP,1576,10.0,HNZ,-1,47.0,,326.9,,13.5435
nc73665376,NC,MCV,,EHZ,1,47.0,,314.0,,19.637
nc73665376,NC,MFB,,EHZ,1,46.0,,101.3,,21.6497
nc73665376,NC,MDR,2.0,EHZ,-1,46.0,,322.2,,23.9959
nc73665376,NC,MCO,,EHZ,-1,46.0,,314.6,,24.0292
nc73665376,NC,MRC,,EHZ,1,46.0,,31.8,,26.987
nc73665376,NC,MLC,,EHZ,-1,46.0,,306.6,,27.0537
nc73665376,NC,MCS,,EHZ,1,45.0,,315.0,,29.5111
nc73665376,NC,MQ1P,,EHZ,-1,44.0,,297.6,,35.082
nc73665376,NC,MINS,,HHZ,1,43.0,,301.1,,40.3526
nc73665376,NC,MMT,,EHZ,1,42.0,,257.4,,46.346
nc73665376,BK,TOLH,0.0,HHZ,-1,42.0,,230.2,,89.5008
nc73665376,NC,MMI,,EHZ,1,42.0,,267.1,,95.2829
nc73665376,NC,MHD,,EHZ,1,42.0,,250.6,,115.5315
nc73665376,NC,MPR,,EHZ,1,42.0,,288.0,,124.5383
nc73665376,BK,WINE,0.0,HHZ,-1,42.0,,231.5,,141.3288
nc73665376,NC,MTU,2.0,EHZ,-1,47.0,,143.7,,15.7674
nc73665406,NC,MGPB,,EHZ,-1,116.0,,114.6,,2.3885
nc73665406,NC,MLC,,EHZ,-1,113.0,,157.1,,2.7599
nc73665406,NC,MCS,,EHZ,1,111.0,,40.9,,2.9233
nc73665406,NC,MEM,,EHZ,-1,103.0,,342.6,,3.6116
nc73665406,NC,MDR,2.0,EHZ,-1,48.0,,87.6,,8.095
nc73665711,NP,1679,10.0,HNZ,-1,129.0,,142.4,,9.2859
nc73665711,NC,MRC,,EHZ,1,123.0,,323.1,,11.0606
nc73665711,NP,1587,10.0,HNZ,1,111.0,,93.9,,17.2463
nc73665711,NC,MFB,,EHZ,-1,110.0,,179.2,,18.3027
nc73665711,NP,1576,10.0,HNZ,1,100.0,,264.6,,28.4993
nc73665711,NC,MCV,,EHZ,1,96.0,,269.4,,35.1042
nc73665711,NC,MLH,,EHZ,1,96.0,,285.7,,35.1042
nc73665711,CI,MLAC,,HHZ,1,96.0,,276.5,,35.9271
nc73665711,NC,MDR,2.0,EHZ,1,96.0,,277.9,,36.016
nc73665711,NC,MCO,,EHZ,1,95.0,,274.3,,38.1843
nc73665711,NC,MGPB,,EHZ,1,94.0,,275.0,,41.7648
nc73665711,NC,MCS,,EHZ,1,94.0,,279.3,,42.3986
nc73665711,NC,MLC,,EHZ,1,94.0,,272.8,,42.7544
nc73665711,NC,MDH1,,DP1,1,94.0,,282.9,,43.177
nc73665711,NC,MEM,,EHZ,1,93.0,,280.3,,45.5566
nc73665711,NC,MLM,,EHZ,1,93.0,,288.3,,47.8361
nc73665711,NC,MMLB,,HHZ,1,93.0,,278.7,,48.8591
nc73665711,NC,MDY,,HHZ,1,92.0,,278.1,,51.739
nc73665711,NC,MQ1P,,EHZ,1,92.0,,272.5,,52.1171
nc73665711,NC,MMP,,EHZ,1,92.0,,272.1,,52.7509
nc73665711,NC,MCY,,EHZ,1,92.0,,276.1,,53.0289
nc73665711,NC,MDC,2.0,EHZ,1,91.0,,283.6,,55.364
nc73665711,NC,MINS,,HHZ,1,91.0,,277.0,,55.9533
nc73665711,CI,TIN,,HHZ,1,91.0,,163.4,,62.536
nc73665711,NC,MMT,,EHZ,1,89.0,,250.0,,70.4531
nc73665711,NN,LHV,,HHZ,-1,89.0,,355.0,,73.233
nc73665711,GS,MCA04,0.0,HHZ,1,88.0,,49.6,,83.2072
nc73665711,BK,HELL,0.0,HHZ,1,86.0,,207.5,,114.1972
nc73665711,BK,TOLH,0.0,HHZ,1,86.0,,231.6,,114.642
nc73665711,BK,MMI,0.0,HHZ,1,85.0,,260.9,,117.6442
nc73665711,BK,BUCR,0.0,HHZ,1,83.0,,273.9,,151.8923
nc73665711,BK,LEGD,0.0,HHZ,1,83.0,,255.0,,157.7856
nc73665711,BK,WSRE,0.0,HHZ,1,70.0,,227.4,,205.0434
nc73665721,NC,MCV,,EHZ,1,143.0,,5.2,,3.9041
nc73665721,NC,MCO,,EHZ,-1,121.0,,339.8,,7.5746
nc73665721,NC,MLC,,EHZ,-1,112.0,,311.3,,9.6339
nc73665721,NC,MGPB,,EHZ,-1,111.0,,322.2,,10.0087
nc73665721,NC,MCS,,EHZ,-1,101.0,,330.1,,12.8097
nc73665721,NC,MLH,,EHZ,1,100.0,,6.7,,13.8104
nc73665721,NC,MQ1P,,EHZ,-1,97.0,,291.2,,17.8134
nc73665721,NC,MINS,,HHZ,-1,91.0,,298.8,,22.9062
nc73665721,NC,MDC,2.0,EHZ,1,93.0,,313.2,,25.1857
nc73665721,NC,MMT,,EHZ,-1,81.0,,237.0,,36.5275
nc73665731,NC,MFB,,EHZ,-1,109.0,,179.7,,18.3138
nc73665731,NC,MTU,2.0,EHZ,-1,98.0,,203.7,,29.2554
nc73665731,NC,MLC,,EHZ,-1,93.0,,272.8,,42.899
nc73665731,NC,MCV,,EHZ,1,95.0,,269.3,,35.2599
nc73665731,NC,MDR,2.0,EHZ,1,95.0,,277.9,,36.1606
nc73665731,NP,1679,10.0,HNZ,1,128.0,,143.2,,9.2114
nc73665731,NC,MRC,,EHZ,1,121.0,,322.5,,11.1306
nc73665731,NP,1587,10.0,HNZ,1,110.0,,94.0,,17.1018
nc73665731,NC,MLH,,EHZ,1,95.0,,285.6,,35.2488
nc73665731,NC,MDC,2.0,EHZ,1,91.0,,283.6,,55.4974
nc73665731,GS,MCA04,0.0,HHZ,1,88.0,,49.5,,83.0848
nc73665731,BK,TOLH,0.0,HHZ,-1,85.0,,231.6,,114.7532
nc73665741,NP,1679,10.0,HNZ,1,105.0,,72.1,,17.402
nc73665741,NC,MCV,,EHZ,1,95.0,,296.9,,27.1427
nc73665741,CI,MLAC,,HHZ,1,93.0,,304.0,,29.9114
nc73665741,NP,1587,10.0,HNZ,-1,93.0,,67.6,,30.3562
nc73665741,NC,MDR,2.0,EHZ,1,93.0,,305.4,,30.3896
nc73665741,NC,MCO,,EHZ,1,93.0,,299.7,,31.2903
nc73665741,NC,MLH,,EHZ,-1,93.0,,314.0,,31.824
nc73665741,NC,MGPB,,EHZ,-1,92.0,,298.0,,34.7595
nc73665741,NC,MLC,,EHZ,1,92.0,,294.9,,35.0598
nc73665741,NC,MCS,,EHZ,-1,92.0,,302.2,,36.572
nc73665741,BK,OVRO,0.0,BHZ,1,92.0,,139.0,,36.7054
nc73665741,NC,MEM,,EHZ,1,91.0,,301.5,,39.7744
nc73665741,NC,MMLB,,HHZ,-1,91.0,,298.1,,42.4209
nc73665741,NC,MQ1P,,EHZ,1,90.0,,289.9,,43.7774
nc73665741,NC,MMP,,EHZ,-1,90.0,,289.2,,44.2778
nc73665741,NC,MDC,2.0,EHZ,1,88.0,,300.9,,49.9932
nc73665741,NC,MMT,,EHZ,1,89.0,,258.3,,56.4981
nc73665741,BK,MMI,0.0,HHZ,1,85.0,,266.7,,105.4239
nc73665741,BK,HELL,0.0,HHZ,-1,86.0,,205.2,,98.0628
nc73665741,NC,MFB,,EHZ,1,109.0,,116.9,,12.4872
nc73665741,NC,MRC,,EHZ,-1,99.0,,11.0,,21.8943
nc73665741,NC,MTU,2.0,EHZ,-1,108.0,,183.0,,14.1218
nc73665891,NC,MFB,,EHZ,1,59.0,,119.2,,13.121
nc73665891,NC,MTU,2.0,EHZ,-1,59.0,,181.6,,14.8445
nc73665891,NC,MLH,,EHZ,1,56.0,,313.4,,31.079
nc73665891,NC,MRC,,EHZ,-1,58.0,,12.3,,21.2382
nc73665996,NC,MCV,,EHZ,1,39.0,,294.2,,25.8751
nc73665996,NC,MDR,2.0,EHZ,1,39.0,,303.4,,28.9552
nc73665996,NC,MCD,,EHZ,-1,40.0,,60.6,,11.9979
nc73665996,NC,MTU,2.0,EHZ,-1,40.0,,180.5,,15.7674
nc73665996,NC,MRC,,EHZ,-1,40.0,,13.6,,20.4043
nc73666031,NC,MCV,,EHZ,-1,146.0,,260.6,,3.963
nc73666031,NC,MDR,2.0,EHZ,1,131.0,,316.2,,6.4949
nc73666031,NC,MLH,,EHZ,-1,118.0,,343.9,,9.5594
nc73666031,NC,MGPB,,EHZ,-1,113.0,,288.0,,10.9516
nc73666031,NC,MLC,,EHZ,1,111.0,,279.0,,11.6643
nc73666031,NC,MCS,,EHZ,1,106.0,,301.7,,12.5317
nc73666031,NC,MDH1,,DP1,1,105.0,,310.6,,14.3775
nc73666636,NC,MCV,,EHZ,-1,147.0,,224.4,,2.7209
nc73666636,NC,MLH,,EHZ,1,112.0,,355.2,,7.9149
nc73666636,NC,MLC,,EHZ,1,106.0,,273.1,,9.5316
nc73666706,NC,MCV,,EHZ,1,153.0,,17.3,,2.2328
nc73666706,NC,MCO,,EHZ,-1,123.0,,336.6,,5.8277
nc73666706,NC,MDR,2.0,EHZ,-1,115.0,,0.5,,7.4512
nc73666706,NC,MLC,,EHZ,1,111.0,,303.6,,8.3196
nc73666706,NC,MLH,,EHZ,-1,96.0,,9.1,,12.1091
nc73666751,NC,MCV,,EHZ,-1,158.0,,295.8,,2.1839
nc73666751,NC,MCO,,EHZ,1,126.0,,310.2,,6.4715
nc73666751,NC,MLC,,EHZ,1,111.0,,289.6,,10.1632
nc73666856,NC,MCD,,EHZ,-1,146.0,,192.0,,5.0827
nc73666856,NC,MFB,,EHZ,-1,110.0,,179.3,,18.147
nc73666856,NC,MCV,,EHZ,1,96.0,,269.6,,35.1376
nc73666856,NC,MDR,2.0,EHZ,1,95.0,,278.1,,36.0716
nc73666856,NC,MCO,,EHZ,1,95.0,,274.5,,38.2288
nc73666856,NC,MLC,,EHZ,1,93.0,,273.0,,42.7989
nc73666856,NC,MMP,,EHZ,1,92.0,,272.2,,52.7954
nc73666856,NC,MMT,,EHZ,1,89.0,,250.2,,70.4309
nc73666856,NP,1679,10.0,HNZ,1,129.0,,142.0,,9.1502
nc73666856,NC,MRC,,EHZ,1,122.0,,323.5,,11.1973
nc73666856,NP,1587,10.0,HNZ,1,111.0,,93.4,,17.2019
nc73666856,NC,MLH,,EHZ,1,96.0,,285.9,,35.1821
nc73666856,NC,MDC,2.0,EHZ,1,91.0,,283.8,,55.4196
nc73666856,GS,MCA04,0.0,HHZ,1,88.0,,49.5,,83.2739
nc73667221,NC,MCV,,EHZ,1,116.0,,262.8,,10.3656
nc73667221,NC,MDR,2.0,EHZ,-1,112.0,,290.4,,11.5976
nc73667221,NC,MLC,,EHZ,-1,102.0,,273.8,,17.9357
nc73667221,NC,MLH,,EHZ,-1,107.0,,313.5,,12.4205
nc73667221,NC,MMI,,EHZ,1,85.0,,257.8,,93.3926
nc73667326,NC,MMT,,EHZ,1,89.0,,266.9,,58.8221
nc73667326,BK,HELL,0.0,HHZ,1,86.0,,209.3,,92.3029
nc73667326,BK,TOLH,0.0,HHZ,1,86.0,,238.5,,96.5172
nc73667326,BK,MMI,0.0,HHZ,1,85.0,,271.2,,108.6708
nc73667326,NC,MHD,,EHZ,1,84.0,,255.7,,126.4286
nc73667326,NC,MPR,,EHZ,1,83.0,,289.0,,139.4384
nc73667326,NC,MTU,2.0,EHZ,1,131.0,,215.1,,7.1799
nc73667326,NC,MFB,,EHZ,1,126.0,,71.4,,8.1739
nc73667326,NP,1589,10.0,HNZ,-1,105.0,,106.9,,17.3909
nc73667326,NC,MCD,,EHZ,-1,105.0,,22.2,,17.0462
nc73667326,NP,1679,10.0,HNZ,1,103.0,,44.1,,18.9031
nc73667326,NC,MRC,,EHZ,-1,94.0,,1.6,,29.7335
nc73667326,NC,MDR,2.0,EHZ,1,92.0,,312.6,,38.2177
nc73667326,NC,MCO,,EHZ,1,92.0,,307.9,,38.6958
nc73667326,NC,MLH,,EHZ,-1,91.0,,319.1,,40.1414
nc73667326,NC,MGPB,,EHZ,1,91.0,,305.8,,41.9983
nc73667326,NC,MLC,,EHZ,1,91.0,,303.2,,42.0317
nc73667326,NC,MMI,,EHZ,1,85.0,,271.2,,108.6708
nc73667326,BK,LEGD,0.0,HHZ,-1,83.0,,262.1,,146.3325
nc73667326,NP,1587,10.0,HNZ,-1,93.0,,51.2,,31.6238
nc73667326,NN,LHV,,HHZ,-1,86.0,,0.6,,93.8374
nc73667326,GS,MCA04,0.0,HHZ,1,85.0,,43.4,,103.0332
nc73667536,NC,MCV,,EHZ,-1,120.0,,350.8,,8.9256
nc73667536,NC,MCO,,EHZ,-1,105.0,,339.9,,12.8097
nc73667536,NC,MDR,2.0,EHZ,-1,104.0,,351.8,,14.2774
nc73667536,NC,MLC,,EHZ,-1,104.0,,321.4,,14.4442
nc73667536,NC,MGPB,,EHZ,-1,103.0,,328.3,,15.078
nc73667536,NC,MLH,,EHZ,-1,100.0,,359.4,,18.6363
nc73667536,NC,MMT,,EHZ,1,91.0,,245.3,,35.738
nc73667576,NC,MCV,,EHZ,-1,108.0,,5.7,,11.4976
nc73667576,NC,MCO,,EHZ,-1,101.0,,352.8,,14.7667
nc73667576,NC,MLC,,EHZ,-1,100.0,,335.1,,15.3227
nc73667576,NC,MGPB,,EHZ,-1,100.0,,340.9,,16.3457
nc73667576,NC,MDR,2.0,EHZ,-1,99.0,,1.8,,16.7682
nc73667576,NC,MMT,,EHZ,1,94.0,,247.6,,32.3244
nc73667901,NC,MCV,,EHZ,-1,156.0,,357.1,,2.8188
nc73667901,NC,MCO,,EHZ,1,130.0,,332.7,,6.7951
nc73667901,NC,MDR,2.0,EHZ,-1,123.0,,354.8,,8.1695
nc73667901,NC,MLC,,EHZ,-1,119.0,,304.3,,9.3737
nc73668376,NC,MCV,,EHZ,1,107.0,,8.8,,11.1751
nc73668376,NP,1576,10.0,HNZ,1,100.0,,43.8,,12.187
nc73668376,NC,MCO,,EHZ,-1,99.0,,354.9,,14.3219
nc73668376,CI,MLAC,,HHZ,1,98.0,,4.0,,15.5451
nc73668376,NC,MCS,,EHZ,-1,96.0,,344.6,,18.9365
nc73668376,NC,MMP,,EHZ,1,94.0,,309.9,,20.7045
nc73668376,NC,MEM,,EHZ,-1,94.0,,337.6,,21.0826
nc73668376,NC,MLH,,EHZ,-1,94.0,,8.0,,21.0826
nc73668376,NC,MDC,2.0,EHZ,-1,82.0,,325.1,,29.7224
nc73668376,NC,MDR,2.0,EHZ,-1,98.0,,3.9,,16.4013
nc73668376,NC,MGPB,,EHZ,-1,98.0,,342.4,,15.8008
nc73668376,NC,MLC,,EHZ,-1,99.0,,336.5,,14.7333
nc73668381,NC,MDR,2.0,EHZ,1,157.0,,60.0,,2.8132
nc73668381,NC,MGPB,,EHZ,-1,152.0,,271.4,,3.4782
nc73668381,NC,MLC,,EHZ,-1,144.0,,252.1,,4.8025
nc73668381,NC,MCV,,EHZ,-1,143.0,,142.3,,4.9582
nc73668386,NC,MCV,,EHZ,1,147.0,,281.5,,4.5912
nc73668386,CI,MLAC,,HHZ,-1,133.0,,316.5,,7.4123
nc73668386,NC,MDR,2.0,EHZ,-1,130.0,,320.9,,8.0494
nc73668386,NC,MLH,,EHZ,-1,119.0,,343.2,,11.2196
nc73668386,NC,MGPB,,EHZ,-1,113.0,,294.2,,12.0646
nc73668386,NC,MLC,,EHZ,1,113.0,,285.6,,12.565
nc73668386,NC,MCS,,EHZ,1,112.0,,305.9,,13.8771
nc73668406,NC,MGPB,,EHZ,1,170.0,,205.8,,0.7511
nc73668406,NC,MLC,,EHZ,-1,150.0,,212.5,,2.642
nc73668406,NC,MEM,,EHZ,-1,128.0,,316.5,,5.195
nc73668406,NC,MDH1,1.0,DP1,1,127.0,,350.9,,5.3507
nc73668406,CI,MLAC,,HHZ,1,126.0,,92.2,,5.5764
nc73668406,NC,MCV,,EHZ,-1,115.0,,127.2,,7.7558
nc73668406,NC,MLH,,EHZ,1,110.0,,55.1,,9.0401
nc73668406,NC,MMP,,EHZ,1,101.0,,257.7,,11.7088
nc73668406,NC,MDC,2.0,EHZ,-1,96.0,,304.5,,15.2559
nc73668406,NC,MDR,2.0,EHZ,1,126.0,,83.4,,5.6242
nc73668411,NC,MGPB,,EHZ,-1,175.0,,274.2,,0.3734
nc73668411,NC,MLC,,EHZ,-1,157.0,,223.8,,2.1149
nc73668411,NC,MCS,,EHZ,-1,146.0,,349.1,,3.2836
nc73668411,NC,MEM,,EHZ,-1,128.0,,321.0,,5.7521
nc73668411,NC,MDH,,HNZ,-1,126.0,,351.5,,6.0523
nc73668411,NC,MDH1,1.0,DP1,1,126.0,,351.5,,6.0523
nc73668411,NC,MCV,,EHZ,-1,120.0,,123.0,,7.3166
nc73668411,NC,MLH,,EHZ,1,111.0,,51.5,,9.4238
nc73668411,NC,MMP,,EHZ,1,105.0,,261.1,,11.6199
nc73668411,NC,MLM,,EHZ,-1,99.0,,339.5,,12.1202
nc73668411,NC,MDC,2.0,EHZ,1,98.0,,306.5,,15.6896
nc73668411,CI,MLAC,,HHZ,1,129.0,,85.0,,5.5497
nc73668411,NC,MCO,,EHZ,1,147.0,,103.6,,3.2436
nc73668411,NC,MDR,2.0,EHZ,1,128.0,,76.3,,5.7043
nc73668416,NC,MLC,,EHZ,-1,155.0,,216.2,,2.304
nc73668416,NC,MCS,,EHZ,-1,150.0,,349.8,,2.9378
nc73668416,CI,MLAC,,HHZ,1,129.0,,88.4,,5.6331
nc73668416,NC,MDH,,HNZ,-1,128.0,,352.0,,5.7076
nc73668416,NC,MDH1,1.0,DP1,1,128.0,,352.0,,5.7076
nc73668416,NC,MCV,,EHZ,-1,119.0,,124.7,,7.5868
nc73668416,NC,MLH,,EHZ,1,112.0,,53.5,,9.3037
nc73668416,NC,MMP,,EHZ,1,105.0,,259.4,,11.5754
nc73668416,NC,MLM,,EHZ,-1,104.0,,339.4,,11.7644
nc73668416,NC,MCO,,EHZ,1,145.0,,108.6,,3.4348
nc73668416,NC,MDR,2.0,EHZ,1,128.0,,79.8,,5.7365
nc73668416,NC,MEM,,EHZ,-1,130.0,,319.7,,5.4296
nc73668416,NC,MGPB,,EHZ,1,175.0,,221.3,,0.4074
nc73668501,NC,MCO,,EHZ,-1,131.0,,8.0,,8.9312
nc73668501,NC,MDR,2.0,EHZ,-1,122.0,,18.3,,11.542
nc73668501,NC,MEM,,EHZ,-1,114.0,,338.6,,15.1114
nc73668501,NC,MCV,,EHZ,1,138.0,,36.9,,7.0498
nc73668501,NC,MGPB,,EHZ,-1,127.0,,346.8,,9.893
nc73668501,NC,MLC,,EHZ,-1,131.0,,337.5,,8.7522
nc73668506,NC,MCV,,EHZ,1,149.0,,66.8,,3.9741
nc73668506,NC,MCO,,EHZ,1,144.0,,7.9,,4.8181
nc73668506,NC,MLC,,EHZ,-1,139.0,,315.5,,5.6309
nc73668506,NC,MGPB,,EHZ,-1,136.0,,332.9,,6.2514
nc73668506,NC,MCS,,EHZ,-1,122.0,,340.5,,9.2926
nc73668611,NC,MLI,,HHZ,-1,102.0,,54.6,,13.7437
nc73668611,NC,MEM,,EHZ,1,93.0,,58.2,,21.2938
nc73668611,NC,MLH,,EHZ,1,93.0,,66.5,,31.735
nc73668611,BK,MMI,0.0,HHZ,1,84.0,,253.1,,55.3751
nc73668611,NC,MRC,,EHZ,1,84.0,,77.7,,57.599
nc73668611,NC,MFB,,EHZ,1,83.0,,103.2,,65.1046
nc73668611,BK,BUCR,0.0,HHZ,1,82.0,,278.0,,89.5119
nc73668611,NN,SJC,,EHZ,1,82.0,,343.6,,90.7907
nc73668611,BK,LEGD,0.0,HHZ,1,82.0,,246.6,,97.0954
nc73668611,GM,AE01,1.0,HHZ,-1,82.0,,344.0,,117.9778
nc73668611,BK,CMB,0.0,HHZ,1,82.0,,295.9,,121.0913
nc73668611,CI,SPG2,,HHZ,1,80.0,,167.4,,155.2281
nc73668611,CI,CWC,,HHZ,1,80.0,,142.6,,156.7848
nc73668611,BK,DRDG,0.0,HHZ,1,82.0,,313.1,,98.6744
nc73668611,BK,HELL,0.0,HHZ,1,82.0,,173.7,,98.8523
nc73668611,BK,OVRO,0.0,HHZ,1,83.0,,115.8,,84.8973
nc73668611,BK,TOLH,0.0,HHZ,1,83.0,,201.1,,73.233
nc73668611,CI,TIN,,HHZ,1,82.0,,124.8,,98.9857
nc73668611,NC,MCO,,EHZ,1,90.0,,76.4,,25.6193
nc73668611,NC,MCV,,EHZ,1,92.0,,84.3,,28.0434
nc73668611,NC,MCY,,EHZ,-1,102.0,,49.8,,13.3767
nc73668611,NC,MDC,2.0,EHZ,-1,98.0,,29.5,,18.425
nc73668611,NC,MDR,2.0,EHZ,1,92.0,,73.4,,28.4659
nc73668611,NC,MDY,,HHZ,-1,100.0,,48.6,,15.6006
nc73668611,NC,MINS,,HHZ,-1,103.0,,37.0,,12.3093
nc73668611,NC,MLC,,EHZ,1,94.0,,75.5,,20.9491
nc73668611,NC,MMP,,EHZ,-1,109.0,,64.3,,11.3975
nc73668611,NC,MTU,2.0,EHZ,1,84.0,,114.5,,56.6093
nc73668611,NN,WAK,,HHZ,1,82.0,,346.3,,107.3698
nc73668621,NC,MLI,,HHZ,-1,99.0,,54.6,,13.9105
nc73668621,NC,MLC,,EHZ,-1,94.0,,75.3,,21.1048
nc73668621,NC,MEM,,EHZ,1,93.0,,58.1,,21.4606
nc73668621,BK,MMI,0.0,HHZ,1,80.0,,253.2,,55.2194
nc73668621,NC,MTU,2.0,EHZ,1,80.0,,114.3,,56.6761
nc73668621,NC,MFB,,EHZ,-1,79.0,,103.1,,65.2047
nc73668621,BK,TOLH,0.0,HHZ,1,79.0,,201.0,,73.0773
nc73668621,NC,MCO,,EHZ,1,84.0,,76.2,,25.775
nc73668621,NC,MCY,,EHZ,-1,100.0,,49.8,,13.5435
nc73668621,NC,MDC,2.0,EHZ,-1,96.0,,29.7,,18.5918
nc73668621,NC,MDR,2.0,EHZ,-1,83.0,,73.2,,28.6216
nc73668621,NC,MINS,,HHZ,-1,100.0,,37.1,,12.4761
nc73668621,NC,MMP,,EHZ,-1,106.0,,64.0,,11.5643
nc73668626,NC,MMP,,EHZ,1,133.0,,71.4,,7.6636
nc73668626,NC,MINS,,HHZ,-1,130.0,,31.0,,8.5509
nc73668626,NC,MCY,,EHZ,-1,126.0,,49.6,,9.4682
nc73668626,NC,MDC,2.0,EHZ,-1,112.0,,24.2,,14.8445
nc73668626,NC,MCO,,EHZ,1,103.0,,80.9,,22.1723
nc73668631,NC,MMP,,EHZ,-1,131.0,,70.6,,8.0616
nc73668631,NC,MINS,,HHZ,-1,128.0,,32.1,,8.9334
nc73668631,NC,MCY,,EHZ,-1,124.0,,49.8,,9.883
nc73668631,NC,MLI,,HHZ,-1,123.0,,56.3,,10.2677
nc73668631,NC,MDC,2.0,EHZ,1,112.0,,25.0,,15.2003
nc73668726,NC,MFB,,EHZ,1,153.0,,83.5,,5.8722
nc73668726,NC,MTU,2.0,EHZ,-1,139.0,,217.8,,9.8685
nc73668726,NP,1589,10.0,HNZ,1,124.0,,115.4,,16.2901
nc73668726,NC,MRC,,EHZ,-1,109.0,,357.8,,27.821
nc73668726,NC,MCV,,EHZ,1,104.0,,302.3,,34.8707
nc73668726,NC,MDC,2.0,EHZ,1,95.0,,303.6,,57.8436
nc73668726,BK,HELL,0.0,HHZ,-1,90.0,,209.7,,94.9271
nc73668726,BK,TOLH,0.0,HHZ,1,88.0,,238.2,,99.1636
nc73668726,BK,MMI,0.0,HHZ,1,88.0,,270.2,,110.5611
nc73668726,NP,1679,10.0,HNZ,1,124.0,,44.0,,16.1789
nc73668726,BK,OVRO,0.0,HHZ,-1,108.0,,138.8,,28.4548
nc73668726,NP,1587,10.0,HNZ,-1,108.0,,51.9,,28.9218
nc73668726,CI,MLAC,,HHZ,-1,102.0,,307.5,,37.9064
nc73668726,NC,MCO,,EHZ,1,102.0,,303.9,,39.1295
nc73668726,NC,MLH,,EHZ,-1,101.0,,315.3,,40.0413
nc73668726,NC,MCS,,EHZ,-1,99.0,,305.5,,44.5002
nc73668726,NC,MEM,,EHZ,1,98.0,,304.7,,47.6693
nc73668726,NC,MMP,,EHZ,1,97.0,,293.9,,51.5388
nc73668726,GS,MCA04,0.0,HHZ,-1,88.0,,43.3,,100.3201
nc73668726,CI,NCH,,HHZ,-1,49.0,,201.3,,295.0001
nc73668741,NC,MMP,,EHZ,1,154.0,,327.1,,1.9248
nc73668741,NC,MLI,,HHZ,1,127.0,,358.8,,4.6179
nc73668741,NC,MCY,,EHZ,1,121.0,,348.5,,5.4119
nc73668741,NC,MINS,,HHZ,1,110.0,,329.2,,7.5813
nc73668741,NC,MDC,2.0,EHZ,1,91.0,,350.2,,12.8986
nc73669071,NC,MDR,2.0,EHZ,1,149.0,,79.6,,3.3759
nc73669071,NC,MLC,,EHZ,-1,142.0,,238.4,,4.3277
nc73669071,NC,MCV,,EHZ,-1,130.0,,140.4,,6.1313
nc73669071,NC,MLH,,EHZ,1,124.0,,45.2,,7.2677
nc73669151,NC,MCV,,EHZ,-1,155.0,,254.4,,2.3329
nc73669151,NC,MLC,,EHZ,1,110.0,,280.6,,10.0253
nc73669186,NP,1576,10.0,HNZ,1,128.0,,89.0,,6.0279
nc73669186,NC,MLC,,EHZ,1,112.0,,300.2,,9.6239
nc73669186,NC,MCS,,EHZ,-1,101.0,,322.1,,12.1536
nc73669186,NC,MDH,,HNZ,1,99.0,,328.0,,14.5665
nc73669186,NC,MDH1,1.0,DP1,1,99.0,,328.0,,14.5665
nc73669186,NC,MEM,,EHZ,1,99.0,,316.0,,15.0558
nc73669186,NC,MDC,2.0,EHZ,1,94.0,,308.9,,25.0077
nc73669186,CI,MLAC,,HHZ,-1,123.0,,349.0,,6.9575
nc73669186,NC,MCO,,EHZ,-1,124.0,,326.6,,6.7039
nc73669186,NC,MCV,,EHZ,-1,154.0,,343.3,,2.4774
nc73669186,NC,MDR,2.0,EHZ,-1,119.0,,350.4,,7.8025
nc73669186,NC,MLH,,EHZ,-1,101.0,,2.5,,12.2092
nc73669186,NC,MMP,,EHZ,1,96.0,,284.1,,18.9031
nc73669311,NC,MCS,,EHZ,-1,129.0,,276.0,,4.8303
nc73669311,NC,MDH1,1.0,DP1,1,122.0,,302.9,,6.0334
nc73669311,NC,MCV,,EHZ,-1,116.0,,163.7,,6.9764
nc73669311,NC,MLC,,EHZ,1,116.0,,233.0,,7.062
nc73669311,NC,MLH,,EHZ,1,132.0,,45.6,,4.4845
nc73669311,NC,MCO,,EHZ,1,139.0,,196.4,,3.6272
nc73669311,NC,MDR,2.0,EHZ,1,156.0,,135.3,,1.9359
nc73669316,NC,MDR,2.0,EHZ,1,152.0,,132.0,,1.9726
nc73669316,NC,MCO,,EHZ,-1,133.0,,195.0,,3.546
nc73669316,NC,MLH,,EHZ,1,125.0,,46.0,,4.5968
nc73669316,NC,MDH1,,DP1,1,115.0,,303.9,,5.9778
nc73669316,NC,MLC,,EHZ,1,110.0,,232.8,,6.9463
nc73669331,NC,MDR,2.0,EHZ,1,151.0,,130.8,,1.9937
nc73669331,NC,MLH,,EHZ,1,124.0,,46.2,,4.6413
nc73669331,NC,MDH1,1.0,DP1,-1,115.0,,304.3,,5.9512
nc73669331,NC,MLC,,EHZ,1,110.0,,232.7,,6.8996
nc73669331,NC,MCV,,EHZ,-1,110.0,,162.4,,6.9486
nc73670076,CI,MLAC,,HHZ,-1,150.0,,146.9,,2.384
nc73670076,NC,MCO,,EHZ,1,139.0,,198.2,,3.4103
nc73670076,NC,MCS,,EHZ,-1,127.0,,278.8,,4.9048
nc73670076,NC,MDH,,HNZ,-1,119.0,,304.5,,6.2025
nc73670076,NC,MDH1,1.0,DP1,1,119.0,,304.5,,6.2025
nc73670076,NC,MMP,,EHZ,1,94.0,,254.8,,16.2678
nc73670076,NC,MDC,2.0,EHZ,-1,85.0,,292.2,,18.1804
nc73670076,NC,MMT,,EHZ,1,74.0,,223.9,,41.9205
nc73670076,NC,MCV,,EHZ,-1,115.0,,163.5,,6.7329
nc73670076,NC,MDR,2.0,EHZ,-1,157.0,,130.8,,1.7402
nc73670076,NC,MLC,,EHZ,1,114.0,,234.8,,6.9564
nc73670076,NC,MLH,,EHZ,1,129.0,,43.1,,4.6257
nc73670076,NC,MLM,,EHZ,1,93.0,,316.4,,12.2648
nc73670086,NC,MDR,2.0,EHZ,1,155.0,,134.0,,1.8736
nc73670086,CI,MLAC,,HHZ,1,147.0,,148.4,,2.5408
nc73670086,NC,MCO,,EHZ,-1,137.0,,196.9,,3.5605
nc73670086,NC,MLH,,EHZ,1,129.0,,44.8,,4.5256
nc73670086,NC,MCS,,EHZ,1,126.0,,276.9,,4.8525
nc73670086,NC,MDH1,1.0,DP1,1,119.0,,303.4,,6.0857
nc73670086,NC,MCV,,EHZ,-1,114.0,,163.7,,6.9008
nc73670086,NC,MLC,,EHZ,1,113.0,,233.5,,7.0297
nc73670191,NC,MDR,2.0,EHZ,-1,156.0,,134.7,,1.7713
nc73670191,CI,MLAC,,HHZ,-1,148.0,,149.5,,2.4474
nc73670191,NC,MCO,,EHZ,1,136.0,,198.6,,3.5349
nc73670191,NC,MLH,,EHZ,1,129.0,,43.5,,4.5045
nc73670191,NC,MCS,,EHZ,1,125.0,,277.4,,4.9471
nc73670191,NC,MDH1,1.0,DP1,1,117.0,,303.4,,6.1902
nc73670191,NC,MCV,,EHZ,-1,113.0,,164.2,,6.8229
nc73670191,NC,MLC,,EHZ,1,112.0,,234.3,,7.0687
nc73671181,NC,MCV,,EHZ,1,144.0,,131.9,,3.3247
nc73671181,NC,MDR,2.0,EHZ,-1,141.0,,31.1,,3.6283
nc73671181,NC,MLC,,EHZ,1,129.0,,272.6,,5.1372
nc73671181,NC,MLH,,EHZ,-1,112.0,,26.0,,8.4719
nc73671181,NC,MDH1,1.0,DP1,1,110.0,,329.6,,8.9857
nc73671181,NC,MMP,,EHZ,1,96.0,,269.9,,15.1447
nc73671986,NC,MCV,,EHZ,-1,137.0,,7.8,,8.294
nc73671986,NC,MLC,,EHZ,1,121.0,,328.8,,12.4872
nc73671986,NC,MDR,2.0,EHZ,-1,120.0,,2.2,,13.5435
nc73671986,NC,MMP,,EHZ,1,112.0,,302.4,,19.5147
nc73671986,NC,MDC,2.0,EHZ,-1,103.0,,320.8,,27.821
nc73671986,NC,MMT,,EHZ,1,100.0,,242.5,,33.6921
nc73672186,NC,MCV,,EHZ,-1,50.0,,5.9,,12.5761
nc73672186,NC,MCO,,EHZ,-1,50.0,,353.9,,15.8119
nc73672186,NC,MLC,,EHZ,-1,50.0,,337.2,,16.2345
nc73672186,CI,MLAC,,HHZ,-1,50.0,,2.3,,16.9795
nc73672186,NC,MDR,2.0,EHZ,-1,50.0,,2.2,,17.8468
nc73672186,NC,MCS,,EHZ,-1,49.0,,344.6,,20.4487
nc73672186,NC,MMP,,EHZ,1,49.0,,312.1,,21.9721
nc73672186,NC,MLH,,EHZ,-1,49.0,,6.5,,22.4836
nc73672201,NC,MCV,,EHZ,1,103.0,,12.2,,11.0016
nc73672201,NC,MCO,,EHZ,-1,96.0,,357.3,,13.9772
nc73672201,NC,MLC,,EHZ,-1,96.0,,338.3,,14.2218
nc73672201,CI,MLAC,,HHZ,-1,96.0,,6.4,,15.3115
nc73672201,NC,MDR,2.0,EHZ,-1,95.0,,6.1,,16.1677
nc73672201,NC,MMP,,EHZ,-1,85.0,,310.4,,20.0373
nc73672201,NC,MLH,,EHZ,1,85.0,,9.8,,20.8824
nc73672201,NC,MTU,2.0,EHZ,1,79.0,,121.0,,30.1783
nc73672201,NC,MMT,,EHZ,1,79.0,,245.6,,31.5015
nc73672216,NP,1679,10.0,HNZ,1,150.0,,72.0,,5.1472
nc73672216,NC,MFB,,EHZ,-1,132.0,,183.3,,9.3782
nc73672216,NC,MRC,,EHZ,-1,112.0,,337.4,,19.259
nc73672216,NP,1589,10.0,HNZ,1,112.0,,153.9,,18.9254
nc73672216,NC,MTU,2.0,EHZ,-1,108.0,,214.8,,21.7275
nc73672216,NC,MCV,,EHZ,1,97.0,,283.5,,36.8945
nc73672216,CI,MLAC,,HHZ,1,97.0,,289.7,,38.7292
nc73672216,NC,MDR,2.0,EHZ,1,97.0,,290.9,,39.0072
nc73672216,NC,MLH,,EHZ,1,97.0,,298.1,,39.174
nc73672216,NC,MCO,,EHZ,1,96.0,,286.9,,40.6084
nc73672216,NC,MLC,,EHZ,1,95.0,,284.3,,44.8672
nc73672216,NC,MCS,,EHZ,1,95.0,,290.4,,45.4454
nc73672216,NC,MEM,,EHZ,1,94.0,,290.6,,48.6923
nc73672216,NC,MMP,,EHZ,1,93.0,,281.5,,54.5856
nc73672216,NC,MINS,,HHZ,1,92.0,,285.7,,58.4774
nc73672216,NC,MDC,2.0,EHZ,1,92.0,,292.0,,58.8332
nc73672216,NN,LHV,,HHZ,1,89.0,,355.0,,82.2064
nc73672216,GS,MCA04,0.0,HHZ,1,88.0,,44.9,,88.6891
nc73672216,BK,HELL,0.0,HHZ,-1,87.0,,210.0,,106.7916
nc73672216,BK,MMI,0.0,HHZ,1,86.0,,265.3,,117.3106
nc73672236,NC,MFB,,EHZ,-1,127.0,,182.4,,9.4638
nc73672236,NC,MCV,,EHZ,1,95.0,,283.4,,36.7277
nc73672236,CI,MLAC,,HHZ,1,94.0,,289.7,,38.5624
nc73672236,NP,1589,10.0,HNZ,1,108.0,,153.6,,19.0699
nc73672236,NC,MRC,,EHZ,-1,108.0,,337.7,,19.1255
nc73672236,NC,MTU,2.0,EHZ,1,104.0,,214.4,,21.7164
nc73672236,NC,MDR,2.0,EHZ,1,94.0,,290.9,,38.8404
nc73672236,NC,MLH,,EHZ,1,94.0,,298.1,,38.9961
nc73672236,NC,MCO,,EHZ,1,94.0,,286.9,,40.4416
nc73672236,NC,MLC,,EHZ,-1,93.0,,284.2,,44.7004
nc73672236,NC,MCS,,EHZ,1,93.0,,290.4,,45.2786
nc73672236,NC,MLM,,EHZ,-1,92.0,,297.5,,51.8613
nc73672236,NC,MDC,2.0,EHZ,-1,90.0,,291.9,,58.6664
nc73672236,BK,HELL,0.0,HHZ,-1,86.0,,209.9,,106.8027
nc73672236,BK,MMI,0.0,HHZ,1,85.0,,265.2,,117.1995
nc73672321,NC,MLC,,EHZ,-1,138.0,,351.7,,7.9026
nc73672321,NC,MCV,,EHZ,-1,136.0,,50.2,,8.4074
nc73672321,NC,MCO,,EHZ,-1,133.0,,22.0,,9.2614
nc73672321,CI,MLAC,,HHZ,-1,126.0,,30.7,,11.442
nc73672321,NC,MCS,,EHZ,-1,120.0,,358.6,,12.565
nc73672321,NC,MMP,,EHZ,-1,119.0,,304.2,,13.4768
nc73672321,NC,MLH,,EHZ,-1,115.0,,26.8,,17.0462
nc73672321,NC,MINS,,HHZ,-1,113.0,,311.8,,18.7363
nc73672321,NC,MDC,2.0,EHZ,-1,107.0,,326.7,,22.3502
nc73672321,NC,MMT,,EHZ,1,101.0,,233.1,,30.6564
nc73672326,NC,MLC,,EHZ,-1,125.0,,353.8,,8.9812
nc73672326,NC,MCV,,EHZ,1,124.0,,45.6,,9.2814
nc73672326,NC,MCO,,EHZ,-1,120.0,,20.6,,10.36
nc73672326,NC,MMP,,EHZ,1,110.0,,308.4,,13.9883
nc73672326,NC,MMT,,EHZ,1,95.0,,234.6,,29.867
nc73672341,NC,MLC,,EHZ,-1,140.0,,350.1,,7.3189
nc73672341,NC,MCV,,EHZ,1,137.0,,53.0,,7.936
nc73672341,NC,MDR,2.0,EHZ,-1,125.0,,29.6,,11.6088
nc73672341,NC,MMP,,EHZ,-1,119.0,,301.8,,13.2433
nc73672346,NC,MLC,,EHZ,-1,141.0,,351.1,,7.2599
nc73672346,NC,MCV,,EHZ,1,138.0,,53.8,,8.0205
nc73672346,NC,MDR,2.0,EHZ,1,126.0,,30.2,,11.6421
nc73672346,NC,MMP,,EHZ,-1,121.0,,301.9,,13.1099
nc73672346,NC,MINS,,HHZ,-1,115.0,,310.3,,18.3027
nc73672346,NC,MDC,2.0,EHZ,-1,109.0,,325.8,,21.8053
nc73672346,NC,MMT,,EHZ,1,101.0,,232.1,,31.0345
nc73672466,NC,MCV,,EHZ,-1,115.0,,331.5,,8.9623
nc73672466,NC,MCO,,EHZ,-1,101.0,,326.8,,13.2656
nc73672466,CI,MLAC,,HHZ,1,101.0,,338.4,,13.2656
nc73672466,NC,MDR,2.0,EHZ,-1,100.0,,339.7,,14.0662
nc73672466,NC,MLC,,EHZ,-1,99.0,,311.1,,15.7563
nc73672466,NC,MEM,,EHZ,-1,93.0,,319.4,,21.5385
nc73672466,NC,MTU,2.0,EHZ,1,94.0,,133.8,,26.6312
nc73672466,NC,MINS,,HHZ,1,84.0,,301.3,,28.9329
nc73672466,NC,MRC,,EHZ,1,84.0,,54.4,,29.6223
nc73672466,NC,MMT,,EHZ,1,81.0,,245.8,,38.7292
nc73672466,NC,MMLB,,HHZ,-1,91.0,,311.7,,23.4288
nc73672466,NC,MCS,,EHZ,-1,97.0,,323.9,,18.6919
nc73672466,NC,MLH,,EHZ,-1,97.0,,350.3,,17.9469
nc73672466,NC,MLM,,EHZ,1,94.0,,327.8,,27.454
nc73672511,NC,MLC,,EHZ,1,98.0,,337.8,,16.6459
nc73672511,CI,MLAC,,HHZ,-1,97.0,,2.3,,17.4242
nc73672511,NC,MCS,,EHZ,-1,94.0,,344.9,,20.8824
nc73672511,NC,MMP,,EHZ,-1,92.0,,313.0,,22.2723
nc73672511,NC,MLH,,EHZ,-1,92.0,,6.4,,22.9173
nc73672511,NC,MDH,,HNZ,1,92.0,,346.0,,23.6178
nc73672511,NC,MDH1,1.0,DP1,1,92.0,,346.0,,23.6178
nc73672511,NC,MDY,,HHZ,-1,94.0,,324.2,,25.3302
nc73672511,NC,MINS,,HHZ,-1,84.0,,316.4,,27.732
nc73672511,NC,MDC,2.0,EHZ,-1,82.0,,326.5,,31.5349
nc73672511,NC,MCD,,EHZ,1,80.0,,76.6,,36.3719
nc73672511,NC,MRC,,EHZ,1,80.0,,53.0,,37.1502
nc73672511,BK,TOLH,0.0,HHZ,1,80.0,,222.5,,78.7038
nc73672511,NC,MMI,,EHZ,1,80.0,,266.0,,79.8713
nc73672511,NC,MHD,,EHZ,-1,79.0,,247.2,,101.2541
nc73672511,CI,CWC,,HHZ,1,79.0,,149.2,,133.3227
nc73672511,NC,MCO,,EHZ,-1,98.0,,354.1,,16.2567
nc73672511,NC,MCV,,EHZ,-1,100.0,,5.7,,13.0209
nc73672511,NC,MDR,2.0,EHZ,-1,97.0,,2.2,,18.2916
nc73672511,NC,MEM,,EHZ,-1,92.0,,338.5,,23.0062
nc73672511,NC,MLM,,EHZ,-1,83.0,,342.3,,29.7002
nc73672511,NC,MMLB,,HHZ,-1,93.0,,330.1,,23.8291
nc73672511,NC,MMT,,EHZ,1,82.0,,250.1,,31.6238
nc73672641,NC,MCV,,EHZ,-1,98.0,,333.6,,17.2019
nc73672641,NC,MTU,2.0,EHZ,-1,96.0,,124.6,,19.2367
nc73672641,NC,MCO,,EHZ,-1,93.0,,330.3,,21.4495
nc73672641,CI,MLAC,,HHZ,1,93.0,,337.5,,21.5162
nc73672641,NC,MDR,2.0,EHZ,-1,92.0,,338.4,,22.3057
nc73672641,NC,MLC,,EHZ,1,92.0,,319.6,,23.4955
nc73672711,NC,MLC,,EHZ,-1,139.0,,350.1,,7.2999
nc73672711,NC,MCV,,EHZ,1,136.0,,53.1,,7.9249
nc73672711,NC,MCO,,EHZ,-1,133.0,,22.8,,8.6354
nc73672711,NC,MDR,2.0,EHZ,-1,124.0,,29.6,,11.5865
nc73672711,NC,MMP,,EHZ,1,118.0,,301.7,,13.2322
nc73672901,NP,1576,10.0,HNZ,1,108.0,,51.5,,12.0535
nc73672901,NC,MDH,,HNZ,-1,100.0,,347.6,,20.1819
nc73672901,NC,MDH1,1.0,DP1,1,100.0,,347.6,,20.1819
nc73672901,NC,MCY,,EHZ,-1,97.0,,316.4,,21.6385
nc73672901,NC,MLM,,EHZ,-1,94.0,,343.0,,26.2309
nc73672901,NC,MDC,2.0,EHZ,-1,93.0,,325.2,,28.099
nc73672901,NC,MTU,2.0,EHZ,-1,92.0,,122.2,,31.0123
nc73672901,NC,MRC,,EHZ,1,91.0,,58.3,,36.5053
nc73672901,NC,MCD,,EHZ,1,91.0,,82.0,,37.1502
nc73672901,NC,MFB,,EHZ,-1,91.0,,101.9,,38.9627
nc73672901,BK,MMI,0.0,HHZ,1,86.0,,263.6,,78.7594
nc73672901,NC,MMI,,EHZ,1,86.0,,263.6,,78.7705
nc73672901,BK,TOLH,0.0,HHZ,-1,86.0,,220.2,,80.1827
nc73672901,BK,HELL,0.0,HHZ,-1,86.0,,189.0,,92.3807
nc73672901,NC,MHD,,EHZ,1,85.0,,245.3,,101.2541
nc73672901,NC,MPR,,EHZ,1,85.0,,288.6,,107.2586
nc73672901,BK,BUCR,0.0,HHZ,-1,84.0,,279.9,,115.5315
nc73672901,CI,CWC,,HHZ,-1,83.0,,149.4,,136.7698
nc73672901,CI,MLAC,,HHZ,-1,106.0,,8.3,,14.3664
nc73672901,NC,MCO,,EHZ,-1,107.0,,358.7,,12.9764
nc73672901,NC,MCS,,EHZ,-1,103.0,,346.6,,17.4354
nc73672901,NC,MCV,,EHZ,-1,117.0,,15.4,,10.1199
nc73672901,NC,MDR,2.0,EHZ,-1,105.0,,7.9,,15.2226
nc73672901,NC,MEM,,EHZ,-1,101.0,,338.8,,19.5147
nc73672901,NC,MLC,,EHZ,-1,107.0,,338.2,,13.1544
nc73672901,NC,MLH,,EHZ,-1,100.0,,11.3,,19.9706
nc73672901,NC,MMLB,,HHZ,-1,99.0,,328.9,,20.3598
nc73672901,NC,MMP,,EHZ,-1,101.0,,308.8,,19.1255
nc73672901,NC,MMT,,EHZ,1,92.0,,243.7,,31.5905
nc73672971,NC,MCV,,EHZ,-1,165.0,,262.8,,2.0427
nc73672971,NP,1576,10.0,HNZ,-1,145.0,,118.3,,5.3507
nc73672971,NC,MLH,,EHZ,1,127.0,,355.4,,9.6017
nc73672971,NC,MLC,,EHZ,-1,126.0,,282.9,,9.883
nc73672971,NC,MCS,,EHZ,-1,122.0,,308.4,,11.2084
nc73672971,NC,MEM,,EHZ,-1,114.0,,304.9,,14.3553
nc73672971,NC,MMP,,EHZ,-1,108.0,,275.7,,19.7482
nc73672971,NC,MDC,2.0,EHZ,1,102.0,,302.2,,24.5407
nc73672971,NC,MRC,,EHZ,1,100.0,,70.9,,27.9099
nc73672971,NC,MTU,2.0,EHZ,-1,96.0,,141.1,,34.1591
nc73672971,NC,MMT,,EHZ,1,94.0,,234.0,,40.8419
nc73672971,CI,MLAC,,HHZ,-1,147.0,,328.0,,4.9615
nc73672971,NC,MCO,,EHZ,-1,143.0,,300.7,,5.8233
nc73672971,NC,MDR,2.0,EHZ,-1,143.0,,332.7,,5.7032
nc73673051,NC,MCV,,EHZ,-1,140.0,,29.2,,8.6009
nc73673051,NC,MLC,,EHZ,-1,134.0,,341.2,,10.5113
nc73673051,NC,MCO,,EHZ,-1,133.0,,6.5,,10.7803
nc73673051,CI,MLAC,,HHZ,-1,126.0,,16.7,,12.4872
nc73673051,NC,MDR,2.0,EHZ,-1,125.0,,15.7,,13.3212
nc73673051,NC,MMP,,EHZ,1,121.0,,306.0,,16.5458
nc73673051,NC,MINS,,HHZ,-1,113.0,,312.0,,21.8387
nc73673051,NC,MMT,,EHZ,1,104.0,,238.7,,31.3458
nc73673096,NC,MLC,,EHZ,-1,102.0,,343.6,,11.7644
nc73673096,CI,MLAC,,HHZ,1,97.0,,15.3,,13.7771
nc73673096,NC,MDR,2.0,EHZ,1,97.0,,14.5,,14.6221
nc73673096,NC,MCS,,EHZ,-1,96.0,,351.2,,16.2233
nc73673096,NC,MEM,,EHZ,-1,95.0,,342.4,,18.1248
nc73673096,NC,MDH,,HNZ,-1,95.0,,351.7,,18.9921
nc73673096,NC,MLH,,EHZ,1,95.0,,16.4,,19.4591
nc73673096,NC,MDC,2.0,EHZ,-1,82.0,,326.9,,26.4533
nc73673096,NC,MMT,,EHZ,1,80.0,,240.8,,30.6231
nc73673096,NC,MRC,,EHZ,1,77.0,,60.8,,37.406
nc73673096,NC,MCO,,EHZ,1,98.0,,6.1,,12.1091
nc73673096,NC,MCV,,EHZ,1,108.0,,25.7,,9.8085
nc73673171,NC,MMP,,EHZ,1,143.0,,292.3,,2.5619
nc73673171,NC,MLC,,EHZ,-1,105.0,,80.8,,7.7425
nc73673171,NC,MINS,,HHZ,1,105.0,,318.4,,7.8437
nc73673171,NC,MGPB,,EHZ,-1,101.0,,72.2,,9.1702
nc73673171,NC,MCO,,EHZ,1,90.0,,80.7,,12.4205
nc73673171,NC,MDC,2.0,EHZ,-1,90.0,,343.8,,12.5761
nc73673706,NC,MFB,,EHZ,1,125.0,,97.5,,6.3003
nc73673706,NC,MTU,2.0,EHZ,-1,107.0,,211.3,,10.8537
nc73673706,NC,MCD,,EHZ,-1,99.0,,21.8,,13.3212
nc73673706,NP,1679,10.0,HNZ,-1,98.0,,48.9,,15.4672
nc73673706,NC,MRC,,EHZ,-1,83.0,,358.6,,26.3198
nc73673706,NP,1576,10.0,HNZ,-1,83.0,,303.6,,26.8202
nc73673706,NP,1587,10.0,HNZ,1,82.0,,54.7,,28.3769
nc73673706,BK,OVRO,0.0,HHZ,-1,81.0,,140.1,,29.8558
nc73673706,NC,MCV,,EHZ,1,79.0,,300.5,,33.7477
nc73673706,NC,MDR,2.0,EHZ,1,78.0,,307.1,,37.1947
nc73673706,NC,MCO,,EHZ,1,78.0,,302.4,,37.9731
nc73673706,NC,MLH,,EHZ,-1,78.0,,314.1,,38.707
nc73673706,NC,MLC,,EHZ,1,78.0,,298.1,,41.598
nc73673706,NC,MQ1P,,EHZ,1,78.0,,293.2,,50.1044
nc73673706,NC,MMP,,EHZ,1,78.0,,292.6,,50.5715
nc73673706,NC,MLM,,EHZ,1,78.0,,309.5,,51.0718
nc73673706,NC,MDC,2.0,EHZ,-1,78.0,,302.6,,56.6983
nc73673706,NC,MMT,,EHZ,1,78.0,,263.8,,60.6012
nc73673706,NN,LHV,,HHZ,-1,77.0,,359.7,,90.4348
nc73673706,BK,HELL,0.0,HHZ,1,77.0,,209.1,,96.0057
nc73673706,BK,TOLH,0.0,HHZ,1,77.0,,237.3,,99.5973
nc73673706,BK,MMI,0.0,HHZ,1,77.0,,269.4,,110.1608
nc73673706,NC,MMI,,EHZ,1,77.0,,269.4,,110.1608
nc73673706,NC,MHD,,EHZ,1,77.0,,254.4,,128.7637
nc73673706,CI,SPG2,,HHZ,-1,77.0,,189.9,,139.216
nc73673706,NC,MPR,,EHZ,1,77.0,,287.5,,139.772
nc73673706,BK,LEGD,0.0,HHZ,1,76.0,,260.9,,148.334
nc73673706,CI,POR,,HHZ,1,76.0,,197.0,,154.6721
nc73673711,NC,MFB,,EHZ,1,128.0,,95.3,,6.1858
nc73673711,NC,MTU,2.0,EHZ,-1,110.0,,212.3,,10.6958
nc73673711,NC,MCD,,EHZ,-1,101.0,,21.1,,13.5102
nc73673711,NC,MRC,,EHZ,-1,93.0,,358.4,,26.5645
nc73673711,NP,1587,10.0,HNZ,-1,94.0,,54.2,,28.4437
nc73673711,NC,MCV,,EHZ,1,83.0,,300.8,,33.9478
nc73673711,NC,MDR,2.0,EHZ,-1,82.0,,307.4,,37.406
nc73673711,NC,MLC,,EHZ,-1,82.0,,298.4,,41.7871
nc73673711,NC,MMP,,EHZ,-1,82.0,,292.8,,50.7494
nc73673711,NC,MMT,,EHZ,1,82.0,,264.0,,60.6568
nc73673711,BK,HELL,0.0,HHZ,-1,81.0,,209.2,,95.8389
nc73673711,BK,TOLH,0.0,HHZ,1,80.0,,237.5,,99.5417
nc73673711,BK,MMI,0.0,HHZ,1,80.0,,269.5,,110.2498
nc73673711,NC,MMI,,EHZ,1,80.0,,269.5,,110.2498
nc73673711,NC,MHD,,EHZ,1,80.0,,254.5,,128.7637
nc73673711,NC,MPR,,EHZ,1,80.0,,287.6,,139.9944
nc73673711,BK,BUCR,0.0,HHZ,1,79.0,,280.8,,148.334
nc73673711,NP,1679,10.0,HNZ,1,100.0,,48.0,,15.5562
nc73673711,NN,LHV,,HHZ,-1,81.0,,359.6,,90.6683
nc73673711,GS,MCA04,0.0,HHZ,1,80.0,,44.0,,99.6529
nc73673711,BK,LIND,0.0,HHZ,1,80.0,,202.6,,129.8757
nc73673711,CI,SPG2,,HHZ,-1,80.0,,189.9,,138.9937
nc73673716,NC,MFB,,EHZ,1,134.0,,93.7,,6.069
nc73673716,NC,MTU,2.0,EHZ,-1,115.0,,213.3,,10.5969
nc73673716,NC,MCD,,EHZ,-1,105.0,,20.4,,13.6547
nc73673716,NP,1589,10.0,HNZ,-1,102.0,,118.3,,16.9572
nc73673716,NC,MRC,,EHZ,-1,93.0,,358.2,,26.7535
nc73673716,NN,LHV,,HHZ,1,86.0,,359.6,,90.8574
nc73673976,NC,MDR,2.0,EHZ,1,108.0,,22.5,,10.2155
nc73673976,NC,MCS,,EHZ,-1,105.0,,348.8,,11.5309
nc73673976,NC,MQ1P,,EHZ,1,98.0,,298.2,,14.1106
nc73673976,NC,MDH,,HNZ,-1,98.0,,349.9,,14.2885
nc73673976,NC,MDH1,1.0,DP1,1,98.0,,349.9,,14.2885
nc73673976,NC,MMP,,EHZ,1,98.0,,295.8,,14.5443
nc73673976,NC,MMLB,,HHZ,-1,98.0,,323.6,,14.6555
nc73673976,NC,MLH,,EHZ,1,98.0,,22.4,,15.0892
nc73673976,NC,MCY,,EHZ,1,97.0,,307.4,,16.5013
nc73673976,NC,MINS,,HHZ,-1,95.0,,305.2,,19.4814
nc73673976,NC,MLM,,EHZ,-1,95.0,,343.3,,20.3042
nc73673976,NC,MDC,2.0,EHZ,-1,86.0,,320.8,,22.4947
nc73673976,NC,MMT,,EHZ,1,79.0,,233.4,,32.9693
nc73673976,NC,MRC,,EHZ,1,78.0,,67.7,,35.5824
nc73673976,NC,MTU,2.0,EHZ,1,78.0,,128.4,,35.7714
nc73673976,BK,MMI,0.0,HHZ,1,78.0,,259.2,,77.792
nc73673976,NC,MMI,,EHZ,1,78.0,,259.2,,77.8031
nc73673976,BK,TOLH,0.0,HHZ,1,78.0,,216.7,,83.4518
nc73673976,NC,MHD,,EHZ,1,77.0,,241.9,,102.1103
nc73673976,NC,MPR,,EHZ,-1,77.0,,286.0,,103.8449
nc73673976,NC,MCO,,EHZ,1,119.0,,11.8,,7.4845
nc73673976,NC,MCV,,EHZ,1,126.0,,47.6,,6.1135
nc73673976,NC,MEM,,EHZ,-1,98.0,,337.4,,13.5991
nc73673976,NC,MLC,,EHZ,-1,120.0,,334.9,,7.251
nc73674366,NC,MCO,,EHZ,-1,172.0,,310.8,,0.5378
nc73674366,CI,MLAC,,HHZ,1,147.0,,50.9,,2.5319
nc73674366,NC,MDR,2.0,EHZ,1,140.0,,38.8,,3.1568
nc73674366,NC,MCV,,EHZ,1,133.0,,138.1,,3.8562
nc73674366,NC,MLC,,EHZ,-1,124.0,,265.3,,5.046
nc73674366,NC,MLH,,EHZ,1,109.0,,28.7,,7.9449
nc73674476,CI,MLAC,,HHZ,1,171.0,,283.3,,0.8207
nc73674476,NC,MDR,2.0,EHZ,1,166.0,,323.4,,1.3099
nc73674476,NC,MCO,,EHZ,1,146.0,,251.5,,3.3447
nc73674476,NC,MCV,,EHZ,-1,139.0,,182.5,,4.2743
nc73674476,NC,MLH,,EHZ,1,129.0,,10.8,,5.6565
nc73674476,NC,MGPB,,EHZ,1,123.0,,267.7,,6.7051
nc73674476,NC,MLC,,EHZ,1,117.0,,256.8,,8.0049
nc73674606,NP,1576,10.0,HNZ,1,99.0,,39.1,,12.1647
nc73674606,NC,MLH,,EHZ,-1,85.0,,5.8,,21.6385
nc73674606,NC,MDH,,HNZ,-1,86.0,,344.4,,22.4947
nc73674606,NC,MCY,,EHZ,-1,84.0,,316.6,,24.2516
nc73674606,NC,MLM,,EHZ,-1,81.0,,340.8,,28.6216
nc73674606,NC,MCD,,EHZ,1,78.0,,78.5,,35.7492
nc73674606,NC,MHD,,EHZ,1,77.0,,246.7,,102.0658
nc73674606,NC,MPR,,EHZ,1,77.0,,289.3,,109.5492
nc73674606,BK,LIND,0.0,HHZ,1,77.0,,188.8,,127.0958
nc73674606,CI,CWC,,HHZ,1,77.0,,149.6,,134.2123
nc73674606,CI,SPG2,,HHZ,1,77.0,,177.4,,142.6631
nc73674606,BK,MERC,0.0,HHZ,-1,77.0,,266.2,,143.775
nc73674606,BK,HELL,0.0,HHZ,-1,77.0,,190.3,,90.7684
nc73674606,BK,LEGD,0.0,HHZ,1,77.0,,255.8,,119.8681
nc73674606,BK,MMI,0.0,HHZ,1,78.0,,265.1,,80.3161
nc73674606,BK,TOLH,0.0,HHZ,1,78.0,,222.0,,79.8713
nc73674606,BK,WINE,0.0,HHZ,1,77.0,,226.6,,131.0988
nc73674606,CI,MLAC,,HHZ,-1,97.0,,1.2,,16.1566
nc73674606,NC,MCO,,EHZ,-1,98.0,,352.2,,15.0447
nc73674606,NC,MCS,,EHZ,-1,95.0,,343.0,,19.7705
nc73674606,NC,MCV,,EHZ,-1,104.0,,4.6,,11.7311
nc73674606,NC,MDC,2.0,EHZ,-1,80.0,,324.6,,30.7009
nc73674606,NC,MDR,2.0,EHZ,-1,97.0,,1.2,,17.0239
nc73674606,NC,MDY,,HHZ,-1,84.0,,321.8,,24.5407
nc73674606,NC,MEM,,EHZ,-1,86.0,,336.4,,21.9832
nc73674606,NC,MFB,,EHZ,1,78.0,,99.5,,36.8722
nc73674606,NC,MGPB,,EHZ,-1,97.0,,340.6,,16.657
nc73674606,NC,MINS,,HHZ,-1,82.0,,314.0,,27.0871
nc73674606,NC,MLC,,EHZ,-1,97.0,,334.9,,15.634
nc73674606,NC,MMI,,EHZ,1,78.0,,265.1,,80.3161
nc73674606,NC,MMLB,,HHZ,-1,86.0,,327.7,,22.9395
nc73674606,NC,MMP,,EHZ,-1,86.0,,309.9,,21.7052
nc73674606,NC,MMT,,EHZ,1,80.0,,248.2,,32.4022
nc73674606,NC,MTU,2.0,EHZ,-1,81.0,,120.8,,28.5104
nc73674616,NC,MCV,,EHZ,1,90.0,,9.4,,12.3649
nc73674616,NC,MLC,,EHZ,-1,86.0,,339.2,,15.6785
nc73674616,NC,MGPB,,EHZ,-1,85.0,,344.6,,16.8127
nc73674616,NC,MCS,,EHZ,-1,82.0,,346.3,,19.9706
nc73674616,NC,MDH1,1.0,DP1,1,81.0,,347.3,,22.7171
nc73674616,NC,MMT,,EHZ,1,75.0,,248.3,,31.2235
nc73674626,NC,MCV,,EHZ,-1,93.0,,6.6,,12.5205
nc73674626,NC,MCO,,EHZ,-1,94.0,,354.4,,15.723
nc73674626,NC,MLC,,EHZ,-1,94.0,,337.6,,16.1121
nc73674626,NC,MGPB,,EHZ,-1,94.0,,342.9,,17.2019
nc73674626,NC,MDR,2.0,EHZ,-1,85.0,,2.7,,17.7801
nc73674626,NC,MCS,,EHZ,-1,84.0,,344.9,,20.3376
nc73674626,NC,MLH,,EHZ,1,84.0,,6.9,,22.428
nc73674651,NC,MCV,,EHZ,1,101.0,,3.8,,12.1981
nc73674651,NP,1576,10.0,HNZ,1,101.0,,37.2,,12.465
nc73674651,NC,MDR,2.0,EHZ,-1,97.0,,0.7,,17.5021
nc73674651,NC,MCS,,EHZ,-1,95.0,,343.0,,20.2708
nc73674651,NC,MMP,,EHZ,-1,92.0,,310.7,,22.1167
nc73674651,NC,MDH,,HNZ,-1,92.0,,344.4,,22.9951
nc73674651,NC,MDH1,1.0,DP1,1,92.0,,344.4,,22.9951
nc73674651,NC,MMLB,,HHZ,-1,92.0,,328.1,,23.4177
nc73674651,NC,MDY,,HHZ,-1,93.0,,322.3,,24.9966
nc73674651,NC,MTU,2.0,EHZ,-1,84.0,,120.1,,28.1434
nc73674651,NC,MDC,2.0,EHZ,-1,82.0,,325.0,,31.1679
nc73674651,NC,MMT,,EHZ,1,82.0,,249.1,,32.3577
nc73674651,NC,MRC,,EHZ,1,80.0,,53.5,,36.294
nc73674651,BK,TOLH,0.0,HHZ,1,80.0,,222.3,,79.6044
nc73674651,BK,MMI,0.0,HHZ,1,80.0,,265.4,,80.4051
nc73674651,NC,MMI,,EHZ,1,80.0,,265.4,,80.4162
nc73674651,NC,MHD,,EHZ,-1,79.0,,246.9,,101.9991
nc73674651,NC,MPR,,EHZ,1,79.0,,289.5,,109.8383
nc73674651,CI,CWC,,HHZ,1,79.0,,149.6,,133.7675
nc73674651,NC,MCO,,EHZ,-1,99.0,,352.0,,15.5451
nc73674651,NC,MEM,,EHZ,-1,91.0,,336.6,,22.4725
nc73674651,NC,MGPB,,EHZ,-1,98.0,,340.7,,17.1574
nc73674651,NC,MLC,,EHZ,-1,98.0,,335.2,,16.1344
nc73674651,NC,MLH,,EHZ,1,92.0,,5.3,,22.0944
nc73674686,NC,MTU,2.0,EHZ,-1,133.0,,170.2,,12.465
nc73674686,NC,MFB,,EHZ,1,130.0,,105.3,,14.5332
nc73674686,NC,MCD,,EHZ,1,128.0,,53.6,,15.8008
nc73674686,NP,1679,10.0,HNZ,1,121.0,,69.8,,20.7045
nc73674686,NC,MRC,,EHZ,-1,116.0,,16.8,,24.3517
nc73674686,NC,MCV,,EHZ,1,114.0,,303.4,,25.5526
nc73674686,NP,1589,10.0,HNZ,-1,114.0,,116.6,,25.6193
nc73674686,CI,MLAC,,HHZ,-1,111.0,,310.2,,28.7105
nc73674686,NC,MDR,2.0,EHZ,-1,110.0,,311.5,,29.2554
nc73674686,NC,MCO,,EHZ,1,110.0,,305.5,,29.8336
nc73674686,NC,MLH,,EHZ,-1,109.0,,320.0,,31.1902
nc73674686,NC,MGPB,,EHZ,1,108.0,,303.1,,33.2028
nc73674686,NC,MLC,,EHZ,1,108.0,,299.8,,33.3362
nc73674686,NC,MCS,,EHZ,-1,106.0,,307.2,,35.2377
nc73674686,NC,MEM,,EHZ,-1,104.0,,306.0,,38.3845
nc73674686,NC,MMLB,,HHZ,1,103.0,,302.3,,40.8419
nc73674686,NC,MMP,,EHZ,1,102.0,,292.8,,42.243
nc73674686,NC,MLM,,EHZ,-1,102.0,,312.9,,43.2326
nc73674686,NC,MINS,,HHZ,-1,101.0,,297.0,,46.8575
nc73674686,NC,MMT,,EHZ,1,98.0,,259.6,,53.3291
nc73674686,NN,LHV,,HHZ,-1,92.0,,4.7,,87.7217
nc73674686,BK,TOLH,0.0,HHZ,1,91.0,,233.2,,94.916
nc73674686,BK,HELL,0.0,HHZ,-1,91.0,,204.0,,95.2162
nc73674686,BK,MMI,0.0,HHZ,1,91.0,,267.6,,102.4661
nc73674686,NC,MMI,,EHZ,1,91.0,,267.6,,102.4661
nc73674686,GS,MCA04,0.0,HHZ,1,91.0,,48.3,,103.0777
nc73674686,NC,MHD,,EHZ,1,88.0,,252.0,,122.2032
nc73674686,CI,CWC,,HHZ,1,88.0,,158.3,,122.3144
nc73674686,BK,LIND,0.0,HHZ,1,87.0,,198.8,,130.2093
nc73674686,NC,MPR,,EHZ,1,87.0,,287.2,,131.5436
nc73674686,BK,LEGD,0.0,HHZ,1,86.0,,259.1,,141.1064
nc73674686,CI,CGO,,HHZ,1,88.0,,145.3,,123.0928
nc73674686,BK,DRDG,0.0,HHZ,1,86.0,,303.3,,144.6646
nc73674701,NC,MCV,,EHZ,1,102.0,,3.0,,12.3426
nc73674701,NC,MLC,,EHZ,1,99.0,,334.9,,16.3345
nc73674701,NC,MGPB,,EHZ,-1,98.0,,340.3,,17.3464
nc73674701,NC,MMT,,EHZ,1,83.0,,249.4,,32.4467
nc73674701,NC,MEM,,EHZ,1,90.0,,336.4,,22.6838
nc73674701,NC,MCD,,EHZ,1,82.0,,77.4,,35.5935
nc73674741,NC,MCV,,EHZ,-1,100.0,,4.5,,12.1202
nc73674741,NP,1576,10.0,HNZ,1,100.0,,38.0,,12.4761
nc73674741,NC,MGPB,,EHZ,-1,97.0,,341.0,,17.0239
nc73674741,NC,MDH,,HNZ,-1,92.0,,344.7,,22.8617
nc73674741,NC,MDY,,HHZ,1,85.0,,322.4,,24.8409
nc73674741,NC,MTU,2.0,EHZ,-1,83.0,,120.1,,28.3213
nc73674741,NC,MRC,,EHZ,1,79.0,,53.8,,36.3607
nc73674741,NC,MFB,,EHZ,1,79.0,,98.9,,36.8278
nc73674741,BK,TOLH,0.0,HHZ,1,79.0,,222.2,,79.5711
nc73674741,BK,HELL,0.0,HHZ,-1,78.0,,190.4,,90.3792
nc73674741,NC,MHD,,EHZ,1,78.0,,246.9,,101.899
nc73674741,NC,MPR,,EHZ,-1,78.0,,289.5,,109.6716
nc73674741,BK,BUCR,0.0,HHZ,1,78.0,,280.9,,117.6442
nc73674741,BK,MMI,0.0,HHZ,1,79.0,,265.4,,80.2716
nc73674741,CI,CWC,,HHZ,-1,78.0,,149.5,,133.8787
nc73674741,CI,MLAC,,HHZ,-1,98.0,,1.2,,16.5458
nc73674741,NC,MCD,,EHZ,1,79.0,,77.9,,35.8492
nc73674741,NC,MCO,,EHZ,-1,98.0,,352.5,,15.4339
nc73674741,NC,MCS,,EHZ,-1,95.0,,343.3,,20.1374
nc73674741,NC,MDC,2.0,EHZ,-1,81.0,,325.1,,31.0011
nc73674741,NC,MDR,2.0,EHZ,-1,97.0,,1.2,,17.4131
nc73674741,NC,MEM,,EHZ,-1,92.0,,336.9,,22.3391
nc73674741,NC,MINS,,HHZ,-1,83.0,,314.7,,27.354
nc73674741,NC,MLC,,EHZ,-1,98.0,,335.5,,15.9898
nc73674741,NC,MLH,,EHZ,-1,93.0,,5.7,,22.0166
nc73674741,NC,MLM,,EHZ,-1,82.0,,341.1,,28.9885
nc73674741,NC,MMI,,EHZ,1,79.0,,265.4,,80.2716
nc73674741,NC,MMLB,,HHZ,-1,93.0,,328.3,,23.262
nc73674741,NC,MMP,,EHZ,-1,93.0,,310.7,,21.9499
nc73674741,NC,MMT,,EHZ,1,81.0,,248.8,,32.2465
nc73674956,NC,MCV,,EHZ,1,145.0,,333.0,,6.0079
nc73674956,NC,MCO,,EHZ,1,128.0,,326.4,,10.3011
nc73674956,CI,MLAC,,HHZ,-1,128.0,,341.2,,10.3634
nc73674956,NC,MDR,2.0,EHZ,1,125.0,,342.7,,11.1751
nc73674956,NC,MLC,,EHZ,1,119.0,,307.2,,12.9542
nc73674956,NC,MGPB,,EHZ,-1,119.0,,315.5,,13.1544
nc73674956,NC,MLH,,EHZ,1,116.0,,354.4,,15.2448
nc73674956,NC,MMP,,EHZ,-1,107.0,,290.4,,21.7164
nc73674956,NC,MINS,,HHZ,1,103.0,,298.3,,26.3198
nc73674956,NC,MDC,2.0,EHZ,-1,101.0,,311.1,,28.4659
nc73674956,NC,MMT,,EHZ,1,96.0,,241.4,,38.4401
nc73674956,BK,MMI,0.0,HHZ,1,89.0,,261.0,,84.7417
nc73674956,NC,MMI,,EHZ,1,89.0,,261.0,,84.7417
nc73674956,NC,MHD,,EHZ,1,87.0,,244.4,,108.0481
nc73674956,NC,MPR,,EHZ,1,86.0,,285.6,,111.1727
nc73674956,BK,BUCR,0.0,HHZ,-1,86.0,,277.4,,120.2017
nc73674961,NC,MDR,2.0,EHZ,1,145.0,,114.0,,3.0212
nc73674961,NC,MCO,,EHZ,-1,142.0,,173.7,,3.3514
nc73674961,CI,MLAC,,HHZ,1,141.0,,127.3,,3.4504
nc73674961,NC,MCS,,EHZ,1,141.0,,280.9,,3.4682
nc73674961,NC,MLH,,EHZ,1,124.0,,54.4,,5.6554
nc73674961,NC,MLC,,EHZ,-1,123.0,,225.9,,5.9
nc73674961,NC,MEM,,EHZ,-1,118.0,,286.5,,6.6806
nc73674961,NC,MCV,,EHZ,-1,115.0,,152.9,,7.3578
nc73674961,NC,MGPB,,EHZ,-1,136.0,,231.0,,4.0519
nc73674976,NC,MCV,,EHZ,-1,96.0,,10.1,,11.2084
nc73674976,NC,MCO,,EHZ,-1,90.0,,356.0,,14.2774
nc73674976,NC,MLC,,EHZ,-1,91.0,,337.4,,14.611
nc73674976,NC,MGPB,,EHZ,-1,87.0,,343.3,,15.7007
nc73674976,NC,MDR,2.0,EHZ,-1,86.0,,4.8,,16.4124
nc73674976,NC,MCS,,EHZ,1,84.0,,345.3,,18.8475
nc73674976,NC,MQ1P,,EHZ,-1,84.0,,312.3,,20.2264
nc73674976,NC,MMP,,EHZ,-1,83.0,,310.3,,20.4932
nc73674976,NC,MLH,,EHZ,-1,83.0,,8.7,,21.1048
nc73674976,NC,MDH,,HNZ,-1,83.0,,346.5,,21.5941
nc73674976,NC,MINS,,HHZ,-1,80.0,,314.6,,25.8862
nc73674976,NC,MMT,,EHZ,1,76.0,,246.4,,31.7128
nc73675416,NC,MQ1P,,EHZ,1,127.0,,332.0,,4.1476
nc73675416,NC,MMP,,EHZ,1,127.0,,321.9,,4.2187
nc73675416,NC,MDC,2.0,EHZ,1,92.0,,345.4,,14.9001
nc73675416,NC,MCV,,EHZ,1,92.0,,85.6,,15.0669
nc73675586,NC,MQ1P,,EHZ,1,149.0,,297.7,,2.106
nc73675586,NC,MMP,,EHZ,1,144.0,,284.2,,2.5986
nc73675586,NC,MCY,,EHZ,1,121.0,,329.5,,5.0216
nc73675586,NC,MLC,,EHZ,1,108.0,,83.1,,7.5501
nc73675586,NC,MINS,,HHZ,1,107.0,,316.0,,7.7002
nc73675586,NC,MDC,2.0,EHZ,1,90.0,,342.7,,12.2982
nc73675586,NC,MCO,,EHZ,1,90.0,,82.1,,12.2314
nc73675586,CI,MLAC,,HHZ,-1,91.0,,78.6,,14.7778
nc73675586,NC,MCV,,EHZ,1,92.0,,95.8,,15.1892
nc73675611,NC,MCV,,EHZ,1,103.0,,6.0,,11.3308
nc73675611,NC,MCO,,EHZ,-1,96.0,,353.0,,14.5999
nc73675611,NC,MLC,,EHZ,-1,96.0,,335.0,,15.1447
nc73675611,NC,MGPB,,EHZ,-1,96.0,,340.9,,16.1677
nc73675611,NC,MDR,2.0,EHZ,-1,95.0,,2.1,,16.6014
nc73675636,NC,MTU,2.0,EHZ,1,97.0,,120.9,,12.1314
nc73675636,NC,MCV,,EHZ,-1,84.0,,327.0,,23.9736
nc73675636,NC,MCO,,EHZ,1,81.0,,325.5,,28.3102
nc73675636,NC,MDR,2.0,EHZ,1,80.0,,331.8,,28.8551
nc73675636,NC,MLC,,EHZ,1,79.0,,317.6,,30.612
nc73675636,NC,MGPB,,EHZ,1,79.0,,321.0,,31.0679
nc73675636,NC,MQ1P,,EHZ,1,76.0,,307.1,,37.6506
nc73675636,NC,MMP,,EHZ,1,76.0,,306.1,,37.9731
nc73675636,NC,MMT,,EHZ,1,76.0,,265.4,,44.3223
nc73675636,NC,MDC,2.0,EHZ,-1,76.0,,316.5,,46.157
nc73675666,NC,MFB,,EHZ,1,116.0,,95.0,,6.4193
nc73675666,NC,MTU,2.0,EHZ,-1,101.0,,211.3,,10.5557
nc73675666,NC,MCV,,EHZ,-1,76.0,,301.0,,33.7588
nc73675666,CI,MLAC,,HHZ,-1,74.0,,306.5,,36.7277
nc73675666,NC,MDR,2.0,EHZ,1,74.0,,307.6,,37.2281
nc73675666,NC,MCO,,EHZ,-1,74.0,,302.9,,37.9842
nc73675666,NC,MLH,,EHZ,-1,74.0,,314.6,,38.7737
nc73675666,NC,MGPB,,EHZ,1,73.0,,301.2,,41.3979
nc73675666,NC,MQ1P,,EHZ,-1,73.0,,293.6,,50.0711
nc73675666,NC,MMP,,EHZ,-1,73.0,,292.9,,50.5381
nc73675666,NC,MDC,2.0,EHZ,-1,73.0,,302.9,,56.7094
nc73675941,NC,MLC,,EHZ,-1,93.0,,341.4,,15.078
nc73675941,NC,MDR,2.0,EHZ,-1,85.0,,7.2,,17.2797
nc73675941,NC,MCS,,EHZ,-1,85.0,,348.2,,19.4369
nc73675941,NC,MMP,,EHZ,-1,84.0,,313.5,,20.4265
nc73675941,NC,MLH,,EHZ,-1,84.0,,10.5,,22.0166
nc73675941,NC,MINS,,HHZ,1,81.0,,317.0,,25.8973
nc73675941,NC,MFB,,EHZ,1,73.0,,98.9,,38.6625
nc73675941,CI,MLAC,,HHZ,-1,93.0,,7.5,,16.4235
nc73675941,NC,MCO,,EHZ,-1,93.0,,359.2,,15.0447
nc73675941,NC,MCV,,EHZ,-1,90.0,,13.1,,12.1425
nc73675941,NC,MGPB,,EHZ,-1,93.0,,346.8,,16.2678
nc73676336,NC,MCV,,EHZ,-1,102.0,,47.9,,3.9875
nc73676336,NC,MDR,2.0,EHZ,1,48.0,,16.4,,8.3307
nc73676336,NC,MCS,,EHZ,1,48.0,,339.0,,10.5735
nc73676336,NC,MEM,,EHZ,1,48.0,,328.6,,13.0209
nc73676336,NC,MLH,,EHZ,1,48.0,,18.5,,13.1877
nc73676336,NC,MQ1P,,EHZ,-1,48.0,,290.5,,14.9446
nc73676336,NC,MMP,,EHZ,1,48.0,,288.4,,15.445
nc73676336,NC,MCY,,EHZ,1,48.0,,300.3,,17.0017
nc73676336,NC,MINS,,HHZ,-1,47.0,,299.3,,20.0373
nc73676336,NC,MCO,,EHZ,-1,60.0,,359.8,,5.8822
nc73676336,NC,MGPB,,EHZ,-1,50.0,,332.1,,7.5557
nc73676336,NC,MLC,,EHZ,-1,52.0,,317.9,,6.9141
nc73676361,NC,MCV,,EHZ,-1,147.0,,43.9,,2.9111
nc73676361,NC,MCO,,EHZ,-1,126.0,,349.7,,5.3963
nc73676361,NC,MDR,2.0,EHZ,1,115.0,,10.8,,7.5501
nc73676361,NC,MLC,,EHZ,-1,117.0,,309.3,,7.2043
nc73676361,NC,MGPB,,EHZ,-1,115.0,,323.7,,7.5735
nc73676361,NC,MLH,,EHZ,1,96.0,,15.3,,12.3649
nc73676361,NC,MEM,,EHZ,-1,96.0,,323.8,,13.0765
nc73676361,NC,MINS,,HHZ,-1,85.0,,296.6,,20.6044
nc73676361,NC,MMT,,EHZ,1,76.0,,233.2,,36.1828
nc73676386,NC,MCO,,EHZ,-1,159.0,,196.4,,1.3899
nc73676386,CI,MLAC,,HHZ,1,151.0,,92.6,,1.9837
nc73676386,NC,MDR,2.0,EHZ,1,148.0,,68.8,,2.1416
nc73676386,NC,MGPB,,EHZ,1,128.0,,262.0,,3.9563
nc73676386,NC,MCS,,EHZ,-1,121.0,,302.5,,4.9426
nc73676386,NC,MCV,,EHZ,-1,118.0,,150.4,,5.2362
nc73676386,NC,MLC,,EHZ,1,117.0,,247.2,,5.4341
nc73676386,NC,MLH,,EHZ,1,111.0,,35.9,,6.5283
nc73676386,NC,MDH1,,DP1,1,109.0,,320.8,,7.0008
nc73676481,NC,MCV,,EHZ,1,122.0,,40.5,,5.6365
nc73676481,NC,MCO,,EHZ,1,113.0,,5.2,,7.5223
nc73676481,NC,MLC,,EHZ,-1,111.0,,329.8,,7.797
nc73676481,NC,MGPB,,EHZ,-1,108.0,,341.1,,8.7544
nc73676481,CI,MLAC,,HHZ,-1,106.0,,19.2,,9.2548
nc73676481,NC,MDR,2.0,EHZ,1,104.0,,17.7,,10.0776
nc73676481,NC,MLH,,EHZ,1,94.0,,19.1,,14.9335
nc73676526,NC,MCO,,EHZ,1,136.0,,29.4,,3.0823
nc73676526,NC,MLC,,EHZ,1,129.0,,301.9,,3.6461
nc73676526,NC,MCV,,EHZ,1,122.0,,96.8,,4.5412
nc73676526,NC,MDR,2.0,EHZ,1,111.0,,39.1,,6.1813
nc73676631,NC,MFB,,EHZ,-1,116.0,,157.9,,11.5532
nc73676631,NC,MTU,2.0,EHZ,-1,103.0,,201.4,,20.5711
nc73676631,NC,MCV,,EHZ,1,95.0,,283.1,,31.824
nc73676631,CI,MLAC,,HHZ,-1,94.0,,290.3,,33.6809
nc73676631,NC,MDR,2.0,EHZ,1,94.0,,291.7,,33.9701
nc73676631,NC,MCO,,EHZ,1,93.0,,287.1,,35.5379
nc73676631,NC,MLC,,EHZ,-1,92.0,,284.1,,39.7967
nc73676631,NC,MMT,,EHZ,1,88.0,,255.2,,64.2595
nc73676901,NC,MCY,,EHZ,1,152.0,,35.5,,1.9014
nc73676901,NC,MLI,,HHZ,-1,147.0,,67.6,,2.2673
nc73676901,NC,MMP,,EHZ,-1,146.0,,152.0,,2.4285
nc73676901,NC,MQ1P,,EHZ,-1,144.0,,135.2,,2.5441
nc73676901,NC,MINS,,HHZ,1,137.0,,328.4,,3.2324
nc73676901,NC,MDC,2.0,EHZ,1,103.0,,359.9,,8.9568
nc73676906,NC,MCV,,EHZ,1,120.0,,24.7,,8.6221
nc73676906,NC,MLC,,EHZ,1,112.0,,338.8,,11.0305
nc73676906,NC,MCO,,EHZ,1,112.0,,3.2,,11.0617
nc73676906,NC,MGPB,,EHZ,-1,105.0,,346.3,,12.187
nc73676906,NC,MMT,,EHZ,-1,90.0,,239.8,,31.6906
nc73677266,NC,MFB,,EHZ,-1,151.0,,9.4,,4.3855
nc73677266,NC,MTU,2.0,EHZ,1,120.0,,249.7,,11.9201
nc73677266,NP,1679,10.0,HNZ,-1,112.0,,21.8,,16.468
nc73677266,NC,MCD,,EHZ,-1,111.0,,358.2,,17.5132
nc73677266,NP,1587,10.0,HNZ,-1,100.0,,39.3,,27.8099
nc73677266,NC,MCV,,EHZ,1,94.0,,302.8,,41.1644
nc73677266,CI,MLAC,,HHZ,-1,93.0,,307.3,,44.2
nc73677266,NC,MDR,2.0,EHZ,1,93.0,,308.2,,44.7115
nc73677266,NC,MCO,,EHZ,1,93.0,,304.2,,45.4231
nc73677266,NC,MGPB,,EHZ,1,92.0,,302.7,,48.8035
nc73677266,NC,MLC,,EHZ,1,92.0,,300.5,,48.9369
nc73677266,NC,MCS,,EHZ,1,92.0,,305.6,,50.7938
nc73677266,NC,MEM,,EHZ,1,91.0,,304.8,,53.9629
nc73677266,NC,MMLB,,HHZ,1,91.0,,302.2,,56.4537
nc73677266,NC,MMP,,EHZ,1,90.0,,295.2,,57.7102
nc73677266,NC,MINS,,HHZ,1,91.0,,298.2,,62.436
nc73677266,NC,MDC,2.0,EHZ,1,91.0,,303.8,,64.1372
nc73677266,NC,MMT,,EHZ,1,90.0,,268.8,,65.794
nc73677266,BK,MMI,0.0,HHZ,1,86.0,,272.0,,115.7539
nc73677266,NC,MMI,,EHZ,1,86.0,,272.0,,115.7539
nc73677266,NC,MHD,,EHZ,1,84.0,,257.2,,132.8779
nc73677266,NC,MPR,,EHZ,1,84.0,,288.8,,146.6661
nc73677291,NC,MCO,,EHZ,-1,166.0,,155.2,,1.7947
nc73677291,NC,MGPB,,EHZ,-1,159.0,,253.0,,2.8955
nc73677291,CI,MLAC,,HHZ,1,157.0,,97.0,,3.1535
nc73677291,NC,MDR,2.0,EHZ,-1,157.0,,81.3,,3.1802
nc73677291,NC,MCS,,EHZ,-1,153.0,,308.0,,3.8318
nc73677291,NC,MLC,,EHZ,-1,148.0,,238.1,,4.5468
nc73677291,NC,MDH1,,DP1,1,140.0,,327.3,,6.0846
nc73677291,NC,MCV,,EHZ,-1,140.0,,142.4,,6.1224
nc73677291,NC,MLH,,EHZ,1,135.0,,44.9,,7.0509
nc73677291,NC,MMLB,,HHZ,1,124.0,,286.7,,9.9041
nc73677291,NC,MLM,,EHZ,-1,114.0,,327.7,,12.4094
nc73677291,NC,MMP,,EHZ,1,112.0,,259.2,,14.1329
nc73677321,NC,MCV,,EHZ,-1,140.0,,36.4,,3.5716
nc73677321,NC,MCO,,EHZ,-1,122.0,,352.0,,6.1469
nc73677321,NC,MLC,,EHZ,-1,114.0,,314.3,,7.6435
nc73677321,NC,MGPB,,EHZ,-1,112.0,,327.5,,8.1561
nc73677321,NC,MDR,2.0,EHZ,-1,111.0,,10.5,,8.3318
nc73677321,NC,MCS,,EHZ,1,103.0,,335.3,,11.0884
nc73677406,NP,1576,10.0,HNZ,1,114.0,,49.7,,9.5427
nc73677406,NC,MCO,,EHZ,-1,106.0,,348.2,,11.8867
nc73677406,NC,MDR,2.0,EHZ,-1,101.0,,359.8,,13.7437
nc73677406,NC,MCS,,EHZ,-1,99.0,,338.4,,16.8127
nc73677406,NC,MLH,,EHZ,-1,97.0,,5.6,,18.336
nc73677406,NC,MEM,,EHZ,-1,96.0,,331.4,,19.2145
nc73677406,NC,MDH,,HNZ,1,96.0,,340.6,,19.4925
nc73677406,NC,MQ1P,,EHZ,-1,96.0,,303.8,,19.7482
nc73677406,NC,MMP,,EHZ,-1,95.0,,302.0,,20.1152
nc73677406,NC,MDY,,HHZ,1,90.0,,315.8,,22.3391
nc73677406,NC,MINS,,HHZ,-1,92.0,,308.1,,25.2412
nc73677406,NC,MLM,,EHZ,1,92.0,,337.6,,25.7083
nc73677406,NC,MDC,2.0,EHZ,-1,94.0,,320.1,,28.3436
nc73677406,NC,MMT,,EHZ,1,83.0,,243.3,,34.1146
nc73677406,NC,MCV,,EHZ,-1,118.0,,3.7,,8.4386
nc73677406,NC,MGPB,,EHZ,-1,101.0,,334.5,,13.7771
nc73677406,NC,MLC,,EHZ,-1,101.0,,327.1,,12.9653
nc73677436,NC,MCV,,EHZ,-1,128.0,,67.3,,2.126
nc73677436,NC,MCO,,EHZ,-1,100.0,,345.8,,4.1609
nc73677436,NC,MDR,2.0,EHZ,-1,71.0,,12.5,,6.2881
nc73677436,NC,MLC,,EHZ,-1,70.0,,300.2,,6.526
nc73677436,NC,MGPB,,EHZ,-1,70.0,,316.8,,6.6294
nc73677436,NC,MCS,,EHZ,1,70.0,,329.2,,9.3459
nc73677436,NC,MLH,,EHZ,-1,69.0,,16.7,,11.1173
nc73677436,NC,MQ1P,,EHZ,1,69.0,,282.7,,15.3783
nc73677436,NC,MDC,2.0,EHZ,1,67.0,,310.2,,21.9499
nc73677806,NC,MCV,,EHZ,-1,101.0,,7.1,,11.7867
nc73677806,NP,1576,10.0,HNZ,1,97.0,,40.9,,12.4983
nc73677806,NC,MLC,,EHZ,-1,96.0,,336.6,,15.4227
nc73677806,CI,MLAC,,HHZ,-1,96.0,,3.0,,16.1789
nc73677806,NC,MDR,2.0,EHZ,-1,95.0,,2.9,,17.0351
nc73677806,NC,MCS,,EHZ,-1,85.0,,344.4,,19.6259
nc73677806,NC,MQ1P,,EHZ,-1,85.0,,312.7,,21.0492
nc73677806,NC,MMP,,EHZ,-1,85.0,,310.8,,21.3161
nc73677806,NC,MLH,,EHZ,-1,85.0,,7.1,,21.6941
nc73677806,NC,MEM,,EHZ,-1,85.0,,337.7,,21.7831
nc73677806,NC,MDH,,HNZ,-1,86.0,,345.6,,22.3613
nc73677806,NC,MDH1,1.0,DP1,1,86.0,,345.6,,22.3613
nc73677806,NC,MMLB,,HHZ,-1,86.0,,328.8,,22.6615
nc73677806,NC,MDY,,HHZ,-1,84.0,,322.8,,24.2183
nc73677806,NC,MINS,,HHZ,-1,82.0,,314.8,,26.7201
nc73677806,NC,MLM,,EHZ,-1,81.0,,341.8,,28.4548
nc73677806,NC,MMT,,EHZ,1,79.0,,247.8,,31.9241
nc73677806,NC,MCO,,EHZ,-1,96.0,,354.2,,14.9891
nc73677806,NC,MGPB,,EHZ,-1,96.0,,342.2,,16.4902
nc73677816,NC,MCV,,EHZ,1,94.0,,9.7,,11.8534
nc73677816,NC,MCO,,EHZ,-1,91.0,,356.2,,14.9224
nc73677816,NC,MLC,,EHZ,-1,87.0,,338.5,,15.2003
nc73677816,NC,MGPB,,EHZ,-1,86.0,,344.0,,16.3123
nc73677816,NC,MDR,2.0,EHZ,1,85.0,,4.7,,17.0573
nc73677816,NC,MQ1P,,EHZ,-1,83.0,,313.7,,20.6378
nc73677816,NC,MDH,,HNZ,1,82.0,,347.0,,22.2167
nc73677816,NC,MDC,2.0,EHZ,-1,76.0,,326.3,,30.0782
nc73677816,NC,MMT,,EHZ,1,76.0,,247.4,,31.4237
nc73677831,NP,1576,10.0,HNZ,1,121.0,,27.7,,11.2418
nc73677831,NC,MLH,,EHZ,-1,103.0,,359.4,,22.0388
nc73677831,NC,MEM,,EHZ,-1,102.0,,331.5,,23.5288
nc73677831,NC,MQ1P,,EHZ,-1,102.0,,308.7,,23.64
nc73677831,NC,MDH,,HNZ,-1,102.0,,339.0,,23.7624
nc73677831,NC,MDH1,1.0,DP1,-1,102.0,,339.0,,23.7624
nc73677831,NC,MMP,,EHZ,-1,102.0,,307.1,,23.9514
nc73677831,NC,MTU,2.0,EHZ,-1,100.0,,122.6,,26.153
nc73677831,NC,MCY,,EHZ,-1,100.0,,313.5,,26.3532
nc73677831,NC,MDY,,HHZ,-1,100.0,,318.4,,26.5089
nc73677831,NC,MINS,,HHZ,-1,98.0,,311.5,,29.2443
nc73677831,NC,MLM,,EHZ,-1,97.0,,336.8,,29.9893
nc73677831,NC,MDC,2.0,EHZ,-1,96.0,,321.7,,32.5801
nc73677831,BK,OVRO,0.0,HHZ,-1,90.0,,120.5,,54.441
nc73677831,BK,TOLH,0.0,HHZ,1,88.0,,223.6,,81.1612
nc73677831,CI,CWC,,HHZ,1,84.0,,150.4,,132.5444
nc73677831,CI,SPG2,,HHZ,1,83.0,,178.3,,142.1071
nc73677831,BK,LEGD,0.0,HHZ,1,85.0,,256.4,,122.092
nc73677831,BK,MMI,0.0,HHZ,1,88.0,,265.6,,82.7179
nc73677831,CI,MLAC,,HHZ,-1,110.0,,352.8,,16.8016
nc73677831,NC,MCO,,EHZ,-1,111.0,,343.9,,16.0677
nc73677831,NC,MCS,,EHZ,-1,105.0,,337.0,,21.1048
nc73677831,NC,MCV,,EHZ,-1,115.0,,353.0,,12.3093
nc73677831,NC,MDR,2.0,EHZ,-1,109.0,,353.2,,17.6578
nc73677831,NC,MFB,,EHZ,1,95.0,,99.3,,34.3815
nc73677831,NC,MGPB,,EHZ,-1,109.0,,333.8,,18.0914
nc73677831,NC,MLC,,EHZ,-1,110.0,,328.3,,17.2686
nc73677831,NC,MMLB,,HHZ,-1,101.0,,323.6,,24.752
nc73677831,NC,MMT,,EHZ,1,95.0,,250.5,,34.5149
nc73677831,NC,MRC,,EHZ,1,95.0,,51.2,,34.4815
nc73677986,NC,MLC,,EHZ,1,101.0,,68.5,,13.9327
nc73677986,NC,MGPB,,EHZ,1,100.0,,64.6,,15.5562
nc73677986,NC,MMP,,EHZ,1,132.0,,31.4,,5.6498
nc73677986,NC,MQ1P,,EHZ,1,128.0,,34.9,,6.2936
nc73677986,NC,MDC,2.0,EHZ,-1,99.0,,6.4,,16.0121
nc73677986,NC,MCO,,EHZ,1,97.0,,71.5,,18.5362
nc73677986,NC,MCV,,EHZ,1,94.0,,82.6,,20.7601
nc73677986,NC,MDR,2.0,EHZ,1,93.0,,68.2,,21.5051
nc73678566,NC,MDPB,,HHZ,-1,122.0,,43.6,,7.4912
nc73678566,NC,MINS,,HHZ,-1,111.0,,41.0,,10.3511
nc73678566,NC,MDC,2.0,EHZ,-1,99.0,,31.1,,16.379
nc73678566,NC,MLC,,EHZ,1,95.0,,80.7,,19.9261
nc73678566,NC,MGPB,,EHZ,1,93.0,,77.1,,21.2938
nc73678566,NC,MMT,,EHZ,1,91.0,,189.1,,23.3176
nc73678566,NC,MCO,,EHZ,1,92.0,,80.7,,24.6074
nc73678566,NC,MCV,,EHZ,1,94.0,,88.4,,27.2984
nc73678566,NC,MDR,2.0,EHZ,1,94.0,,77.1,,27.354
nc73678566,NC,MMLB,,HHZ,-1,99.0,,59.0,,16.3457
nc73678566,BK,BUCR,0.0,HHZ,-1,81.0,,276.7,,89.8677
nc73678566,BK,BLUE,0.0,HHZ,-1,80.0,,308.5,,136.7698
nc73678606,NC,MCV,,EHZ,-1,123.0,,302.8,,13.2322
nc73678606,CI,MLAC,,HHZ,-1,119.0,,314.8,,16.5124
nc73678606,NC,MDR,2.0,EHZ,-1,118.0,,316.9,,17.124
nc73678606,NC,MCO,,EHZ,-1,118.0,,306.4,,17.5243
nc73678606,NC,MLH,,EHZ,-1,115.0,,329.9,,19.637
nc73678606,NC,MGPB,,EHZ,-1,113.0,,302.4,,20.8824
nc73678606,NC,MLC,,EHZ,-1,112.0,,297.3,,21.0714
nc73678606,NC,MTU,2.0,EHZ,1,110.0,,147.2,,22.795
nc73678606,NC,MRC,,EHZ,1,109.0,,46.3,,23.8624
nc73678606,NC,MFB,,EHZ,1,107.0,,113.8,,26.4978
nc73678606,NC,MDPB,,HHZ,1,100.0,,289.8,,35.2933
nc73678606,NC,MDC,2.0,EHZ,1,100.0,,304.5,,36.2273
nc73678606,NC,MMT,,EHZ,1,97.0,,248.6,,45.3342
nc73678606,BK,OVRO,0.0,HHZ,1,95.0,,131.3,,49.5596
nc73678606,BK,MMI,0.0,HHZ,1,88.0,,263.0,,92.8255
nc73678606,NC,MMI,,EHZ,1,88.0,,263.0,,92.8255
nc73678606,NC,MHD,,EHZ,1,87.0,,247.0,,114.9756
nc73678606,NC,MPR,,EHZ,1,86.0,,285.4,,119.7569
nc73678606,BK,LEGD,0.0,HHZ,1,85.0,,255.3,,132.6555
nc73678606,NP,1576,10.0,HNZ,-1,146.0,,318.1,,6.5649
nc73678701,NC,MCS,,EHZ,1,152.0,,289.9,,2.5742
nc73678701,NC,MDR,2.0,EHZ,-1,139.0,,105.0,,3.8796
nc73678701,CI,MLAC,,HHZ,-1,137.0,,116.6,,4.1731
nc73678701,NC,MEM,,EHZ,1,126.0,,291.4,,5.8199
nc73678701,NC,MCV,,EHZ,1,116.0,,145.6,,7.6736
nc73678701,NC,MMLB,,HHZ,1,111.0,,278.7,,8.9912
nc73678701,NC,MQ1P,,EHZ,1,97.0,,253.2,,13.1766
nc73678701,NC,MMP,,EHZ,1,97.0,,252.7,,13.9105
nc73678701,NC,MDC,2.0,EHZ,1,96.0,,295.9,,16.0232
nc73678701,NC,MINS,,HHZ,1,96.0,,272.7,,16.1344
nc73678701,NC,MCO,,EHZ,-1,144.0,,156.5,,3.3926
nc73678701,NC,MGPB,,EHZ,1,146.0,,222.9,,3.1768
nc73678701,NC,MLC,,EHZ,1,131.0,,220.0,,5.0638
nc73678701,NC,MLH,,EHZ,1,121.0,,57.8,,6.5983
nc73678746,NC,MCV,,EHZ,1,146.0,,70.1,,2.3529
nc73678746,NC,MCO,,EHZ,-1,128.0,,349.1,,4.0875
nc73678746,NC,MLC,,EHZ,-1,113.0,,301.2,,6.3003
nc73678746,NC,MDR,2.0,EHZ,1,113.0,,14.7,,6.3281
nc73678746,NC,MGPB,,EHZ,-1,112.0,,318.3,,6.446
nc73678746,NC,MCS,,EHZ,1,102.0,,330.4,,9.2036
nc73678746,NC,MLH,,EHZ,1,97.0,,18.0,,11.1751
nc73679011,NC,MCV,,EHZ,1,155.0,,264.3,,4.0631
nc73679011,NC,MDR,2.0,EHZ,-1,142.0,,316.8,,6.7595
nc73679011,NC,MCO,,EHZ,-1,139.0,,291.9,,7.5724
nc73679011,NC,MLH,,EHZ,-1,130.0,,343.6,,9.8274
nc73679011,NC,MDC,2.0,EHZ,-1,104.0,,299.6,,26.1975
nc73679011,NC,MDPB,,HHZ,1,104.0,,279.4,,26.4866
nc73679011,NC,MMT,,EHZ,1,95.0,,235.4,,42.5654
nc73679081,NP,1576,10.0,HNZ,1,99.0,,40.3,,12.3871
nc73679081,NC,MLC,,EHZ,-1,97.0,,336.0,,15.5006
nc73679081,NC,MQ1P,,EHZ,-1,85.0,,312.3,,21.1826
nc73679081,NC,MDH,,HNZ,-1,86.0,,345.2,,22.4058
nc73679081,NC,MDH1,1.0,DP1,1,86.0,,345.2,,22.4058
nc73679081,NC,MLI,,HHZ,-1,86.0,,317.8,,22.8506
nc73679081,NC,MCY,,EHZ,-1,85.0,,317.2,,24.0292
nc73679081,NC,MDY,,HHZ,-1,84.0,,322.4,,24.3294
nc73679081,NC,MDPB,,HHZ,-1,83.0,,308.4,,26.4978
nc73679081,NP,1679,10.0,HNZ,1,78.0,,83.3,,42.3875
nc73679081,CI,TIN,,HHZ,-1,78.0,,131.2,,72.4213
nc73679081,NN,LHV,,HHZ,1,77.0,,19.1,,90.1791
nc73679081,BK,HELL,0.0,HHZ,1,77.0,,190.1,,90.7017
nc73679081,CI,SPG2,,HHZ,1,77.0,,177.2,,142.6631
nc73679081,NC,PDRB,1.0,EHZ,-1,75.0,,227.1,,186.4739
nc73679081,NC,HBC,1.0,EHZ,-1,74.0,,256.3,,204.3763
nc73679081,BK,LEGD,0.0,HHZ,1,77.0,,255.8,,119.5345
nc73679081,BK,MERC,0.0,HHZ,1,77.0,,266.2,,143.4415
nc73679081,BK,MMI,0.0,HHZ,1,78.0,,265.1,,79.9825
nc73679081,BK,OVRO,0.0,HHZ,1,78.0,,119.5,,57.1208
nc73679081,BK,TOLH,0.0,HHZ,1,78.0,,221.9,,79.6489
nc73679081,CI,MLAC,,HHZ,-1,97.0,,2.4,,16.1677
nc73679081,CI,POR,,HHZ,1,76.0,,185.3,,153.8938
nc73679081,NC,MCO,,EHZ,-1,98.0,,353.5,,15.0113
nc73679081,NC,MCS,,EHZ,-1,95.0,,343.9,,19.6704
nc73679081,NC,MCV,,EHZ,-1,104.0,,6.2,,11.7644
nc73679081,NC,MDC,2.0,EHZ,-1,81.0,,325.2,,30.5008
nc73679081,NC,MDR,2.0,EHZ,-1,97.0,,2.3,,17.0351
nc73679081,NC,MEM,,EHZ,-1,86.0,,337.2,,21.8498
nc73679081,NC,MGPB,,EHZ,-1,97.0,,341.7,,16.5458
nc73679081,NC,MINS,,HHZ,-1,83.0,,314.5,,26.8536
nc73679081,NC,MLH,,EHZ,1,86.0,,6.7,,21.6719
nc73679081,NC,MLM,,EHZ,-1,82.0,,341.5,,28.5104
nc73679081,NC,MMLB,,HHZ,-1,86.0,,328.4,,22.7616
nc73679081,NC,MMP,,EHZ,-1,85.0,,310.5,,21.4495
nc73679081,NC,MMT,,EHZ,1,80.0,,247.9,,32.0909
nc73679081,NC,MRC,,EHZ,1,78.0,,54.6,,36.3941
nc73679091,NC,MCV,,EHZ,1,98.0,,15.2,,11.4531
nc73679091,NC,MLC,,EHZ,-1,92.0,,341.3,,14.2552
nc73679091,NC,MCO,,EHZ,1,92.0,,0.1,,14.2663
nc73679091,NC,MGPB,,EHZ,-1,93.0,,347.0,,15.445
nc73679091,NC,MDR,2.0,EHZ,1,93.0,,8.4,,16.5458
nc73679091,NC,MLH,,EHZ,1,84.0,,11.5,,21.3049
nc73679091,NC,MMT,,EHZ,1,77.0,,245.6,,30.7454
nc73679126,NC,MCV,,EHZ,-1,90.0,,9.1,,12.0535
nc73679126,NC,MCO,,EHZ,-1,87.0,,355.9,,15.1559
nc73679126,NC,MLC,,EHZ,-1,87.0,,338.4,,15.445
nc73679126,NC,MGPB,,EHZ,-1,85.0,,343.9,,16.5569
nc73679126,NC,MDR,2.0,EHZ,-1,85.0,,4.3,,17.2686
nc73679126,NC,MCS,,EHZ,1,83.0,,345.8,,19.7037
nc73679126,NC,MQ1P,,EHZ,-1,82.0,,313.9,,20.8713
nc73679126,NC,MMP,,EHZ,-1,82.0,,312.0,,21.1159
nc73679126,NC,MDPB,,HHZ,-1,78.0,,309.6,,26.1419
nc73679126,NC,MMT,,EHZ,1,75.0,,247.9,,31.4348
nc73679131,NC,MCV,,EHZ,1,164.0,,237.7,,2.2539
nc73679131,CI,MLAC,,HHZ,-1,153.0,,322.4,,4.1198
nc73679131,NC,MDR,2.0,EHZ,-1,149.0,,328.8,,4.8225
nc73679131,NC,MCO,,EHZ,-1,146.0,,292.5,,5.2951
nc73679131,NC,MGPB,,EHZ,1,130.0,,288.5,,8.8767
nc73679171,NC,MCV,,EHZ,1,100.0,,9.8,,10.141
nc73679171,NC,MLC,,EHZ,1,90.0,,334.8,,13.7659
nc73679171,NC,MDR,2.0,EHZ,1,92.0,,4.2,,15.356
nc73679226,NP,1576,10.0,HNZ,1,101.0,,39.0,,12.187
nc73679226,CI,MLAC,,HHZ,1,99.0,,1.2,,16.1789
nc73679226,NC,MDR,2.0,EHZ,-1,98.0,,1.2,,17.0351
nc73679226,NC,MQ1P,,EHZ,-1,93.0,,311.8,,21.4495
nc73679226,NC,MEM,,EHZ,-1,92.0,,336.5,,22.0055
nc73679226,NC,MDH,,HNZ,-1,90.0,,344.4,,22.517
nc73679226,NC,MTU,2.0,EHZ,-1,84.0,,120.8,,28.4993
nc73679226,NC,MDC,2.0,EHZ,-1,83.0,,324.7,,30.712
nc73679226,NC,MRC,,EHZ,1,81.0,,54.2,,36.1272
nc73679226,NC,MFB,,EHZ,1,81.0,,99.5,,36.8722
nc73679226,BK,TOLH,0.0,HHZ,1,80.0,,222.0,,79.8602
nc73679226,BK,MMI,0.0,HHZ,1,80.0,,265.1,,80.3161
nc73679226,CI,CWC,,HHZ,-1,79.0,,149.6,,134.2123
nc73679226,NC,MCO,,EHZ,-1,100.0,,352.2,,15.0669
nc73679226,NC,MCS,,EHZ,-1,96.0,,343.0,,19.7927
nc73679226,NC,MCV,,EHZ,-1,106.0,,4.6,,11.7533
nc73679226,NC,MDPB,,HHZ,-1,94.0,,308.0,,26.7757
nc73679226,NC,MDY,,HHZ,-1,93.0,,321.8,,24.5518
nc73679226,NC,MGPB,,EHZ,-1,98.0,,340.6,,16.6792
nc73679226,NC,MINS,,HHZ,-1,94.0,,314.1,,27.1093
nc73679226,NC,MLC,,EHZ,-1,99.0,,334.9,,15.6562
nc73679226,NC,MLM,,EHZ,-1,84.0,,340.8,,28.6438
nc73679226,NC,MMLB,,HHZ,-1,91.0,,327.7,,22.9506
nc73679226,NC,MMP,,EHZ,-1,93.0,,310.0,,21.7164
nc73679226,NC,MMT,,EHZ,1,82.0,,248.2,,32.4022
nc73679231,NC,MCV,,EHZ,-1,95.0,,10.6,,12.2537
nc73679231,NC,MCO,,EHZ,-1,95.0,,357.3,,15.2782
nc73679231,NC,MLC,,EHZ,-1,94.0,,339.8,,15.4561
nc73679231,NC,MGPB,,EHZ,-1,94.0,,345.2,,16.6014
nc73679231,NC,MDR,2.0,EHZ,-1,94.0,,5.4,,17.4465
nc73679231,NC,MMP,,EHZ,1,85.0,,312.9,,20.9602
nc73679231,NC,MEM,,EHZ,-1,85.0,,339.9,,21.8164
nc73679231,NC,MDPB,,HHZ,-1,82.0,,310.3,,25.964
nc73679231,NC,MINS,,HHZ,-1,81.0,,316.6,,26.4199
nc73679231,NC,MDC,2.0,EHZ,-1,79.0,,327.0,,30.245
nc73679231,NC,MMT,,EHZ,1,78.0,,247.9,,31.0567
nc73679261,NC,MCV,,EHZ,1,71.0,,10.2,,10.4946
nc73679261,NC,MCO,,EHZ,-1,70.0,,355.3,,13.588
nc73679261,NC,MLC,,EHZ,-1,70.0,,335.9,,14.0106
nc73679261,NC,MGPB,,EHZ,-1,70.0,,342.1,,15.0669
nc73679261,NC,MDR,2.0,EHZ,1,70.0,,4.6,,15.7007
nc73679261,NC,MCS,,EHZ,1,69.0,,344.5,,18.1915
nc73679261,NC,MLH,,EHZ,-1,69.0,,8.8,,20.3931
nc73679271,NC,MCV,,EHZ,-1,100.0,,353.4,,13.4323
nc73679271,NC,MCS,,EHZ,-1,92.0,,338.0,,22.1611
nc73679271,NC,MLH,,EHZ,-1,92.0,,359.2,,23.173
nc73679271,NC,MMP,,EHZ,-1,93.0,,309.1,,24.6853
nc73679271,NC,MDH,,HNZ,-1,94.0,,339.9,,24.8409
nc73679271,NC,MDH1,1.0,DP1,-1,94.0,,339.9,,24.8409
nc73679271,NC,MTU,2.0,EHZ,1,94.0,,120.5,,25.5081
nc73679271,NC,MDY,,HHZ,1,84.0,,319.9,,27.3984
nc73679271,NC,MDPB,,HHZ,-1,83.0,,307.5,,29.7558
nc73679271,NC,MINS,,HHZ,-1,83.0,,313.0,,30.0449
nc73679271,NC,MDC,2.0,EHZ,-1,81.0,,322.8,,33.5142
nc73679271,NC,MCD,,EHZ,1,81.0,,74.9,,33.6921
nc73679271,NC,MFB,,EHZ,1,81.0,,97.5,,34.1591
nc73679271,NC,MMT,,EHZ,1,81.0,,252.3,,34.2147
nc73679271,NC,MRC,,EHZ,1,81.0,,49.7,,35.1487
nc73679271,CI,CWC,,HHZ,1,79.0,,150.2,,131.5436
nc73679271,CI,MLAC,,HHZ,-1,97.0,,353.1,,17.9357
nc73679271,NC,MCO,,EHZ,-1,98.0,,344.7,,17.1685
nc73679271,NC,MDR,2.0,EHZ,-1,96.0,,353.5,,18.7808
nc73679271,NC,MEM,,EHZ,-1,93.0,,332.6,,24.5518
nc73679271,NC,MGPB,,EHZ,-1,96.0,,335.1,,19.1366
nc73679271,NC,MLC,,EHZ,-1,97.0,,330.0,,18.2582
nc73679271,NC,MLM,,EHZ,-1,82.0,,337.5,,31.0567
nc73679431,NP,1576,10.0,HNZ,1,98.0,,41.2,,12.0869
nc73679431,CI,MLAC,,HHZ,1,97.0,,2.3,,15.8119
nc73679431,NC,MDH,,HNZ,-1,86.0,,344.9,,22.0833
nc73679431,NC,MDY,,HNZ,1,84.0,,321.9,,24.0848
nc73679431,NC,MDPB,,HHZ,-1,83.0,,307.7,,26.3198
nc73679431,NC,MINS,,HHZ,-1,82.0,,313.9,,26.6312
nc73679431,NC,MCO,,EHZ,-1,97.0,,353.2,,14.6666
nc73679431,NC,MCS,,EHZ,-1,95.0,,343.5,,19.3479
nc73679431,NC,MCV,,EHZ,1,104.0,,6.2,,11.4086
nc73679431,NC,MCY,,EHZ,-1,85.0,,316.5,,23.7957
nc73679431,NC,MDR,2.0,EHZ,-1,96.0,,2.2,,16.6792
nc73679431,NC,MEM,,EHZ,-1,85.0,,336.8,,21.5496
nc73679431,NC,MGPB,,EHZ,-1,97.0,,341.1,,16.2233
nc73679431,NC,MHD,,EHZ,-1,76.0,,246.4,,101.9324
nc73679431,NC,MLC,,EHZ,-1,97.0,,335.3,,15.2003
nc73679431,NC,MLH,,EHZ,1,85.0,,6.7,,21.3161
nc73679431,NC,MMLB,,HHZ,-1,86.0,,327.9,,22.4836
nc73679431,NC,MMP,,EHZ,-1,85.0,,309.7,,21.2605
nc73679441,NC,MCV,,EHZ,-1,97.0,,9.3,,11.9646
nc73679441,NC,MLC,,EHZ,-1,94.0,,338.4,,15.3449
nc73679441,NC,MMT,,EHZ,1,77.0,,247.7,,31.4459
nc73679476,NC,MCV,,EHZ,-1,90.0,,8.2,,11.8311
nc73679476,NP,1576,10.0,HNZ,1,89.0,,41.7,,12.6651
nc73679476,NC,MCS,,EHZ,-1,82.0,,345.1,,19.5814
nc73679476,NC,MMP,,EHZ,-1,81.0,,311.3,,21.1493
nc73679476,NC,MEM,,EHZ,-1,81.0,,338.3,,21.7052
nc73679476,NC,MLH,,EHZ,-1,81.0,,7.8,,21.7386
nc73679476,NC,MDH,,HNZ,-1,81.0,,346.2,,22.3168
nc73679476,NC,MDH1,1.0,DP1,1,81.0,,346.2,,22.3168
nc73679476,NC,MDY,,HHZ,-1,79.0,,323.2,,24.0959
nc73679476,NC,MDPB,,HHZ,-1,78.0,,309.0,,26.1864
nc73679476,NC,MINS,,HHZ,-1,77.0,,315.2,,26.5645
nc73679476,NC,MDC,2.0,EHZ,-1,75.0,,325.8,,30.2784
nc73679476,NC,MMT,,EHZ,1,74.0,,247.7,,31.7017
nc73679476,NC,MCO,,EHZ,-1,87.0,,355.1,,14.9891
nc73679476,NC,MDR,2.0,EHZ,-1,84.0,,3.7,,17.0684
nc73679476,NC,MGPB,,EHZ,-1,85.0,,343.0,,16.4346
nc73679476,NC,MLC,,EHZ,-1,86.0,,337.4,,15.356
nc73679596,NC,MCV,,EHZ,-1,144.0,,40.0,,2.9556
nc73679596,NC,MCO,,EHZ,1,122.0,,348.8,,5.582
nc73679596,NC,MLC,,EHZ,-1,113.0,,309.7,,7.4011
nc73679596,NC,MDR,2.0,EHZ,1,112.0,,9.7,,7.6925
nc73679596,NC,MGPB,,EHZ,-1,111.0,,323.8,,7.777
nc73679596,NC,MCS,,EHZ,1,102.0,,332.9,,10.6358
nc73679596,NC,MLH,,EHZ,1,94.0,,14.5,,12.4872
nc73679621,NC,MMP,,EHZ,1,130.0,,337.8,,4.4022
nc73679621,NC,MQ1P,,EHZ,1,129.0,,347.1,,4.5312
nc73679621,NC,MLI,,HHZ,1,113.0,,354.3,,7.1131
nc73679621,NC,MCY,,EHZ,1,110.0,,347.7,,7.9471
nc73679621,NC,MDPB,,HHZ,1,106.0,,317.1,,8.999
nc73679621,NC,MLC,,EHZ,-1,105.0,,62.4,,9.4127
nc73679621,NC,MDY,,HHZ,1,105.0,,358.8,,9.4416
nc73679621,NC,MINS,,HHZ,1,103.0,,333.4,,10.0365
nc73679621,NC,MCO,,EHZ,1,93.0,,68.4,,13.9438
nc73679621,NC,MDC,2.0,EHZ,1,94.0,,349.5,,15.4339
nc73679621,NC,MCV,,EHZ,1,94.0,,83.2,,16.0788
nc73679631,NC,MCV,,EHZ,1,153.0,,259.9,,3.0601
nc73679631,NC,MDR,2.0,EHZ,-1,133.0,,323.1,,5.9956
nc73679631,NC,MCO,,EHZ,1,130.0,,294.2,,6.5727
nc73679631,NC,MLH,,EHZ,-1,117.0,,349.3,,9.4582
nc73679631,NC,MLC,,EHZ,1,113.0,,280.3,,10.7948
nc73679646,NC,MCV,,EHZ,1,151.0,,12.4,,5.612
nc73679646,NC,MCO,,EHZ,1,138.0,,348.5,,8.8745
nc73679646,CI,MLAC,,HHZ,1,134.0,,3.4,,9.9553
nc73679646,NC,MLC,,EHZ,1,134.0,,321.2,,10.191
nc73679646,NC,MDR,2.0,EHZ,1,132.0,,3.2,,10.817
nc73679646,NC,MGPB,,EHZ,1,132.0,,330.9,,10.8637
nc73679646,NC,MLH,,EHZ,1,121.0,,9.1,,15.5006
nc73679646,NC,MINS,,HHZ,-1,110.0,,303.3,,22.9951
nc73679646,NC,MDPB,,HHZ,-1,110.0,,296.1,,23.2397
nc73679646,NC,MDC,2.0,EHZ,1,108.0,,317.1,,25.7083
nc73679646,NC,MMT,,EHZ,1,101.0,,238.5,,34.9597
nc73679931,NC,MCV,,EHZ,-1,108.0,,17.8,,10.9883
nc73679931,NC,MLC,,EHZ,-1,100.0,,341.9,,13.588
nc73679931,NC,MCO,,EHZ,-1,100.0,,1.6,,13.677
nc73679931,NC,MGPB,,EHZ,-1,99.0,,347.8,,14.8
nc73679931,NC,MCS,,EHZ,1,97.0,,349.2,,17.9802
nc73679931,NC,MLH,,EHZ,-1,94.0,,12.8,,20.8046
nc73679931,NC,MMT,,EHZ,1,82.0,,244.3,,30.6676
nc73680126,NC,MCV,,EHZ,1,149.0,,348.0,,4.3533
nc73680126,NC,MCO,,EHZ,1,128.0,,332.6,,8.4286
nc73680126,NC,MLC,,EHZ,1,120.0,,308.4,,10.8448
nc73680126,NC,MGPB,,EHZ,-1,119.0,,318.2,,11.1061
nc73680126,NC,MLH,,EHZ,-1,111.0,,1.4,,14.0884
nc73680126,NC,MMLB,,HHZ,1,107.0,,310.3,,18.5028
nc73680126,NC,MQ1P,,EHZ,1,106.0,,290.9,,19.1255
nc73680126,NC,MMP,,EHZ,1,105.0,,289.3,,19.6259
nc73680126,NC,MINS,,HHZ,1,100.0,,298.1,,24.196
nc73680126,NC,MDPB,,HHZ,1,100.0,,291.4,,24.6853
nc73680126,NC,MDC,2.0,EHZ,1,99.0,,311.9,,26.3643
nc73680126,NC,MMT,,EHZ,1,93.0,,238.6,,37.406
nc73680156,NC,MCO,,EHZ,-1,124.0,,332.8,,6.1435
nc73680156,CI,MLAC,,HHZ,1,121.0,,356.2,,6.7151
nc73680156,NP,1576,10.0,HNZ,-1,120.0,,90.2,,6.9108
nc73680156,NC,MDR,2.0,EHZ,1,117.0,,356.8,,7.5746
nc73680156,NC,MLC,,EHZ,-1,112.0,,302.4,,8.8
nc73680156,NC,MGPB,,EHZ,-1,111.0,,314.7,,8.9045
nc73680156,NC,MLH,,EHZ,-1,98.0,,6.7,,12.1536
nc73680156,NC,MEM,,EHZ,-1,97.0,,318.2,,14.3664
nc73680156,NC,MMLB,,HHZ,-1,96.0,,307.3,,16.4013
nc73680156,NC,MQ1P,,EHZ,1,96.0,,286.0,,17.4687
nc73680156,NC,MMP,,EHZ,1,96.0,,284.3,,18.0136
nc73680156,NC,MINS,,HHZ,1,86.0,,294.8,,22.3391
nc73680156,NC,MDPB,,HHZ,1,85.0,,287.7,,23.0062
nc73680156,NC,MDC,2.0,EHZ,1,84.0,,310.0,,24.2405
nc73680156,NC,MMT,,EHZ,1,77.0,,235.1,,37.6061
nc73680156,NC,MCS,,EHZ,-1,103.0,,325.2,,11.5198
nc73680156,NC,MCV,,EHZ,1,154.0,,4.2,,2.2472
nc73680201,NC,MCO,,EHZ,-1,163.0,,151.7,,2.1461
nc73680201,NC,MGPB,,EHZ,-1,159.0,,246.2,,2.7376
nc73680201,NC,MDR,2.0,EHZ,-1,154.0,,86.3,,3.4159
nc73680201,CI,MLAC,,HHZ,-1,154.0,,100.8,,3.4548
nc73680201,NC,MLC,,EHZ,1,147.0,,233.5,,4.4723
nc73680201,NC,MCV,,EHZ,-1,136.0,,142.0,,6.4893
nc73680201,NC,MLH,,EHZ,-1,133.0,,47.9,,7.0653
nc73680201,NC,MQ1P,,EHZ,1,111.0,,258.8,,13.21
nc73680201,NC,MMP,,EHZ,1,110.0,,257.9,,13.9216
nc73680201,NC,MINS,,HHZ,-1,108.0,,276.9,,16.568
nc73680201,NC,MDC,2.0,EHZ,-1,107.0,,299.1,,16.8794
nc73680201,NC,MDPB,,HHZ,1,106.0,,268.7,,18.0914
nc73680216,NC,MCS,,EHZ,-1,96.0,,338.6,,15.7563
nc73680216,NC,MLH,,EHZ,-1,95.0,,7.3,,17.4242
nc73680216,NC,MEM,,EHZ,-1,95.0,,331.2,,18.1581
nc73680216,NC,MQ1P,,EHZ,-1,95.0,,302.1,,18.8475
nc73680216,NC,MMLB,,HHZ,1,85.0,,321.1,,19.4702
nc73680216,NC,MDPB,,HHZ,1,84.0,,300.1,,24.3628
nc73680216,NC,MDC,2.0,EHZ,1,81.0,,319.6,,27.3317
nc73680216,NC,MMT,,EHZ,1,77.0,,241.5,,34.1591
nc73680216,CI,MLAC,,HHZ,-1,100.0,,1.8,,11.9201
nc73680216,NC,MCO,,EHZ,-1,104.0,,349.4,,10.8593
nc73680216,NC,MCV,,EHZ,-1,115.0,,7.5,,7.5246
nc73680216,NC,MDR,2.0,EHZ,-1,96.0,,1.8,,12.7874
nc73680216,NC,MGPB,,EHZ,-1,96.0,,334.4,,12.7207
nc73680216,NC,MLC,,EHZ,-1,100.0,,326.4,,11.9201
nc73680481,NC,MDR,2.0,EHZ,-1,146.0,,305.7,,3.8051
nc73680481,NC,MCV,,EHZ,1,144.0,,218.7,,3.9841
nc73680481,NC,MLH,,EHZ,-1,127.0,,349.5,,6.8363
nc73680481,NC,MGPB,,EHZ,1,117.0,,275.7,,9.0546
nc73680481,NC,MCS,,EHZ,-1,113.0,,294.0,,10.1265
nc73680481,NC,MQ1P,,EHZ,1,97.0,,268.4,,19.4814
nc73680481,NC,MDPB,,HHZ,1,90.0,,273.8,,24.6408
nc73680566,NC,MMP,,EHZ,-1,149.0,,287.3,,4.0097
nc73680566,NC,MEM,,EHZ,1,126.0,,28.3,,8.4597
nc73680566,NC,MDPB,,HHZ,1,124.0,,294.1,,9.0857
nc73680566,NC,MCS,,EHZ,1,123.0,,48.4,,9.3715
nc73680566,NC,MDH1,,DP1,1,117.0,,36.9,,11.2196
nc73680566,NC,MDC,2.0,EHZ,-1,110.0,,338.0,,13.2656
nc73680566,CI,MLAC,,HHZ,-1,110.0,,75.2,,13.6325
nc73680566,NC,MCV,,EHZ,1,109.0,,94.1,,13.8326
nc73680566,NC,MLH,,EHZ,1,106.0,,59.4,,17.4354
nc73680566,NC,MMT,,EHZ,1,95.0,,214.7,,30.1338
nc73680566,NC,MCO,,EHZ,1,117.0,,78.3,,11.0328
nc73680566,NC,MDR,2.0,EHZ,1,109.0,,71.7,,13.8882
nc73680566,NC,MGPB,,EHZ,1,129.0,,67.5,,7.877
nc73680566,NC,MLC,,EHZ,1,136.0,,76.7,,6.3548
nc73680566,NC,MMLB,,HHZ,1,134.0,,4.7,,6.6928
nc73680566,NC,MQ1P,,EHZ,-1,153.0,,295.8,,3.526
nc73680611,NC,MQ1P,,EHZ,-1,146.0,,318.5,,4.6479
nc73680611,NC,MMP,,EHZ,-1,145.0,,310.1,,4.8792
nc73680611,NC,MLC,,EHZ,1,133.0,,61.4,,7.1365
nc73680611,NC,MGPB,,EHZ,1,126.0,,56.0,,8.8767
nc73680611,NC,MDPB,,HHZ,1,122.0,,304.6,,9.962
nc73680611,NC,MCO,,EHZ,1,116.0,,69.0,,11.6643
nc73680611,NC,MCV,,EHZ,1,111.0,,86.0,,13.9216
nc73680611,NC,MDR,2.0,EHZ,1,110.0,,64.6,,14.6888
nc73680611,NC,MMT,,EHZ,-1,96.0,,216.8,,28.4993
nc73680876,NC,MCV,,EHZ,1,72.0,,11.2,,11.4531
nc73680876,NC,MCO,,EHZ,-1,72.0,,357.0,,14.4665
nc73680876,NC,MLC,,EHZ,-1,72.0,,338.6,,14.7111
nc73680876,NC,MGPB,,EHZ,-1,72.0,,344.3,,15.823
nc73680876,NC,MDR,2.0,EHZ,1,71.0,,5.6,,16.6348
nc73680916,NC,MCS,,EHZ,-1,162.0,,233.4,,1.4555
nc73680916,NC,MGPB,,EHZ,1,134.0,,192.7,,4.1631
nc73680916,NC,MCO,,EHZ,-1,124.0,,151.8,,5.5053
nc73680916,NC,MDR,2.0,EHZ,-1,123.0,,118.8,,5.701
nc73680916,NC,MLC,,EHZ,1,122.0,,199.6,,5.9612
nc73680916,NC,MMP,,EHZ,-1,95.0,,243.9,,13.3879
nc73681021,NP,1576,10.0,HNZ,1,128.0,,61.8,,7.0031
nc73681021,NC,MEM,,EHZ,-1,101.0,,323.7,,17.4131
nc73681021,NC,MMP,,EHZ,1,98.0,,293.2,,19.7816
nc73681021,NC,MINS,,HHZ,1,92.0,,301.2,,24.5518
nc73681021,NC,MDPB,,HNZ,-1,92.0,,294.5,,24.8854
nc73681021,NC,MRC,,EHZ,1,90.0,,61.7,,31.5905
nc73681021,NC,MMT,,EHZ,1,91.0,,240.1,,36.4386
nc73681021,NC,MFB,,EHZ,1,91.0,,109.4,,36.9278
nc73681021,BK,MMI,0.0,HHZ,1,86.0,,260.9,,82.5622
nc73681021,CI,MLAC,,HHZ,-1,115.0,,353.3,,10.0987
nc73681021,NC,MCO,,EHZ,-1,117.0,,338.0,,9.4805
nc73681021,NC,MCS,,EHZ,-1,104.0,,330.2,,14.7333
nc73681021,NC,MCV,,EHZ,-1,135.0,,354.2,,5.6009
nc73681021,NC,MDR,2.0,EHZ,-1,113.0,,353.9,,10.9549
nc73681021,NC,MGPB,,EHZ,-1,109.0,,323.6,,11.909
nc73681021,NC,MLC,,EHZ,-1,111.0,,314.6,,11.4642
nc73681021,NC,MLH,,EHZ,-1,103.0,,2.5,,15.4116
nc73681021,NC,MMLB,,HHZ,-1,99.0,,314.0,,19.1366
nc73681021,NC,MQ1P,,EHZ,1,99.0,,294.9,,19.3257
nc73681266,NC,MCV,,EHZ,1,99.0,,4.1,,13.7437
nc73681266,NC,MCO,,EHZ,1,97.0,,353.3,,17.0462
nc73681266,NC,MLC,,EHZ,-1,97.0,,337.8,,17.4687
nc73681266,NC,MGPB,,EHZ,-1,96.0,,342.8,,18.5584
nc73681266,NC,MCS,,EHZ,1,93.0,,344.6,,21.6941
nc73681266,NC,MMP,,EHZ,-1,92.0,,313.9,,23.0173
nc73681266,NC,MDPB,,HHZ,-1,83.0,,311.3,,28.01
nc73681266,NC,MINS,,HHZ,-1,83.0,,317.0,,28.4993
nc73681266,NC,MMT,,EHZ,1,81.0,,251.5,,31.6683
nc73681266,NC,MDC,2.0,EHZ,-1,81.0,,326.8,,32.3355
nc73681421,NC,MCV,,EHZ,-1,129.0,,2.9,,9.4316
nc73681421,NP,1576,10.0,HNZ,-1,127.0,,45.2,,10.1632
nc73681421,CI,MLAC,,HHZ,-1,116.0,,359.4,,13.8771
nc73681421,NC,MQ1P,,EHZ,-1,108.0,,306.1,,20.3709
nc73681421,NC,MDH,,HNZ,-1,108.0,,341.4,,20.4599
nc73681421,NC,MDH1,1.0,DP1,1,108.0,,341.4,,20.4599
nc73681421,NC,MMP,,EHZ,-1,108.0,,304.2,,20.7156
nc73681421,NC,MLI,,HHZ,-1,106.0,,312.2,,21.8164
nc73681421,NC,MINS,,HHZ,-1,102.0,,309.7,,25.9307
nc73681421,NC,MTU,2.0,EHZ,-1,100.0,,125.1,,29.3443
nc73681421,NC,MRC,,EHZ,1,97.0,,56.9,,34.4482
nc73681421,NC,MFB,,EHZ,1,96.0,,103.1,,36.8611
nc73681421,CI,CWC,,HHZ,1,84.0,,150.3,,135.9914
nc73681421,BK,MMI,0.0,HHZ,1,88.0,,263.5,,81.0055
nc73681421,NC,MCO,,EHZ,-1,117.0,,348.8,,12.8875
nc73681421,NC,MCS,,EHZ,-1,112.0,,339.4,,17.7689
nc73681421,NC,MDC,2.0,EHZ,-1,100.0,,321.3,,29.1664
nc73681421,NC,MDPB,,HHZ,-1,102.0,,303.3,,25.8306
nc73681421,NC,MDR,2.0,EHZ,-1,115.0,,359.5,,14.7444
nc73681421,NC,MDY,,HHZ,-1,104.0,,317.4,,23.1174
nc73681421,NC,MEM,,EHZ,-1,109.0,,332.6,,20.1374
nc73681421,NC,MGPB,,EHZ,-1,115.0,,335.9,,14.7222
nc73681421,NC,MLC,,EHZ,-1,116.0,,329.1,,13.8549
nc73681421,NC,MLH,,EHZ,-1,110.0,,5.1,,19.3257
nc73681421,NC,MMLB,,HHZ,-1,107.0,,323.4,,21.3272
nc73681421,NC,MMT,,EHZ,1,98.0,,244.9,,33.7365
nc73681426,NC,MCV,,EHZ,-1,140.0,,356.9,,8.4141
nc73681426,NP,1576,10.0,HNZ,1,139.0,,45.6,,8.7877
nc73681426,CI,MLAC,,HHZ,-1,125.0,,355.3,,12.9097
nc73681426,NC,MCS,,EHZ,-1,119.0,,335.3,,17.1907
nc73681426,NC,MLH,,EHZ,-1,118.0,,2.5,,18.2471
nc73681426,NC,MDH,,HNZ,-1,115.0,,337.9,,19.8261
nc73681426,NC,MQ1P,,EHZ,-1,114.0,,302.2,,20.5711
nc73681426,NC,MMP,,EHZ,-1,114.0,,300.5,,20.9602
nc73681426,NC,MINS,,HHZ,1,108.0,,306.7,,26.0307
nc73681426,NC,MDPB,,HHZ,-1,108.0,,300.3,,26.0863
nc73681426,NC,MDC,2.0,EHZ,-1,105.0,,318.6,,28.9885
nc73681426,NC,MTU,2.0,EHZ,-1,105.0,,127.8,,29.1998
nc73681426,NC,MRC,,EHZ,1,103.0,,57.5,,33.1138
nc73681426,NC,MMT,,EHZ,1,101.0,,244.0,,35.0153
nc73681426,NC,MFB,,EHZ,1,101.0,,105.1,,36.2051
nc73681426,BK,MMI,0.0,HHZ,1,90.0,,262.9,,82.0507
nc73681426,NC,MCO,,EHZ,-1,126.0,,343.6,,12.1202
nc73681426,NC,MDR,2.0,EHZ,-1,124.0,,355.6,,13.7659
nc73681426,NC,MEM,,EHZ,-1,116.0,,328.9,,19.7037
nc73681426,NC,MGPB,,EHZ,-1,123.0,,330.8,,14.233
nc73681426,NC,MLC,,EHZ,-1,124.0,,323.5,,13.5213
nc73681426,NC,MMLB,,HHZ,-1,113.0,,319.7,,21.1159
nc73681471,CI,MLAC,,HHZ,-1,175.0,,75.1,,0.8024
nc73681471,NC,MDR,2.0,EHZ,-1,171.0,,36.4,,1.3288
nc73681471,NC,MCV,,EHZ,-1,153.0,,162.0,,4.4734
nc73681471,NC,MGPB,,EHZ,-1,150.0,,267.2,,5.1316
nc73681471,NC,MCS,,EHZ,-1,145.0,,298.8,,6.1324
nc73681471,NC,MLH,,EHZ,1,145.0,,25.2,,6.1658
nc73681471,NC,MLC,,EHZ,-1,143.0,,253.8,,6.476
nc73681471,NC,MDH1,,DP1,1,137.0,,315.4,,8.0294
nc73681471,NC,MQ1P,,EHZ,-1,116.0,,263.7,,15.6785
nc73681471,NC,MMP,,EHZ,-1,116.0,,262.8,,16.3679
nc73681471,NC,MDPB,,HHZ,1,110.0,,271.3,,20.7045
nc73681516,NC,MCV,,EHZ,1,117.0,,320.9,,21.0603
nc73681516,NC,MLC,,EHZ,1,109.0,,312.0,,28.1101
nc73681516,NC,MGPB,,EHZ,-1,109.0,,315.8,,28.3992
nc73681516,NC,MCO,,EHZ,1,111.0,,320.3,,25.4414
nc73681516,NC,MDR,2.0,EHZ,1,111.0,,327.4,,25.7194
nc73681516,NC,MTU,2.0,EHZ,-1,127.0,,134.5,,14.2663
nc73681516,NC,MMP,,EHZ,-1,103.0,,301.0,,36.0716
nc73681516,NC,MDC,2.0,EHZ,-1,100.0,,312.9,,43.6662
nc73681516,BK,HELL,0.0,HHZ,-1,90.0,,199.9,,90.0679
nc73681651,NC,MCV,,EHZ,1,114.0,,359.0,,11.3975
nc73681651,NC,MLC,,EHZ,-1,105.0,,330.7,,15.9009
nc73681651,NC,MDR,2.0,EHZ,1,104.0,,357.3,,16.7348
nc73681651,NC,MGPB,,EHZ,-1,104.0,,336.5,,16.8016
nc73681671,NC,MGPB,,EHZ,1,93.0,,334.7,,16.8238
nc73681671,NC,MCO,,EHZ,-1,92.0,,345.8,,14.8779
nc73681671,NC,MLC,,EHZ,1,93.0,,328.8,,15.9787
nc73681671,NP,1576,10.0,HNZ,1,100.0,,34.0,,10.7881
nc73681671,NC,MCV,,EHZ,1,98.0,,356.5,,11.2196
nc73681671,NC,MDPB,,HHZ,1,79.0,,305.1,,27.7876
nc73681776,NC,MCV,,EHZ,-1,107.0,,15.5,,9.029
nc73681776,NC,MCO,,EHZ,-1,98.0,,357.3,,11.9312
nc73681776,NC,MLC,,EHZ,-1,94.0,,335.1,,12.2982
nc73681776,CI,MLAC,,HHZ,1,94.0,,7.8,,13.2767
nc73681776,NC,MGPB,,EHZ,-1,94.0,,342.2,,13.3434
nc73681776,NC,MDR,2.0,EHZ,-1,94.0,,7.4,,14.1329
nc73681776,NC,MLH,,EHZ,1,85.0,,11.1,,18.8809
nc73681941,NC,MCV,,EHZ,-1,105.0,,13.3,,11.4308
nc73681941,NC,MCO,,EHZ,-1,98.0,,358.6,,14.3441
nc73681941,NC,MLC,,EHZ,-1,98.0,,340.0,,14.4553
nc73681941,CI,MLAC,,HHZ,-1,98.0,,7.4,,15.7118
nc73681941,NC,MDR,2.0,EHZ,-1,97.0,,7.0,,16.568
nc73681941,NC,MMP,,EHZ,1,95.0,,311.8,,20.0484
nc73681941,NC,MTU,2.0,EHZ,1,81.0,,120.1,,30.2561
nc73681941,NC,MMT,,EHZ,1,81.0,,246.0,,31.0679
nc73681951,NC,MCV,,EHZ,-1,110.0,,11.0,,10.7092
nc73681951,NC,MCO,,EHZ,-1,101.0,,356.1,,13.7548
nc73681951,NC,MLC,,EHZ,-1,101.0,,336.9,,14.1106
nc73681951,NC,MDR,2.0,EHZ,-1,100.0,,5.2,,15.9009
nc73681951,NC,MCS,,EHZ,-1,97.0,,345.2,,18.3249
nc73681951,NC,MLH,,EHZ,-1,95.0,,9.2,,20.6044
nc73681951,NC,MDH,,HNZ,1,94.0,,346.4,,21.0714
nc73681951,NC,MDPB,,HHZ,1,91.0,,307.3,,25.1634
nc73681951,NC,MDC,2.0,EHZ,-1,93.0,,325.0,,29.0886
nc73681951,NC,MMT,,EHZ,1,84.0,,245.4,,31.8462
nc73682021,NC,MCV,,EHZ,-1,100.0,,348.5,,14.1662
nc73682021,NC,MCO,,EHZ,-1,97.0,,341.3,,18.0581
nc73682021,NC,MLC,,EHZ,1,96.0,,327.5,,19.3924
nc73682021,NC,MDR,2.0,EHZ,-1,96.0,,349.9,,19.5036
nc73682021,NC,MLH,,EHZ,-1,92.0,,356.2,,23.7624
nc73682021,NC,MTU,2.0,EHZ,1,92.0,,121.0,,24.1293
nc73682021,NC,MQ1P,,EHZ,1,94.0,,309.8,,25.7305
nc73682021,NC,MMP,,EHZ,-1,94.0,,308.3,,26.0307
nc73682021,NC,MDC,2.0,EHZ,1,81.0,,321.7,,34.7262
nc73682021,NC,MMT,,EHZ,1,81.0,,253.8,,35.2822
nc73682021,NC,MMI,,EHZ,1,80.0,,266.8,,83.9522
nc73682021,NC,MHD,,EHZ,1,79.0,,248.6,,104.7456
nc73682021,NC,MPR,,EHZ,1,79.0,,289.8,,113.8636
nc73682021,BK,BUCR,0.0,HHZ,-1,79.0,,281.4,,121.7584
nc73682021,BK,LEGD,0.0,HHZ,1,79.0,,257.3,,122.9816
nc73682031,NC,MCD,,EHZ,-1,157.0,,45.4,,3.4437
nc73682031,NP,1679,10.0,HNZ,1,129.0,,88.8,,9.1702
nc73682031,NC,MFB,,EHZ,-1,122.0,,160.9,,11.3975
nc73682031,NC,MRC,,EHZ,1,112.0,,349.1,,16.6681
nc73682031,NC,MTU,2.0,EHZ,1,107.0,,202.9,,20.8824
nc73682031,NP,1587,10.0,HNZ,1,105.0,,72.8,,21.6497
nc73682031,NP,1589,10.0,HNZ,1,104.0,,145.6,,22.3057
nc73682031,NC,MCV,,EHZ,1,98.0,,282.8,,32.4133
nc73682031,NC,MDR,2.0,EHZ,1,97.0,,291.2,,34.5149
nc73682031,NC,MLH,,EHZ,1,96.0,,299.3,,34.7484
nc73682031,NC,MCO,,EHZ,1,96.0,,286.7,,36.105
nc73682031,NC,MGPB,,EHZ,1,95.0,,286.4,,39.7188
nc73682031,NC,MLC,,EHZ,1,95.0,,283.8,,40.3749
nc73682031,NC,MCS,,EHZ,1,94.0,,290.6,,40.9531
nc73682031,NC,MDC,2.0,EHZ,1,92.0,,292.3,,54.341
nc73682031,NC,MMT,,EHZ,1,91.0,,255.3,,64.8711
nc73682031,NC,MPR,,EHZ,1,84.0,,283.3,,139.5496
nc73682031,NN,LHV,,HHZ,1,88.0,,357.9,,80.5274
nc73682031,BK,HELL,0.0,HHZ,1,86.0,,207.6,,105.9576
nc73682031,BK,TOLH,0.0,HHZ,1,86.0,,233.6,,107.3031
nc73682031,BK,MMI,0.0,HHZ,1,86.0,,264.4,,113.1964
nc73682031,NC,MMI,,EHZ,1,86.0,,264.4,,113.1964
nc73682031,CI,MLAC,,HHZ,1,97.0,,289.9,,34.2369
nc73682151,NC,MLC,,EHZ,-1,95.0,,333.4,,20.1263
nc73682151,NC,MCS,,EHZ,-1,85.0,,340.2,,24.1627
nc73682151,NC,MTU,2.0,EHZ,1,85.0,,116.0,,24.5852
nc73682151,NC,MLH,,EHZ,-1,84.0,,359.6,,25.3524
nc73682151,NC,MQ1P,,EHZ,1,84.0,,314.6,,25.7972
nc73682151,NC,MEM,,EHZ,-1,83.0,,335.0,,26.4533
nc73682151,NC,MDH,,HNZ,1,83.0,,341.7,,26.8536
nc73682151,NC,MDH1,1.0,DP1,1,83.0,,341.7,,26.8536
nc73682151,NC,MDY,,HHZ,1,82.0,,322.8,,29.033
nc73682151,NC,MDPB,,HHZ,1,81.0,,310.8,,31.0456
nc73682151,NC,MMT,,EHZ,1,80.0,,255.8,,33.503
nc73682151,NC,MDC,2.0,EHZ,-1,79.0,,325.1,,35.2043
nc73682151,NC,MRC,,EHZ,1,79.0,,47.2,,36.6832
nc73682151,BK,TOLH,0.0,HHZ,-1,78.0,,225.2,,78.7594
nc73682151,BK,MMI,0.0,HHZ,1,78.0,,267.9,,82.4733
nc73682151,NC,MMI,,EHZ,1,78.0,,267.9,,82.4733
nc73682151,BK,HELL,0.0,HHZ,-1,78.0,,192.3,,87.4882
nc73682151,NC,MPR,,EHZ,1,78.0,,290.8,,113.0852
nc73682151,BK,BUCR,0.0,HHZ,-1,78.0,,282.3,,120.6465
nc73682151,CI,MLAC,,HHZ,-1,95.0,,354.2,,20.0929
nc73682151,NC,MCO,,EHZ,-1,96.0,,346.8,,19.259
nc73682151,NC,MCV,,EHZ,-1,98.0,,354.7,,15.5895
nc73682151,NC,MDR,2.0,EHZ,-1,94.0,,354.5,,20.9491
nc73682151,NC,MGPB,,EHZ,-1,94.0,,337.9,,21.0826
nc73682186,NC,MCV,,EHZ,1,164.0,,359.8,,2.8711
nc73682186,NC,MDR,2.0,EHZ,1,139.0,,355.8,,8.214
nc73682186,NC,MLC,,EHZ,-1,135.0,,305.1,,9.2959
nc73682186,NC,MGPB,,EHZ,-1,135.0,,316.6,,9.4771
nc73682186,NC,MLH,,EHZ,1,123.0,,5.5,,12.7541
nc73682206,NC,MLC,,EHZ,-1,154.0,,182.2,,2.9867
nc73682206,NC,MDH1,,DP1,1,142.0,,5.7,,4.5468
nc73682206,NC,MCO,,EHZ,-1,139.0,,116.3,,5.0238
nc73682206,NC,MLH,,EHZ,-1,116.0,,63.2,,9.7807
nc73682281,NC,MCV,,EHZ,-1,127.0,,5.1,,9.5327
nc73682281,NC,MCO,,EHZ,-1,116.0,,350.5,,12.8875
nc73682281,NC,MLC,,EHZ,-1,115.0,,330.6,,13.7215
nc73682281,NC,MDR,2.0,EHZ,-1,114.0,,1.0,,14.8112
nc73682281,NC,MCS,,EHZ,-1,110.0,,340.6,,17.7134
nc73682281,NC,MLH,,EHZ,-1,108.0,,6.2,,19.4369
nc73682281,NC,MQ1P,,EHZ,-1,107.0,,306.9,,20.1152
nc73682281,NC,MDPB,,HHZ,-1,101.0,,303.9,,25.5526
nc73682281,NC,MDC,2.0,EHZ,-1,99.0,,322.0,,28.9885
nc73682281,NC,MTU,2.0,EHZ,-1,98.0,,124.6,,29.6223
nc73682281,NC,MMT,,EHZ,1,97.0,,244.7,,33.3585
nc73682291,NC,MCO,,EHZ,-1,153.0,,112.0,,2.7321
nc73682291,NC,MLC,,EHZ,1,153.0,,229.4,,2.7432
nc73682291,NC,MCS,,EHZ,-1,149.0,,337.3,,3.2146
nc73682291,NC,MDH1,,DP1,-1,129.0,,345.3,,5.9234
nc73682291,NC,MCV,,EHZ,-1,124.0,,127.6,,6.9597
nc73682296,CI,MLAC,,HHZ,-1,168.0,,169.9,,1.5578
nc73682296,NC,MCO,,EHZ,1,155.0,,217.0,,3.4804
nc73682296,NC,MCV,,EHZ,-1,140.0,,171.6,,6.0568
nc73682296,NC,MDH1,1.0,DP1,1,134.0,,303.0,,7.3166
nc73682296,NC,MLC,,EHZ,1,133.0,,242.1,,7.5957
nc73682296,NC,MMLB,,HHZ,1,114.0,,277.8,,12.465
nc73682296,NC,MQ1P,,EHZ,1,110.0,,257.8,,16.4457
nc73682296,NC,MMP,,EHZ,1,109.0,,257.2,,17.1574
nc73682296,NC,MINS,,HHZ,1,106.0,,273.3,,19.6037
nc73682296,NC,MDPB,,HHZ,1,104.0,,266.5,,21.2382
nc73682296,NC,MTU,2.0,EHZ,1,93.0,,142.9,,40.4638
nc73682296,NC,MMT,,EHZ,1,92.0,,225.3,,42.3208
nc73682296,NC,MCS,,EHZ,1,140.0,,281.7,,6.0001
nc73682296,NC,MEM,,EHZ,1,126.0,,285.5,,9.2103
nc73682296,NC,MLH,,EHZ,-1,149.0,,29.0,,4.39
nc73682301,NC,MLH,,EHZ,-1,151.0,,28.3,,4.3388
nc73682301,NC,MCV,,EHZ,-1,141.0,,172.3,,6.0646
nc73682301,NP,1576,10.0,HNZ,-1,121.0,,137.7,,11.2084
nc73682301,NC,MMLB,,HHZ,1,115.0,,277.7,,12.5317
nc73682301,NC,MQ1P,,EHZ,1,111.0,,257.8,,16.5236
nc73682301,NC,MMP,,EHZ,1,110.0,,257.2,,17.2352
nc73682301,NC,MINS,,HHZ,1,107.0,,273.2,,19.6704
nc73682301,NC,MDPB,,HHZ,1,105.0,,266.5,,21.3161
nc73682301,NC,MMT,,EHZ,1,93.0,,225.4,,42.3875
nc73682301,NC,MCO,,EHZ,1,155.0,,217.8,,3.5404
nc73682301,NC,MCS,,EHZ,1,141.0,,281.4,,6.069
nc73682301,NC,MDR,2.0,EHZ,-1,174.0,,162.6,,0.7224
nc73682301,NC,MEM,,EHZ,-1,128.0,,285.3,,9.2759
nc73682301,NC,MGPB,,EHZ,1,141.0,,250.5,,6.0412
nc73682301,NC,MLC,,EHZ,1,134.0,,242.3,,7.6691
nc73682321,NC,MQ1P,,EHZ,1,102.0,,298.9,,45.3786
nc73682321,NC,MMP,,EHZ,1,102.0,,298.1,,45.8012
nc73682321,NC,MDPB,,HHZ,1,100.0,,298.3,,50.9162
nc73682321,NC,MDC,2.0,EHZ,1,99.0,,308.3,,52.8065
nc73682321,NC,MMT,,EHZ,1,99.0,,265.4,,54.1075
nc73682321,NC,MTU,2.0,EHZ,-1,152.0,,174.6,,7.0987
nc73682321,NC,MFB,,EHZ,1,134.0,,83.6,,12.6429
nc73682321,NC,MCD,,EHZ,1,125.0,,37.6,,18.425
nc73682321,NC,MCV,,EHZ,1,111.0,,310.3,,29.8558
nc73682321,CI,MLAC,,HHZ,1,108.0,,315.5,,33.3251
nc73682321,NC,MDR,2.0,EHZ,1,108.0,,316.5,,33.9367
nc73682321,NC,MCO,,EHZ,1,108.0,,311.2,,34.2147
nc73682321,NC,MLC,,EHZ,1,106.0,,305.7,,37.3837
nc73682321,NC,MGPB,,EHZ,1,106.0,,308.6,,37.4393
nc73682321,NC,MCS,,EHZ,1,104.0,,312.0,,39.6855
nc73682321,NP,1589,10.0,HNZ,-1,119.0,,106.2,,22.3502
nc73682321,NC,MRC,,EHZ,-1,111.0,,11.1,,29.0664
nc73682321,BK,OVRO,0.0,HHZ,1,109.0,,129.0,,32.8359
nc73682321,NP,1587,10.0,HNZ,1,107.0,,57.7,,34.8485
nc73682321,NC,MEM,,EHZ,1,103.0,,310.5,,42.7656
nc73682321,BK,TOLH,0.0,HHZ,1,91.0,,236.3,,93.1035
nc73682321,BK,MMI,0.0,HHZ,1,91.0,,270.5,,103.8449
nc73682321,NC,MMI,,EHZ,1,91.0,,270.5,,103.8449
nc73682326,NC,MCV,,EHZ,1,146.0,,239.8,,5.2339
nc73682326,NC,MCO,,EHZ,-1,135.0,,274.5,,7.539
nc73682326,NC,MLH,,EHZ,-1,133.0,,335.6,,7.9126
nc73682326,NC,MGPB,,EHZ,1,122.0,,277.2,,11.1306
nc73682326,NC,MLC,,EHZ,-1,116.0,,269.2,,12.1425
nc73682326,NC,MCS,,EHZ,-1,116.0,,292.2,,12.187
nc73682326,NC,MDH1,,DP1,-1,115.0,,302.5,,13.6881
nc73682326,NC,MQ1P,,EHZ,1,105.0,,269.8,,21.5051
nc73682326,NC,MMP,,EHZ,1,104.0,,268.9,,22.1611
nc73682326,NC,MDC,2.0,EHZ,-1,101.0,,294.8,,25.6193
nc73682326,NC,MMT,,EHZ,1,93.0,,233.4,,44.2556
nc73682571,NP,1576,10.0,HNZ,1,116.0,,45.4,,11.8979
nc73682571,CI,MLAC,,HHZ,1,110.0,,4.3,,15.1003
nc73682571,NC,MCS,,EHZ,-1,106.0,,344.3,,18.5028
nc73682571,NC,MMP,,EHZ,1,104.0,,309.0,,20.4043
nc73682571,NC,MLH,,EHZ,-1,103.0,,8.3,,20.6489
nc73682571,NC,MEM,,EHZ,-1,103.0,,337.2,,20.6711
nc73682571,NC,MDH,,HNZ,-1,102.0,,345.6,,21.2382
nc73682571,NC,MDH1,1.0,DP1,1,102.0,,345.6,,21.2382
nc73682571,NC,MMLB,,HHZ,-1,102.0,,327.9,,21.5941
nc73682571,NC,MDY,,HHZ,-1,100.0,,321.7,,23.1841
nc73682571,NC,MDPB,,HHZ,1,99.0,,307.1,,25.4748
nc73682571,NC,MINS,,HHZ,1,98.0,,313.5,,25.7639
nc73682571,NC,MDC,2.0,EHZ,-1,96.0,,324.7,,29.3443
nc73682571,NC,MTU,2.0,EHZ,-1,96.0,,121.8,,29.7558
nc73682571,NC,MFB,,EHZ,1,93.0,,100.9,,37.8508
nc73682571,BK,TOLH,0.0,HHZ,1,87.0,,221.1,,80.1604
nc73682571,BK,HELL,0.0,HHZ,-1,87.0,,189.7,,91.7025
nc73682571,NC,MHD,,EHZ,1,86.0,,245.9,,101.7767
nc73682571,NC,MPR,,EHZ,1,86.0,,288.9,,108.4373
nc73682571,BK,BUCR,0.0,HHZ,-1,85.0,,280.2,,116.6435
nc73682571,BK,LEGD,0.0,HHZ,1,85.0,,255.2,,119.3122
nc73682571,CI,CWC,,HHZ,1,84.0,,149.6,,135.5466
nc73682571,BK,MERC,0.0,HHZ,1,83.0,,265.8,,142.9967
nc73682571,BK,MMI,0.0,HHZ,1,87.0,,264.3,,79.6267
nc73682571,NC,MCD,,EHZ,1,93.0,,80.4,,36.3385
nc73682571,NC,MCO,,EHZ,-1,111.0,,354.9,,13.8771
nc73682571,NC,MCV,,EHZ,1,120.0,,9.3,,10.7459
nc73682571,NC,MGPB,,EHZ,-1,109.0,,342.0,,15.3671
nc73682571,NC,MLC,,EHZ,-1,110.0,,335.9,,14.3108
nc73682571,NC,MMI,,EHZ,1,87.0,,264.3,,79.6267
nc73682571,NC,MMT,,EHZ,1,95.0,,245.8,,32.0909
nc73682571,NC,MRC,,EHZ,1,93.0,,56.4,,36.1606
nc73682576,NC,MCV,,EHZ,1,123.0,,36.2,,12.8208
nc73682576,NC,MMT,,EHZ,1,106.0,,240.2,,26.9981
nc73682581,NC,MCO,,EHZ,-1,170.0,,179.5,,0.4449
nc73682581,CI,MLAC,,HHZ,1,139.0,,71.4,,2.5097
nc73682581,NC,MGPB,,EHZ,1,126.0,,275.6,,3.5382
nc73682581,NC,MCV,,EHZ,-1,116.0,,140.8,,4.728
nc73682581,NC,MLC,,EHZ,1,115.0,,255.3,,4.7725
nc73682581,NC,MCS,,EHZ,1,112.0,,313.3,,5.1739
nc73682581,NC,MDH1,,DP1,1,101.0,,327.4,,7.4856
nc73682586,NC,MCV,,EHZ,-1,131.0,,32.1,,11.9646
nc73682586,NC,MLC,,EHZ,-1,127.0,,354.4,,12.6317
nc73682586,NC,MCO,,EHZ,-1,126.0,,14.2,,13.7659
nc73682586,NC,MGPB,,EHZ,-1,126.0,,359.4,,14.1218
nc73682586,NC,MMP,,EHZ,-1,122.0,,317.7,,16.6792
nc73682586,NC,MDPB,,HHZ,1,114.0,,313.5,,21.6052
nc73682586,NC,MINS,,HHZ,1,113.0,,320.8,,22.239
nc73682586,NC,MMT,,EHZ,1,108.0,,241.0,,28.1546
nc73682586,NC,MTU,2.0,EHZ,1,104.0,,118.4,,34.0145
nc73682586,CI,MLAC,,HHZ,-1,123.0,,21.5,,15.6785
nc73682586,BK,MMI,0.0,HHZ,1,92.0,,263.5,,75.0566
nc73682596,NC,MCV,,EHZ,1,106.0,,354.7,,12.6985
nc73682596,NC,MLC,,EHZ,-1,102.0,,329.9,,17.4687
nc73682596,NC,MDR,2.0,EHZ,-1,101.0,,354.4,,18.0469
nc73682596,NC,MGPB,,EHZ,-1,101.0,,335.3,,18.336
nc73682596,NC,MCS,,EHZ,1,97.0,,338.2,,21.3717
nc73682596,NC,MLH,,EHZ,1,94.0,,0.2,,22.4614
nc73682596,NC,MEM,,EHZ,-1,94.0,,332.7,,23.7624
nc73682596,NC,MMP,,EHZ,1,94.0,,308.4,,23.9625
nc73682596,NC,MDH,,HNZ,1,94.0,,340.1,,24.0515
nc73682596,NC,MDY,,HHZ,1,92.0,,319.5,,26.6312
nc73682596,NC,MDPB,,HHZ,1,90.0,,306.8,,29.0441
nc73682596,NC,MINS,,HHZ,1,90.0,,312.5,,29.2999
nc73682596,NC,MDC,2.0,EHZ,1,90.0,,322.6,,32.7247
nc73682596,NC,MMT,,EHZ,1,91.0,,251.0,,34.0812
nc73682596,NC,MFB,,EHZ,1,91.0,,98.6,,34.615
nc73682596,NC,MRC,,EHZ,1,91.0,,51.0,,34.993
nc73682611,NC,MINS,,HHZ,-1,127.0,,326.8,,2.6931
nc73682611,NC,MMP,,EHZ,-1,124.0,,152.8,,2.9734
nc73682611,NC,MQ1P,,EHZ,-1,123.0,,138.8,,3.0601
nc73682611,NC,MDPB,,HHZ,-1,122.0,,267.5,,3.109
nc73682611,NC,MDY,,HHZ,1,111.0,,45.9,,3.9252
nc73682611,NC,MDC,2.0,EHZ,-1,91.0,,1.4,,8.4597
nc73682611,NC,MLC,,EHZ,1,86.0,,101.8,,11.6199
nc73682616,NC,MINS,,HHZ,1,113.0,,20.3,,2.3017
nc73682616,NC,MDY,,HHZ,1,111.0,,62.6,,5.7443
nc73682616,NC,MLC,,EHZ,1,41.0,,100.2,,13.8771
nc73682616,NC,MGPB,,EHZ,1,41.0,,93.5,,14.7778
nc73682616,NC,MCO,,EHZ,1,40.0,,95.3,,18.3583
nc73682616,NC,MDPB,,HHZ,1,146.0,,254.4,,0.857
nc73682616,NC,MMP,,EHZ,1,98.0,,127.0,,4.5568
nc73682616,NC,MDC,2.0,EHZ,1,41.0,,16.5,,8.7255
nc73682616,NC,MQ1P,,EHZ,1,96.0,,119.2,,4.9193
nc73682621,NC,MLC,,EHZ,-1,130.0,,359.3,,12.2092
nc73682621,NC,MCV,,EHZ,-1,130.0,,37.3,,12.287
nc73682621,NC,MGPB,,EHZ,-1,128.0,,3.9,,13.7882
nc73682621,NC,MQ1P,,EHZ,-1,126.0,,322.4,,15.5339
nc73682621,NC,MMP,,EHZ,-1,126.0,,319.7,,15.6785
nc73682621,NC,MDR,2.0,EHZ,1,124.0,,24.4,,16.568
nc73682621,NC,MDPB,,HHZ,-1,118.0,,314.8,,20.5599
nc73682621,NC,MINS,,HHZ,-1,117.0,,322.5,,21.2716
nc73682621,NC,MMT,,EHZ,1,110.0,,239.2,,27.3873
nc73682776,NC,MCV,,EHZ,-1,84.0,,20.1,,16.6681
nc73682776,NC,MCO,,EHZ,-1,82.0,,8.3,,19.0588
nc73682776,NC,MGPB,,EHZ,-1,82.0,,357.8,,19.6481
nc73682776,NC,MQ1P,,EHZ,-1,81.0,,328.4,,21.3494
nc73682776,NC,MMP,,EHZ,-1,81.0,,326.5,,21.4161
nc73682776,NC,MDR,2.0,EHZ,1,81.0,,13.8,,21.5829
nc73682776,NC,MDPB,,HHZ,-1,77.0,,321.4,,26.0863
nc73682846,CI,MLAC,,HHZ,-1,147.0,,289.1,,3.6939
nc73682846,NC,MCV,,EHZ,1,143.0,,221.4,,4.3444
nc73682846,NC,MCO,,EHZ,-1,133.0,,269.6,,5.8678
nc73682846,NC,MLH,,EHZ,-1,128.0,,346.1,,6.7729
nc73682846,NC,MCS,,EHZ,-1,113.0,,292.4,,10.4212
nc73682846,NC,MLC,,EHZ,-1,113.0,,265.6,,10.519
nc73682846,NC,MQ1P,,EHZ,1,97.0,,268.0,,19.8594
nc73682846,NC,MMP,,EHZ,-1,96.0,,267.1,,20.5266
nc73682846,NC,MDC,2.0,EHZ,-1,90.0,,295.0,,23.8624
nc73682851,NC,MCV,,EHZ,-1,152.0,,270.1,,4.2198
nc73682851,NC,MDR,2.0,EHZ,-1,137.0,,318.0,,7.1787
nc73682851,NC,MCO,,EHZ,-1,134.0,,294.2,,7.8937
nc73682851,NC,MLH,,EHZ,1,126.0,,343.3,,10.2677
nc73682851,NC,MGPB,,EHZ,1,122.0,,290.6,,11.4531
nc73682851,NC,MLC,,EHZ,-1,117.0,,281.8,,12.0869
nc73682851,NC,MMP,,EHZ,1,105.0,,275.8,,21.961
nc73682851,NC,MDC,2.0,EHZ,-1,101.0,,300.2,,26.5533
nc73682851,NC,MTU,2.0,EHZ,1,98.0,,143.8,,32.6135
nc73682856,NC,MCV,,EHZ,1,147.0,,242.8,,4.7058
nc73682856,NC,MLC,,EHZ,-1,117.0,,271.5,,11.7978
nc73682856,NC,MCS,,EHZ,-1,113.0,,294.9,,12.0646
nc73682856,NC,MDH1,1.0,DP1,1,112.0,,305.0,,13.677
nc73682856,NC,MEM,,EHZ,-1,110.0,,294.4,,15.3115
nc73682856,NC,MMLB,,HHZ,-1,107.0,,287.7,,18.2804
nc73682856,NC,MQ1P,,EHZ,1,103.0,,271.1,,21.1604
nc73682856,NC,MMP,,EHZ,-1,102.0,,270.2,,21.8164
nc73682856,NC,MINS,,HHZ,1,99.0,,281.4,,25.1412
nc73682856,NC,MRC,,EHZ,1,99.0,,73.4,,25.2746
nc73682856,NC,MDC,2.0,EHZ,-1,99.0,,296.1,,25.5192
nc73682856,NC,MDPB,,HHZ,1,99.0,,275.6,,26.4088
nc73682856,NC,MTU,2.0,EHZ,-1,94.0,,145.9,,34.3815
nc73682856,NC,MMT,,EHZ,1,91.0,,233.7,,43.6996
nc73682856,CI,MLAC,,HHZ,-1,143.0,,295.9,,5.3307
nc73682856,NC,MCO,,EHZ,-1,133.0,,278.6,,7.2577
nc73682856,NC,MDR,2.0,EHZ,-1,141.0,,303.7,,5.7454
nc73682856,NC,MGPB,,EHZ,1,120.0,,279.9,,10.8637
nc73682856,NC,MLH,,EHZ,-1,129.0,,339.2,,8.2262
nc73682956,NC,MFB,,EHZ,-1,135.0,,76.5,,9.0502
nc73682956,NC,MCV,,EHZ,-1,100.0,,307.1,,33.2473
nc73682956,NC,MCO,,EHZ,-1,98.0,,308.3,,37.5728
nc73682956,NC,MGPB,,EHZ,-1,97.0,,306.1,,40.8641
nc73682956,NC,MLC,,EHZ,1,97.0,,303.4,,40.8975
nc73682956,NP,1589,10.0,HNZ,-1,114.0,,107.3,,18.5362
nc73682956,NP,1679,10.0,HNZ,-1,113.0,,47.3,,19.3146
nc73682956,NC,MRC,,EHZ,-1,102.0,,3.7,,29.2999
nc73682956,NC,MLH,,EHZ,-1,97.0,,319.8,,39.0961
nc73683016,NC,MGPB,,EHZ,-1,168.0,,258.0,,0.8471
nc73683016,NC,MLC,,EHZ,1,147.0,,228.0,,2.5853
nc73683016,NC,MCO,,EHZ,-1,144.0,,109.7,,2.8633
nc73683016,NC,MCS,,EHZ,-1,141.0,,340.4,,3.208
nc73683016,NC,MDR,2.0,EHZ,1,123.0,,77.3,,5.2139
nc73683016,NC,MEM,,EHZ,-1,120.0,,316.3,,5.9011
nc73683016,NC,MDH1,1.0,DP1,1,119.0,,346.9,,5.9378
nc73683016,NC,MCV,,EHZ,-1,113.0,,126.4,,7.0564
nc73683016,NC,MLH,,EHZ,1,106.0,,50.7,,8.9412
nc73683016,NC,MQ1P,,EHZ,1,99.0,,261.7,,11.4086
nc73683016,NC,MMP,,EHZ,1,93.0,,260.5,,12.098
nc73683016,NC,MDPB,,HHZ,1,94.0,,271.8,,16.4124
nc73683036,NC,MCV,,EHZ,1,113.0,,358.7,,12.4538
nc73683036,NC,MCO,,EHZ,-1,109.0,,348.3,,16.0009
nc73683036,NC,MLC,,EHZ,-1,108.0,,332.2,,16.8683
nc73683036,CI,MLAC,,HHZ,1,108.0,,357.0,,16.935
nc73683036,NC,MGPB,,EHZ,-1,107.0,,337.7,,17.8023
nc73683036,NC,MDR,2.0,EHZ,-1,107.0,,357.2,,17.7912
nc73683036,NC,MCS,,EHZ,1,103.0,,340.4,,20.8824
nc73683036,NC,MLH,,EHZ,-1,101.0,,2.5,,22.3057
nc73683036,NC,MQ1P,,EHZ,-1,101.0,,311.1,,22.8506
nc73683036,NC,MMP,,EHZ,1,100.0,,309.4,,23.1397
nc73683036,NC,MDPB,,HHZ,1,97.0,,307.6,,28.199
nc73683036,NC,MDC,2.0,EHZ,-1,95.0,,323.6,,32.0241
nc73683036,NC,MMT,,EHZ,1,95.0,,250.2,,33.2806
nc73683036,NC,MFB,,EHZ,1,94.0,,98.6,,35.549
nc73683066,NC,MCV,,EHZ,1,99.0,,8.8,,11.7644
nc73683066,NC,MLC,,EHZ,-1,94.0,,337.7,,15.2226
nc73683066,NC,MGPB,,EHZ,-1,94.0,,343.3,,16.3234
nc73683066,NC,MDR,2.0,EHZ,-1,94.0,,4.0,,16.9795
nc73683066,NC,MLH,,EHZ,1,85.0,,8.1,,21.6608
nc73683101,NC,MLC,,EHZ,-1,94.0,,337.2,,13.866
nc73683101,CI,MLAC,,HHZ,-1,94.0,,6.2,,14.8668
nc73683101,NC,MDR,2.0,EHZ,-1,94.0,,5.9,,15.7341
nc73683101,NC,MCS,,EHZ,1,85.0,,345.5,,18.1025
nc73683101,NC,MQ1P,,EHZ,1,85.0,,311.2,,19.5703
nc73683101,NC,MMP,,EHZ,1,85.0,,309.2,,19.8483
nc73683101,NC,MEM,,EHZ,-1,85.0,,338.2,,20.2264
nc73683101,NC,MLH,,EHZ,-1,85.0,,9.7,,20.4487
nc73683101,NC,MMLB,,HHZ,1,84.0,,328.7,,21.0937
nc73683101,NC,MDPB,,HHZ,1,82.0,,307.2,,24.9188
nc73683101,NC,MINS,,HHZ,1,82.0,,313.8,,25.219
nc73683101,NC,MDC,2.0,EHZ,1,79.0,,325.1,,28.844
nc73683101,NC,MMT,,EHZ,1,77.0,,245.0,,31.7684
nc73683101,NC,MRC,,EHZ,1,74.0,,57.2,,36.4163
nc73683101,NC,MCO,,EHZ,-1,94.0,,356.8,,13.5658
nc73683101,NC,MCV,,EHZ,-1,102.0,,12.1,,10.5635
nc73683101,NC,MGPB,,EHZ,-1,94.0,,343.4,,14.9557
nc73683116,NC,MDY,,HHZ,1,144.0,,307.6,,4.1131
nc73683116,NC,MQ1P,,EHZ,1,139.0,,238.1,,4.7914
nc73683116,NC,MMP,,EHZ,1,135.0,,238.7,,5.5264
nc73683116,NC,MLC,,EHZ,-1,133.0,,116.2,,5.89
nc73683116,NC,MCS,,EHZ,-1,129.0,,70.6,,6.4927
nc73683116,NC,MDH,,HNZ,1,124.0,,49.9,,7.6424
nc73683116,NC,MDH1,1.0,DP1,-1,124.0,,49.9,,7.6424
nc73683116,NC,MINS,,HHZ,1,123.0,,285.1,,7.837
nc73683116,NC,MDPB,,HHZ,-1,117.0,,267.8,,9.2047
nc73683116,NC,MDC,2.0,EHZ,1,114.0,,324.6,,10.1221
nc73683116,NC,MDR,2.0,EHZ,-1,104.0,,88.7,,12.2982
nc73683116,NC,MCV,,EHZ,-1,103.0,,111.4,,13.8549
nc73683116,NC,MLH,,EHZ,1,102.0,,71.2,,14.9224
nc73683116,NC,MMT,,EHZ,1,90.0,,212.1,,34.0034
nc73683116,NC,MCO,,EHZ,-1,114.0,,100.5,,10.0754
nc73683116,NC,MEM,,EHZ,1,141.0,,42.5,,4.6101
nc73683116,NC,MGPB,,EHZ,-1,129.0,,99.3,,6.466
nc73683116,NC,MMLB,,HHZ,1,155.0,,352.5,,2.6409
nc73683126,NC,MEM,,EHZ,1,145.0,,44.1,,4.2899
nc73683126,NC,MQ1P,,EHZ,1,139.0,,235.9,,5.0727
nc73683126,NC,MLC,,EHZ,-1,135.0,,119.5,,5.92
nc73683126,NC,MGPB,,EHZ,-1,132.0,,102.3,,6.3948
nc73683126,NC,MDH1,,DP1,-1,127.0,,51.1,,7.3411
nc73683126,NC,MDC,2.0,EHZ,1,117.0,,322.9,,9.9475
nc73683156,NC,MLC,,EHZ,-1,123.0,,0.5,,13.1321
nc73683156,NC,MCO,,EHZ,-1,121.0,,18.8,,14.6777
nc73683156,NC,MGPB,,EHZ,-1,121.0,,4.7,,14.7333
nc73683156,NC,MQ1P,,EHZ,1,119.0,,325.1,,16.1233
nc73683156,NC,MDPB,,HHZ,1,112.0,,317.1,,21.0381
nc73683156,NC,MINS,,HHZ,-1,110.0,,324.5,,21.8498
nc73683161,NC,MCV,,EHZ,-1,107.0,,17.3,,9.0946
nc73683161,NC,MCO,,EHZ,-1,97.0,,358.7,,11.8979
nc73683161,NC,MLC,,EHZ,-1,94.0,,336.3,,12.1647
nc73683161,NC,MGPB,,EHZ,-1,94.0,,343.4,,13.2433
nc73683161,NC,MCS,,EHZ,-1,94.0,,345.7,,16.3901
nc73683161,NC,MQ1P,,EHZ,1,85.0,,308.3,,18.147
nc73683161,NC,MEM,,EHZ,-1,85.0,,337.7,,18.514
nc73683161,NC,MLH,,EHZ,-1,85.0,,12.0,,18.9254
nc73683161,NC,MDH,,HNZ,1,85.0,,347.0,,19.1366
nc73683161,NC,MDH1,1.0,DP1,1,85.0,,347.0,,19.1366
nc73683161,NC,MDPB,,HHZ,1,83.0,,304.8,,23.5511
nc73683161,NC,MINS,,HHZ,-1,83.0,,311.8,,23.7401
nc73683161,NC,MDC,2.0,EHZ,-1,80.0,,324.0,,27.2205
